barcode	chromosome	start	stop	num.mark	seg.mean
TCGA-DU-8164-10A-01D-2252-01	1	61735	17005978	8774	0.0119
TCGA-DU-8164-10A-01D-2252-01	1	17011450	17114712	55	-0.5198
TCGA-DU-8164-10A-01D-2252-01	1	17177045	25583291	5338	0.0058
TCGA-DU-8164-10A-01D-2252-01	1	25583341	25661501	30	0.6333
TCGA-DU-8164-10A-01D-2252-01	1	25662005	35091674	4971	-0.001
TCGA-DU-8164-10A-01D-2252-01	1	35102654	35104491	20	-0.5961
TCGA-DU-8164-10A-01D-2252-01	1	35114268	47502335	6837	0.0063
TCGA-DU-8164-10A-01D-2252-01	1	47502483	47503322	2	-1.2917
TCGA-DU-8164-10A-01D-2252-01	1	47503675	72750353	17027	-5e-04
TCGA-DU-8164-10A-01D-2252-01	1	72756113	72763370	9	-0.9599
TCGA-DU-8164-10A-01D-2252-01	1	72768418	72811148	48	1.221
TCGA-DU-8164-10A-01D-2252-01	1	72811904	81888456	5791	0.0053
TCGA-DU-8164-10A-01D-2252-01	1	81888602	81888605	2	2.0294
TCGA-DU-8164-10A-01D-2252-01	1	81888667	83740524	1272	-0.0034
TCGA-DU-8164-10A-01D-2252-01	1	83740658	83741510	2	-1.416
TCGA-DU-8164-10A-01D-2252-01	1	83742717	104159384	13029	0.0041
TCGA-DU-8164-10A-01D-2252-01	1	104163499	104225568	14	-1.0444
TCGA-DU-8164-10A-01D-2252-01	1	104239689	104259444	9	-0.6572
TCGA-DU-8164-10A-01D-2252-01	1	104260032	104303403	5	-0.3785
TCGA-DU-8164-10A-01D-2252-01	1	104303501	105622533	700	0.0063
TCGA-DU-8164-10A-01D-2252-01	1	105622940	105623553	2	1.4995
TCGA-DU-8164-10A-01D-2252-01	1	105626818	108289354	1848	-0.0046
TCGA-DU-8164-10A-01D-2252-01	1	108291686	108293899	3	1.0023
TCGA-DU-8164-10A-01D-2252-01	1	108294275	110192766	1030	0.0256
TCGA-DU-8164-10A-01D-2252-01	1	110197201	110227515	25	-0.2567
TCGA-DU-8164-10A-01D-2252-01	1	110232974	110240178	17	-0.9431
TCGA-DU-8164-10A-01D-2252-01	1	110242953	174796405	25154	0.0034
TCGA-DU-8164-10A-01D-2252-01	1	174796556	174797333	7	-1.0283
TCGA-DU-8164-10A-01D-2252-01	1	174797385	189997739	10247	0.007
TCGA-DU-8164-10A-01D-2252-01	1	189997930	190055752	46	-0.867
TCGA-DU-8164-10A-01D-2252-01	1	190056555	196731035	4386	-1e-04
TCGA-DU-8164-10A-01D-2252-01	1	196731610	196732086	2	-1.9082
TCGA-DU-8164-10A-01D-2252-01	1	196738623	196788986	45	0.2098
TCGA-DU-8164-10A-01D-2252-01	1	196788992	196823317	49	-0.3541
TCGA-DU-8164-10A-01D-2252-01	1	196823613	196901753	61	-1.0184
TCGA-DU-8164-10A-01D-2252-01	1	196905159	215855994	12659	0.0017
TCGA-DU-8164-10A-01D-2252-01	1	215858193	215862105	14	-1.0273
TCGA-DU-8164-10A-01D-2252-01	1	215866009	249224388	23237	0.008
TCGA-DU-8164-10A-01D-2252-01	10	72759	2072415	1476	0.0168
TCGA-DU-8164-10A-01D-2252-01	10	2072581	2072753	3	-2.0817
TCGA-DU-8164-10A-01D-2252-01	10	2073407	2782317	679	-0.005
TCGA-DU-8164-10A-01D-2252-01	10	2782359	2784930	10	0.4268
TCGA-DU-8164-10A-01D-2252-01	10	2784947	2848009	85	0.0549
TCGA-DU-8164-10A-01D-2252-01	10	2849271	2849336	2	1.3787
TCGA-DU-8164-10A-01D-2252-01	10	2849459	2952837	85	0.0874
TCGA-DU-8164-10A-01D-2252-01	10	2953047	2958181	2	1.5805
TCGA-DU-8164-10A-01D-2252-01	10	2959731	18083562	12553	0.0062
TCGA-DU-8164-10A-01D-2252-01	10	18106443	18128247	3	-1.5062
TCGA-DU-8164-10A-01D-2252-01	10	18136748	24377674	4352	-6e-04
TCGA-DU-8164-10A-01D-2252-01	10	24377675	24377682	6	-1.7593
TCGA-DU-8164-10A-01D-2252-01	10	24377918	47037567	12414	0.0058
TCGA-DU-8164-10A-01D-2252-01	10	47041466	47059673	22	0.5147
TCGA-DU-8164-10A-01D-2252-01	10	47059746	47897394	272	0.0322
TCGA-DU-8164-10A-01D-2252-01	10	47912899	47948060	3	-1.7481
TCGA-DU-8164-10A-01D-2252-01	10	47960476	49241492	309	0.0082
TCGA-DU-8164-10A-01D-2252-01	10	49270823	49287591	3	-2.7289
TCGA-DU-8164-10A-01D-2252-01	10	49287603	57587929	5723	0.0051
TCGA-DU-8164-10A-01D-2252-01	10	57588292	57590768	2	1.5831
TCGA-DU-8164-10A-01D-2252-01	10	57593097	67306276	6762	-0.0049
TCGA-DU-8164-10A-01D-2252-01	10	67307923	67314430	27	-1.7132
TCGA-DU-8164-10A-01D-2252-01	10	67314446	78252851	6806	0.0045
TCGA-DU-8164-10A-01D-2252-01	10	78257061	78257610	2	2.1123
TCGA-DU-8164-10A-01D-2252-01	10	78261267	135506704	39534	0.0025
TCGA-DU-8164-10A-01D-2252-01	11	198510	4970243	2481	0.0037
TCGA-DU-8164-10A-01D-2252-01	11	4970277	4976272	28	-1.5614
TCGA-DU-8164-10A-01D-2252-01	11	4976334	4977082	14	-0.4227
TCGA-DU-8164-10A-01D-2252-01	11	4978382	5778523	774	0.0145
TCGA-DU-8164-10A-01D-2252-01	11	5782925	5787405	9	-0.2678
TCGA-DU-8164-10A-01D-2252-01	11	5788080	5809338	33	0.4159
TCGA-DU-8164-10A-01D-2252-01	11	5809461	18940093	9425	0.0027
TCGA-DU-8164-10A-01D-2252-01	11	18940322	18951931	20	0.4712
TCGA-DU-8164-10A-01D-2252-01	11	18952192	18952611	5	1.1503
TCGA-DU-8164-10A-01D-2252-01	11	18952811	18953128	6	0.43
TCGA-DU-8164-10A-01D-2252-01	11	18954808	18960750	9	0.8441
TCGA-DU-8164-10A-01D-2252-01	11	18961065	18961922	18	0.3775
TCGA-DU-8164-10A-01D-2252-01	11	18961935	25219111	4965	-0.0027
TCGA-DU-8164-10A-01D-2252-01	11	25219145	25221012	2	1.4463
TCGA-DU-8164-10A-01D-2252-01	11	25224253	30641221	3673	0.0061
TCGA-DU-8164-10A-01D-2252-01	11	30644424	30644628	2	-1.4403
TCGA-DU-8164-10A-01D-2252-01	11	30645880	31393294	456	0.0079
TCGA-DU-8164-10A-01D-2252-01	11	31394268	31397080	2	-3.078
TCGA-DU-8164-10A-01D-2252-01	11	31398207	55374188	12760	0.0056
TCGA-DU-8164-10A-01D-2252-01	11	55374203	55442318	45	-0.5751
TCGA-DU-8164-10A-01D-2252-01	11	55444211	81512409	14641	0.0053
TCGA-DU-8164-10A-01D-2252-01	11	81515327	81517158	5	-1.0128
TCGA-DU-8164-10A-01D-2252-01	11	81522632	133817472	36973	0.0029
TCGA-DU-8164-10A-01D-2252-01	11	133817656	133818097	2	1.6078
TCGA-DU-8164-10A-01D-2252-01	11	133819442	134944770	840	0.0481
TCGA-DU-8164-10A-01D-2252-01	12	150442	33294660	22882	0.01
TCGA-DU-8164-10A-01D-2252-01	12	33301406	33307374	26	-0.536
TCGA-DU-8164-10A-01D-2252-01	12	33308360	73242116	22371	0.0079
TCGA-DU-8164-10A-01D-2252-01	12	73245404	73245405	2	2.0841
TCGA-DU-8164-10A-01D-2252-01	12	73253192	84163187	6931	0.0081
TCGA-DU-8164-10A-01D-2252-01	12	84163290	84163348	2	-1.6777
TCGA-DU-8164-10A-01D-2252-01	12	84165241	99791814	10097	-6e-04
TCGA-DU-8164-10A-01D-2252-01	12	99795293	99798734	31	-1.5581
TCGA-DU-8164-10A-01D-2252-01	12	99803093	99994338	128	-1e-04
TCGA-DU-8164-10A-01D-2252-01	12	99995706	100008321	12	-1.0728
TCGA-DU-8164-10A-01D-2252-01	12	100012691	127125380	17660	0.003
TCGA-DU-8164-10A-01D-2252-01	12	127125744	127130492	2	1.5817
TCGA-DU-8164-10A-01D-2252-01	12	127131040	133778189	4976	0.0185
TCGA-DU-8164-10A-01D-2252-01	13	19026949	53094799	23508	0.0035
TCGA-DU-8164-10A-01D-2252-01	13	53097984	53105785	3	-1.4235
TCGA-DU-8164-10A-01D-2252-01	13	53117879	57766799	2648	0.0075
TCGA-DU-8164-10A-01D-2252-01	13	57766821	57775076	8	0.7431
TCGA-DU-8164-10A-01D-2252-01	13	57775100	64491382	3967	-0.0013
TCGA-DU-8164-10A-01D-2252-01	13	64491644	64501027	7	0.8804
TCGA-DU-8164-10A-01D-2252-01	13	64501042	72476988	5036	6e-04
TCGA-DU-8164-10A-01D-2252-01	13	72477555	72480556	4	-2.607
TCGA-DU-8164-10A-01D-2252-01	13	72480605	115108397	29170	0.0039
TCGA-DU-8164-10A-01D-2252-01	14	19002124	19170412	17	-0.1743
TCGA-DU-8164-10A-01D-2252-01	14	19171044	19329001	4	1.5278
TCGA-DU-8164-10A-01D-2252-01	14	19333712	24446717	2913	0.025
TCGA-DU-8164-10A-01D-2252-01	14	24451431	24453143	3	-1.6704
TCGA-DU-8164-10A-01D-2252-01	14	24453694	106751284	52359	0.0018
TCGA-DU-8164-10A-01D-2252-01	14	106753859	106753867	3	2.1185
TCGA-DU-8164-10A-01D-2252-01	14	106754003	106874361	55	-0.1409
TCGA-DU-8164-10A-01D-2252-01	14	106879831	106918057	48	0.3355
TCGA-DU-8164-10A-01D-2252-01	14	106918069	107160909	143	0.0195
TCGA-DU-8164-10A-01D-2252-01	14	107161100	107179847	15	-0.5981
TCGA-DU-8164-10A-01D-2252-01	14	107184184	107285437	69	0.0623
TCGA-DU-8164-10A-01D-2252-01	15	20016328	20468564	71	0.0121
TCGA-DU-8164-10A-01D-2252-01	15	20472851	22586960	350	-0.4231
TCGA-DU-8164-10A-01D-2252-01	15	22587474	24554223	965	0.0218
TCGA-DU-8164-10A-01D-2252-01	15	24556674	24669745	41	0.3808
TCGA-DU-8164-10A-01D-2252-01	15	24674751	24718173	39	-0.3986
TCGA-DU-8164-10A-01D-2252-01	15	24718596	24778891	26	0.5709
TCGA-DU-8164-10A-01D-2252-01	15	24782267	30764627	3706	0.0157
TCGA-DU-8164-10A-01D-2252-01	15	30775994	30966896	32	0.423
TCGA-DU-8164-10A-01D-2252-01	15	30970761	43914749	8364	0.0052
TCGA-DU-8164-10A-01D-2252-01	15	43929351	43995888	20	-1.145
TCGA-DU-8164-10A-01D-2252-01	15	44012040	47519119	1916	0.0023
TCGA-DU-8164-10A-01D-2252-01	15	47519545	47519554	2	1.7457
TCGA-DU-8164-10A-01D-2252-01	15	47525661	102469040	36549	0.0054
TCGA-DU-8164-10A-01D-2252-01	16	60777	1901629	658	0.0187
TCGA-DU-8164-10A-01D-2252-01	16	1901809	1904615	10	-1.285
TCGA-DU-8164-10A-01D-2252-01	16	1905763	34459037	19887	0.0128
TCGA-DU-8164-10A-01D-2252-01	16	34459527	34757071	172	0.4503
TCGA-DU-8164-10A-01D-2252-01	16	34760967	55796594	6614	0.0071
TCGA-DU-8164-10A-01D-2252-01	16	55798222	55822444	18	1.0458
TCGA-DU-8164-10A-01D-2252-01	16	55829557	61652149	3634	0.0017
TCGA-DU-8164-10A-01D-2252-01	16	61653251	61670791	8	-0.558
TCGA-DU-8164-10A-01D-2252-01	16	61681922	64095494	1618	-1e-04
TCGA-DU-8164-10A-01D-2252-01	16	64095813	64097381	5	0.9375
TCGA-DU-8164-10A-01D-2252-01	16	64097383	88637783	19168	0.0092
TCGA-DU-8164-10A-01D-2252-01	16	88637796	88645817	4	1.3741
TCGA-DU-8164-10A-01D-2252-01	16	88646133	90287535	666	0.0688
TCGA-DU-8164-10A-01D-2252-01	17	526	665044	337	0.052
TCGA-DU-8164-10A-01D-2252-01	17	667243	667377	2	1.7693
TCGA-DU-8164-10A-01D-2252-01	17	678491	7258027	3765	0.0112
TCGA-DU-8164-10A-01D-2252-01	17	7265349	7265806	2	-1.7785
TCGA-DU-8164-10A-01D-2252-01	17	7266476	32314745	12772	0.0042
TCGA-DU-8164-10A-01D-2252-01	17	32315065	32329693	17	0.4493
TCGA-DU-8164-10A-01D-2252-01	17	32332686	34436267	1506	0.0208
TCGA-DU-8164-10A-01D-2252-01	17	34436532	34528125	40	0.4919
TCGA-DU-8164-10A-01D-2252-01	17	34535651	39239467	2439	0.0053
TCGA-DU-8164-10A-01D-2252-01	17	39241489	39257244	7	-1.4428
TCGA-DU-8164-10A-01D-2252-01	17	39259423	44505241	2771	0.0142
TCGA-DU-8164-10A-01D-2252-01	17	44523711	44523726	2	2.219
TCGA-DU-8164-10A-01D-2252-01	17	44546329	44784678	36	0.3254
TCGA-DU-8164-10A-01D-2252-01	17	44784982	78628863	20658	0.0038
TCGA-DU-8164-10A-01D-2252-01	17	78629793	78634179	2	2.4609
TCGA-DU-8164-10A-01D-2252-01	17	78634300	81049726	962	0.0332
TCGA-DU-8164-10A-01D-2252-01	18	11543	12226368	8914	0.0095
TCGA-DU-8164-10A-01D-2252-01	18	12228772	12238863	2	1.3563
TCGA-DU-8164-10A-01D-2252-01	18	12244140	26193428	6205	-0.0025
TCGA-DU-8164-10A-01D-2252-01	18	26193536	26195767	2	-1.5963
TCGA-DU-8164-10A-01D-2252-01	18	26195995	57917941	21194	0.0041
TCGA-DU-8164-10A-01D-2252-01	18	57918035	57918351	7	0.7168
TCGA-DU-8164-10A-01D-2252-01	18	57922111	62210898	3026	0.0026
TCGA-DU-8164-10A-01D-2252-01	18	62211626	62211946	2	-1.8691
TCGA-DU-8164-10A-01D-2252-01	18	62217416	63908092	1200	0.0077
TCGA-DU-8164-10A-01D-2252-01	18	63908561	63911589	7	-0.9674
TCGA-DU-8164-10A-01D-2252-01	18	63911876	76660693	9572	0.013
TCGA-DU-8164-10A-01D-2252-01	18	76662714	76670843	8	-0.8317
TCGA-DU-8164-10A-01D-2252-01	18	76670898	78015057	702	0.0375
TCGA-DU-8164-10A-01D-2252-01	19	90910	468402	104	0.0603
TCGA-DU-8164-10A-01D-2252-01	19	475716	516363	13	0.6013
TCGA-DU-8164-10A-01D-2252-01	19	521281	5506659	1480	0.0079
TCGA-DU-8164-10A-01D-2252-01	19	5510239	5510580	2	-2.4576
TCGA-DU-8164-10A-01D-2252-01	19	5510653	35849322	15230	0.0041
TCGA-DU-8164-10A-01D-2252-01	19	35849493	35861848	22	-1.3597
TCGA-DU-8164-10A-01D-2252-01	19	35866744	36845875	443	-0.003
TCGA-DU-8164-10A-01D-2252-01	19	36846150	36847498	10	-0.6614
TCGA-DU-8164-10A-01D-2252-01	19	36847637	43290773	3280	-0.0051
TCGA-DU-8164-10A-01D-2252-01	19	43294390	43537378	114	-0.8933
TCGA-DU-8164-10A-01D-2252-01	19	43538778	59097854	8666	0.0108
TCGA-DU-8164-10A-01D-2252-01	2	12784	213369618	131176	0.0045
TCGA-DU-8164-10A-01D-2252-01	2	213370362	213370702	2	-2.9604
TCGA-DU-8164-10A-01D-2252-01	2	213372988	243089456	18955	0.0026
TCGA-DU-8164-10A-01D-2252-01	20	61305	1560999	1206	0.0302
TCGA-DU-8164-10A-01D-2252-01	20	1561580	1582207	36	1.6079
TCGA-DU-8164-10A-01D-2252-01	20	1590257	7793487	4633	0.0123
TCGA-DU-8164-10A-01D-2252-01	20	7793691	7794051	3	1.2743
TCGA-DU-8164-10A-01D-2252-01	20	7794075	62956153	36640	0.0063
TCGA-DU-8164-10A-01D-2252-01	21	10736871	48096957	24426	0.003
TCGA-DU-8164-10A-01D-2252-01	22	16052528	16206211	23	-0.3802
TCGA-DU-8164-10A-01D-2252-01	22	16222695	24344422	4602	0.0223
TCGA-DU-8164-10A-01D-2252-01	22	24350529	24396814	19	-1.6757
TCGA-DU-8164-10A-01D-2252-01	22	24401529	51234455	18929	0.0028
TCGA-DU-8164-10A-01D-2252-01	3	60345	2968640	2555	0.0334
TCGA-DU-8164-10A-01D-2252-01	3	2969059	2973039	5	-1.4676
TCGA-DU-8164-10A-01D-2252-01	3	2975082	26426191	17392	0.0078
TCGA-DU-8164-10A-01D-2252-01	3	26434124	26439343	5	-0.8872
TCGA-DU-8164-10A-01D-2252-01	3	26445973	98937784	43902	0.0038
TCGA-DU-8164-10A-01D-2252-01	3	98944458	98949056	27	-0.5867
TCGA-DU-8164-10A-01D-2252-01	3	98949069	136019099	22858	0.0069
TCGA-DU-8164-10A-01D-2252-01	3	136022951	136025426	2	-2.968
TCGA-DU-8164-10A-01D-2252-01	3	136038541	148962976	7884	0.0043
TCGA-DU-8164-10A-01D-2252-01	3	148963395	148968121	25	-0.8067
TCGA-DU-8164-10A-01D-2252-01	3	148971080	195409946	29135	0.0041
TCGA-DU-8164-10A-01D-2252-01	3	195412212	195474763	42	0.5191
TCGA-DU-8164-10A-01D-2252-01	3	195478694	197895985	1171	0.0236
TCGA-DU-8164-10A-01D-2252-01	3	197896002	197896118	3	-0.9618
TCGA-DU-8164-10A-01D-2252-01	4	12281	10210390	5806	0.0033
TCGA-DU-8164-10A-01D-2252-01	4	10223416	10235268	35	0.7133
TCGA-DU-8164-10A-01D-2252-01	4	10236142	31213459	14877	0.0039
TCGA-DU-8164-10A-01D-2252-01	4	31213933	31214413	3	-1.4885
TCGA-DU-8164-10A-01D-2252-01	4	31216639	34779054	2121	-7e-04
TCGA-DU-8164-10A-01D-2252-01	4	34786500	34829928	41	-0.4102
TCGA-DU-8164-10A-01D-2252-01	4	34829949	40160534	3544	0.0053
TCGA-DU-8164-10A-01D-2252-01	4	40161772	40162868	3	-1.9763
TCGA-DU-8164-10A-01D-2252-01	4	40162971	44170665	2582	0.0101
TCGA-DU-8164-10A-01D-2252-01	4	44173473	44186827	9	-0.6143
TCGA-DU-8164-10A-01D-2252-01	4	44189495	61327312	8554	3e-04
TCGA-DU-8164-10A-01D-2252-01	4	61329994	61331617	2	1.2989
TCGA-DU-8164-10A-01D-2252-01	4	61335564	61936938	398	0.0146
TCGA-DU-8164-10A-01D-2252-01	4	61940935	61945686	3	-1.1747
TCGA-DU-8164-10A-01D-2252-01	4	61946212	64693940	1502	-0.0014
TCGA-DU-8164-10A-01D-2252-01	4	64697469	64717026	31	0.3549
TCGA-DU-8164-10A-01D-2252-01	4	64718043	69212526	2844	-0.007
TCGA-DU-8164-10A-01D-2252-01	4	69214926	69284591	18	0.2756
TCGA-DU-8164-10A-01D-2252-01	4	69288138	69288140	2	-2.1418
TCGA-DU-8164-10A-01D-2252-01	4	69288142	70123510	410	-0.0024
TCGA-DU-8164-10A-01D-2252-01	4	70127644	70239989	60	0.3294
TCGA-DU-8164-10A-01D-2252-01	4	70242029	70389716	106	2e-04
TCGA-DU-8164-10A-01D-2252-01	4	70389861	70390779	2	-2.5284
TCGA-DU-8164-10A-01D-2252-01	4	70391888	104745571	20944	-8e-04
TCGA-DU-8164-10A-01D-2252-01	4	104751630	104751637	5	1.6064
TCGA-DU-8164-10A-01D-2252-01	4	104751644	115184229	6342	0.0011
TCGA-DU-8164-10A-01D-2252-01	4	115184252	115184266	2	1.6543
TCGA-DU-8164-10A-01D-2252-01	4	115184310	116175254	621	-0.0023
TCGA-DU-8164-10A-01D-2252-01	4	116175308	116175836	6	0.7544
TCGA-DU-8164-10A-01D-2252-01	4	116175864	137942909	12539	0.0028
TCGA-DU-8164-10A-01D-2252-01	4	137943042	137943055	3	-1.8384
TCGA-DU-8164-10A-01D-2252-01	4	137946369	172987928	21988	0.002
TCGA-DU-8164-10A-01D-2252-01	4	172989148	173000821	16	0.7731
TCGA-DU-8164-10A-01D-2252-01	4	173001831	189221258	10951	0.0095
TCGA-DU-8164-10A-01D-2252-01	4	189221360	189222813	5	1.2947
TCGA-DU-8164-10A-01D-2252-01	4	189223053	190195118	786	0.0335
TCGA-DU-8164-10A-01D-2252-01	4	190195622	190199264	3	-3.1304
TCGA-DU-8164-10A-01D-2252-01	4	190199771	191027923	385	0.0015
TCGA-DU-8164-10A-01D-2252-01	5	15532	12785262	10222	0.0064
TCGA-DU-8164-10A-01D-2252-01	5	12790869	12838533	18	0.8277
TCGA-DU-8164-10A-01D-2252-01	5	12849201	19459021	4385	0.0065
TCGA-DU-8164-10A-01D-2252-01	5	19459263	19459627	2	-1.6721
TCGA-DU-8164-10A-01D-2252-01	5	19462271	37909988	11476	-7e-04
TCGA-DU-8164-10A-01D-2252-01	5	37910711	37926648	17	-1.0386
TCGA-DU-8164-10A-01D-2252-01	5	37927454	45916048	4640	0.0039
TCGA-DU-8164-10A-01D-2252-01	5	45921139	45953700	7	0.9143
TCGA-DU-8164-10A-01D-2252-01	5	45962096	46271930	59	0.097
TCGA-DU-8164-10A-01D-2252-01	5	46272521	46273502	5	-2.1678
TCGA-DU-8164-10A-01D-2252-01	5	46278212	68846303	12421	0.0035
TCGA-DU-8164-10A-01D-2252-01	5	68867294	69074977	2	1.5963
TCGA-DU-8164-10A-01D-2252-01	5	69074991	75450020	3158	-1e-04
TCGA-DU-8164-10A-01D-2252-01	5	75450067	75450144	3	1.5156
TCGA-DU-8164-10A-01D-2252-01	5	75450176	81418763	3759	0.0053
TCGA-DU-8164-10A-01D-2252-01	5	81419278	81451312	11	-0.501
TCGA-DU-8164-10A-01D-2252-01	5	81451528	97045121	8715	-9e-04
TCGA-DU-8164-10A-01D-2252-01	5	97048466	97099320	43	-1.0985
TCGA-DU-8164-10A-01D-2252-01	5	97099684	114471070	11069	0.009
TCGA-DU-8164-10A-01D-2252-01	5	114471454	114471555	2	1.484
TCGA-DU-8164-10A-01D-2252-01	5	114476386	143391291	18141	0.0041
TCGA-DU-8164-10A-01D-2252-01	5	143396282	143404271	7	-1.0863
TCGA-DU-8164-10A-01D-2252-01	5	143404451	155476998	8172	0.0063
TCGA-DU-8164-10A-01D-2252-01	5	155478762	155482729	11	-0.6153
TCGA-DU-8164-10A-01D-2252-01	5	155495250	157939517	1700	0.0093
TCGA-DU-8164-10A-01D-2252-01	5	157942072	157942696	2	-1.737
TCGA-DU-8164-10A-01D-2252-01	5	157945180	171532597	9492	0.0024
TCGA-DU-8164-10A-01D-2252-01	5	171532887	171533782	2	1.3669
TCGA-DU-8164-10A-01D-2252-01	5	171536673	177227551	3641	0.0047
TCGA-DU-8164-10A-01D-2252-01	5	177228579	177232605	2	1.8689
TCGA-DU-8164-10A-01D-2252-01	5	177254965	180374484	1813	-0.0028
TCGA-DU-8164-10A-01D-2252-01	5	180374523	180418103	20	-0.52
TCGA-DU-8164-10A-01D-2252-01	5	180433225	180790320	171	0.0381
TCGA-DU-8164-10A-01D-2252-01	6	149661	303017	126	-0.0092
TCGA-DU-8164-10A-01D-2252-01	6	314962	375277	69	-0.2616
TCGA-DU-8164-10A-01D-2252-01	6	375759	3151331	2301	0.0123
TCGA-DU-8164-10A-01D-2252-01	6	3165118	3223513	34	0.581
TCGA-DU-8164-10A-01D-2252-01	6	3231018	15483894	9561	0.0076
TCGA-DU-8164-10A-01D-2252-01	6	15484733	15484746	2	-1.3536
TCGA-DU-8164-10A-01D-2252-01	6	15485378	26737032	8200	0.0046
TCGA-DU-8164-10A-01D-2252-01	6	26737438	26783667	27	0.3528
TCGA-DU-8164-10A-01D-2252-01	6	26798155	29837188	1438	0.0126
TCGA-DU-8164-10A-01D-2252-01	6	29837314	29850196	15	-0.9851
TCGA-DU-8164-10A-01D-2252-01	6	29850274	32587457	1239	0.0413
TCGA-DU-8164-10A-01D-2252-01	6	32593021	32602107	7	-1.3849
TCGA-DU-8164-10A-01D-2252-01	6	32602269	33938743	824	0.0047
TCGA-DU-8164-10A-01D-2252-01	6	33942011	33942705	6	-0.9907
TCGA-DU-8164-10A-01D-2252-01	6	33944586	65336942	17303	0.006
TCGA-DU-8164-10A-01D-2252-01	6	65347544	65348992	2	-2.6001
TCGA-DU-8164-10A-01D-2252-01	6	65350776	67038046	1140	0.0035
TCGA-DU-8164-10A-01D-2252-01	6	67040913	67043192	7	-2.3726
TCGA-DU-8164-10A-01D-2252-01	6	67043235	67778527	641	0.0096
TCGA-DU-8164-10A-01D-2252-01	6	67785664	67785737	2	1.2328
TCGA-DU-8164-10A-01D-2252-01	6	67785931	69653759	1205	-0.0135
TCGA-DU-8164-10A-01D-2252-01	6	69657055	69661241	2	1.4691
TCGA-DU-8164-10A-01D-2252-01	6	69662367	72319022	1705	0.0082
TCGA-DU-8164-10A-01D-2252-01	6	72319514	72321359	2	1.9967
TCGA-DU-8164-10A-01D-2252-01	6	72323643	74591858	1464	0.0025
TCGA-DU-8164-10A-01D-2252-01	6	74592225	74601410	10	0.9577
TCGA-DU-8164-10A-01D-2252-01	6	74603555	77027781	1505	0.0225
TCGA-DU-8164-10A-01D-2252-01	6	77032953	77033209	3	1.1202
TCGA-DU-8164-10A-01D-2252-01	6	77033384	77429730	260	0.0186
TCGA-DU-8164-10A-01D-2252-01	6	77436159	77452446	19	0.4159
TCGA-DU-8164-10A-01D-2252-01	6	77452641	78413571	641	0.0055
TCGA-DU-8164-10A-01D-2252-01	6	78419457	78422359	4	-1.0939
TCGA-DU-8164-10A-01D-2252-01	6	78426639	78971781	344	0.0075
TCGA-DU-8164-10A-01D-2252-01	6	78971802	79024525	85	0.3254
TCGA-DU-8164-10A-01D-2252-01	6	79024633	80996751	1253	0.0063
TCGA-DU-8164-10A-01D-2252-01	6	80997653	80997900	2	-1.315
TCGA-DU-8164-10A-01D-2252-01	6	81000213	94652407	8787	0.0053
TCGA-DU-8164-10A-01D-2252-01	6	94652540	94657564	2	-1.5878
TCGA-DU-8164-10A-01D-2252-01	6	94659532	103747453	5488	0.0077
TCGA-DU-8164-10A-01D-2252-01	6	103747471	103754250	17	0.5149
TCGA-DU-8164-10A-01D-2252-01	6	103754572	110394906	4253	0.0039
TCGA-DU-8164-10A-01D-2252-01	6	110396191	110413237	18	-0.9772
TCGA-DU-8164-10A-01D-2252-01	6	110415428	157779495	30579	0.0053
TCGA-DU-8164-10A-01D-2252-01	6	157781264	157796076	3	1.1851
TCGA-DU-8164-10A-01D-2252-01	6	157796994	171051005	9440	0.0115
TCGA-DU-8164-10A-01D-2252-01	7	43355	15431632	10424	0.0083
TCGA-DU-8164-10A-01D-2252-01	7	15431670	15433289	2	-1.8961
TCGA-DU-8164-10A-01D-2252-01	7	15434065	31960374	12634	0.0022
TCGA-DU-8164-10A-01D-2252-01	7	31962380	31994125	23	-0.9386
TCGA-DU-8164-10A-01D-2252-01	7	32001658	38357323	4475	0.0071
TCGA-DU-8164-10A-01D-2252-01	7	38358227	38358728	3	1.1702
TCGA-DU-8164-10A-01D-2252-01	7	38358956	38387443	15	-0.0766
TCGA-DU-8164-10A-01D-2252-01	7	38391365	38396476	4	-0.9814
TCGA-DU-8164-10A-01D-2252-01	7	38400957	54380373	11016	0.0073
TCGA-DU-8164-10A-01D-2252-01	7	54386505	54386517	6	-2.0581
TCGA-DU-8164-10A-01D-2252-01	7	54393488	70420438	6298	0.0072
TCGA-DU-8164-10A-01D-2252-01	7	70423250	70426141	2	-2.2759
TCGA-DU-8164-10A-01D-2252-01	7	70428243	86932765	9245	0.0011
TCGA-DU-8164-10A-01D-2252-01	7	86940803	86946888	3	-1.4355
TCGA-DU-8164-10A-01D-2252-01	7	86948227	88849006	1157	0
TCGA-DU-8164-10A-01D-2252-01	7	88850695	88851072	3	0.9202
TCGA-DU-8164-10A-01D-2252-01	7	88851492	91208142	1600	-0.0031
TCGA-DU-8164-10A-01D-2252-01	7	91218884	91219132	3	-1.2358
TCGA-DU-8164-10A-01D-2252-01	7	91225032	97401932	3865	0.0047
TCGA-DU-8164-10A-01D-2252-01	7	97401959	97402227	5	-0.7524
TCGA-DU-8164-10A-01D-2252-01	7	97402288	103104264	2427	0.0073
TCGA-DU-8164-10A-01D-2252-01	7	103115206	103115440	2	1.2802
TCGA-DU-8164-10A-01D-2252-01	7	103115642	109430050	4207	-0.001
TCGA-DU-8164-10A-01D-2252-01	7	109433747	109441244	29	-0.5028
TCGA-DU-8164-10A-01D-2252-01	7	109441629	109453910	10	-2.0021
TCGA-DU-8164-10A-01D-2252-01	7	109453982	126046543	10052	0.0022
TCGA-DU-8164-10A-01D-2252-01	7	126046600	126046615	2	1.4824
TCGA-DU-8164-10A-01D-2252-01	7	126046876	133785177	4707	0.0036
TCGA-DU-8164-10A-01D-2252-01	7	133785195	133795841	29	0.6007
TCGA-DU-8164-10A-01D-2252-01	7	133798053	143909445	6572	0.0081
TCGA-DU-8164-10A-01D-2252-01	7	143911624	144051231	38	-0.3315
TCGA-DU-8164-10A-01D-2252-01	7	144066947	159127004	9701	0.0125
TCGA-DU-8164-10A-01D-2252-01	8	31254	1367068	903	0.0369
TCGA-DU-8164-10A-01D-2252-01	8	1367362	1367602	3	-1.108
TCGA-DU-8164-10A-01D-2252-01	8	1367688	5593646	5186	0.0235
TCGA-DU-8164-10A-01D-2252-01	8	5593810	5607156	35	0.3864
TCGA-DU-8164-10A-01D-2252-01	8	5607214	7335073	1772	0.0247
TCGA-DU-8164-10A-01D-2252-01	8	7339835	7403452	42	0.32
TCGA-DU-8164-10A-01D-2252-01	8	7456024	7746368	34	0.011
TCGA-DU-8164-10A-01D-2252-01	8	7747134	7747699	2	-1.3297
TCGA-DU-8164-10A-01D-2252-01	8	7752048	11883257	3322	0.0282
TCGA-DU-8164-10A-01D-2252-01	8	11893228	11949551	4	-0.822
TCGA-DU-8164-10A-01D-2252-01	8	11987726	12001123	6	1.0378
TCGA-DU-8164-10A-01D-2252-01	8	12034307	12216009	10	-0.1697
TCGA-DU-8164-10A-01D-2252-01	8	12216848	12247486	39	-1.3071
TCGA-DU-8164-10A-01D-2252-01	8	12260927	14509568	2025	0.0049
TCGA-DU-8164-10A-01D-2252-01	8	14510032	14510074	3	-1.873
TCGA-DU-8164-10A-01D-2252-01	8	14510396	24972187	8467	0.0027
TCGA-DU-8164-10A-01D-2252-01	8	24974443	24984333	27	0.7921
TCGA-DU-8164-10A-01D-2252-01	8	24991104	39230659	9043	-0.0033
TCGA-DU-8164-10A-01D-2252-01	8	39235603	39386965	59	-2.2663
TCGA-DU-8164-10A-01D-2252-01	8	39388299	47046210	2640	0.007
TCGA-DU-8164-10A-01D-2252-01	8	47047727	47047853	2	-1.1688
TCGA-DU-8164-10A-01D-2252-01	8	47050234	64848636	11028	0.0051
TCGA-DU-8164-10A-01D-2252-01	8	64848897	64849510	7	0.7913
TCGA-DU-8164-10A-01D-2252-01	8	64849723	103620332	23184	0.0032
TCGA-DU-8164-10A-01D-2252-01	8	103625244	103631140	4	-0.9487
TCGA-DU-8164-10A-01D-2252-01	8	103633762	107248230	2147	-2e-04
TCGA-DU-8164-10A-01D-2252-01	8	107248746	107249433	2	1.7246
TCGA-DU-8164-10A-01D-2252-01	8	107249559	112294670	3070	0.0042
TCGA-DU-8164-10A-01D-2252-01	8	112295038	112295260	5	1.263
TCGA-DU-8164-10A-01D-2252-01	8	112300281	146298155	22943	0.0044
TCGA-DU-8164-10A-01D-2252-01	9	46587	246397	83	-0.0123
TCGA-DU-8164-10A-01D-2252-01	9	246702	246725	2	1.8359
TCGA-DU-8164-10A-01D-2252-01	9	249281	4020107	3993	0.0318
TCGA-DU-8164-10A-01D-2252-01	9	4020447	4021656	17	-0.4674
TCGA-DU-8164-10A-01D-2252-01	9	4021773	24500840	17187	0.0104
TCGA-DU-8164-10A-01D-2252-01	9	24503816	24517682	20	-0.8817
TCGA-DU-8164-10A-01D-2252-01	9	24519684	72028562	11486	0.0058
TCGA-DU-8164-10A-01D-2252-01	9	72028574	72049028	23	0.5715
TCGA-DU-8164-10A-01D-2252-01	9	72049604	141091394	47170	0.0013
TCGA-DU-8164-10A-01D-2252-01	X	168477	155182354	84545	0.0048
TCGA-DU-8164-10A-01D-2252-01	Y	2650438	59018259	8634	-0.9409
