barcode	chromosome	start	stop	num.mark	seg.mean
TCGA-FG-5964-01A-11D-1704-01	1	3208470	5890337	1839	-0.4335
TCGA-FG-5964-01A-11D-1704-01	1	5890636	5894042	2	-2.2494
TCGA-FG-5964-01A-11D-1704-01	1	5894605	14135098	3814	-0.4119
TCGA-FG-5964-01A-11D-1704-01	1	14135164	14140354	4	0.8714
TCGA-FG-5964-01A-11D-1704-01	1	14146790	15233308	907	-0.4275
TCGA-FG-5964-01A-11D-1704-01	1	15234943	15235131	2	-2.3532
TCGA-FG-5964-01A-11D-1704-01	1	15238827	23071206	4347	-0.4127
TCGA-FG-5964-01A-11D-1704-01	1	23071898	23071989	2	-2.5173
TCGA-FG-5964-01A-11D-1704-01	1	23072313	80821238	33031	-0.4108
TCGA-FG-5964-01A-11D-1704-01	1	80821393	81111445	149	-2.2243
TCGA-FG-5964-01A-11D-1704-01	1	81111506	120325425	23527	-0.4041
TCGA-FG-5964-01A-11D-1704-01	1	120325478	228518035	50018	0.0771
TCGA-FG-5964-01A-11D-1704-01	1	228518946	228519075	2	1.3626
TCGA-FG-5964-01A-11D-1704-01	1	228520220	245880329	11299	0.0741
TCGA-FG-5964-01A-11D-1704-01	10	405240	135075077	80836	0.0732
TCGA-FG-5964-01A-11D-1704-01	11	446120	100916612	55695	0.0755
TCGA-FG-5964-01A-11D-1704-01	11	100916799	100916821	2	-1.1727
TCGA-FG-5964-01A-11D-1704-01	11	100917203	133647740	21523	0.0657
TCGA-FG-5964-01A-11D-1704-01	12	760163	47306396	25014	0.0759
TCGA-FG-5964-01A-11D-1704-01	12	47307760	47308669	2	-2.1779
TCGA-FG-5964-01A-11D-1704-01	12	47309243	60580078	7183	0.0723
TCGA-FG-5964-01A-11D-1704-01	12	60580682	60581136	2	1.1068
TCGA-FG-5964-01A-11D-1704-01	12	60587264	131671419	41721	0.0753
TCGA-FG-5964-01A-11D-1704-01	13	18348806	114005560	56568	-0.396
TCGA-FG-5964-01A-11D-1704-01	14	19571208	101004500	47881	0.0785
TCGA-FG-5964-01A-11D-1704-01	14	101004515	101004673	2	-1.0921
TCGA-FG-5964-01A-11D-1704-01	14	101004827	103803734	1226	0.0671
TCGA-FG-5964-01A-11D-1704-01	14	103808982	103809142	2	0.9149
TCGA-FG-5964-01A-11D-1704-01	14	103810790	105059083	308	0.0284
TCGA-FG-5964-01A-11D-1704-01	15	21238778	99701830	44517	0.0722
TCGA-FG-5964-01A-11D-1704-01	16	593460	87907437	40841	0.0675
TCGA-FG-5964-01A-11D-1704-01	17	933971	78510305	36978	0.0708
TCGA-FG-5964-01A-11D-1704-01	18	319586	12907703	7361	0.0766
TCGA-FG-5964-01A-11D-1704-01	18	12908263	12915949	2	1.1601
TCGA-FG-5964-01A-11D-1704-01	18	12916278	75210228	35277	0.0804
TCGA-FG-5964-01A-11D-1704-01	19	235018	23844832	8970	0.076
TCGA-FG-5964-01A-11D-1704-01	19	32932334	63570038	14944	-0.409
TCGA-FG-5964-01A-11D-1704-01	2	474222	212539137	113228	0.0726
TCGA-FG-5964-01A-11D-1704-01	2	212545732	212623885	56	-0.7916
TCGA-FG-5964-01A-11D-1704-01	2	212635085	242124735	17949	0.0669
TCGA-FG-5964-01A-11D-1704-01	20	403764	52230088	30855	0.0661
TCGA-FG-5964-01A-11D-1704-01	20	52230378	52230860	3	-1.0827
TCGA-FG-5964-01A-11D-1704-01	20	52237899	61690281	6404	0.0623
TCGA-FG-5964-01A-11D-1704-01	21	14269492	46503202	20574	0.0787
TCGA-FG-5964-01A-11D-1704-01	22	15803930	47717016	16920	0.0661
TCGA-FG-5964-01A-11D-1704-01	3	526235	199023074	106350	0.0823
TCGA-FG-5964-01A-11D-1704-01	4	1043934	113141966	61891	-0.3988
TCGA-FG-5964-01A-11D-1704-01	4	113142233	113146871	5	-1.8483
TCGA-FG-5964-01A-11D-1704-01	4	113149068	189836143	40719	-0.3893
TCGA-FG-5964-01A-11D-1704-01	5	967233	180293075	100486	0.0847
TCGA-FG-5964-01A-11D-1704-01	6	959281	170602082	96356	0.0846
TCGA-FG-5964-01A-11D-1704-01	6	170603741	170604989	2	-0.9699
TCGA-FG-5964-01A-11D-1704-01	6	170608016	170745844	92	-2e-04
TCGA-FG-5964-01A-11D-1704-01	7	671810	158077879	81286	0.0812
TCGA-FG-5964-01A-11D-1704-01	8	607667	92305801	49841	0.075
TCGA-FG-5964-01A-11D-1704-01	8	92307267	137228311	27923	0.4163
TCGA-FG-5964-01A-11D-1704-01	8	137231308	137233823	2	-0.811
TCGA-FG-5964-01A-11D-1704-01	8	137234108	145297641	3735	0.413
TCGA-FG-5964-01A-11D-1704-01	8	145304381	145304484	3	0.0359
TCGA-FG-5964-01A-11D-1704-01	9	779932	15585603	8527	-0.411
TCGA-FG-5964-01A-11D-1704-01	9	15591566	15612568	9	-1.6883
TCGA-FG-5964-01A-11D-1704-01	9	15624618	26655697	7715	-0.4014
TCGA-FG-5964-01A-11D-1704-01	9	26656571	131767674	47699	0.0765
TCGA-FG-5964-01A-11D-1704-01	9	131768441	131774100	2	-1.1899
TCGA-FG-5964-01A-11D-1704-01	9	131775067	140058573	4011	0.0759
TCGA-FG-5964-01A-11D-1704-01	X	3167107	5920338	359	-0.0323
TCGA-FG-5964-01A-11D-1704-01	X	5920988	5921742	2	2.7879
TCGA-FG-5964-01A-11D-1704-01	X	5922423	8743280	537	-0.0061
TCGA-FG-5964-01A-11D-1704-01	X	8746719	8749654	3	-1.3334
TCGA-FG-5964-01A-11D-1704-01	X	8750633	9734502	740	-0.0224
TCGA-FG-5964-01A-11D-1704-01	X	9735174	9735626	3	-2.406
TCGA-FG-5964-01A-11D-1704-01	X	9738086	109616817	41454	-1e-04
TCGA-FG-5964-01A-11D-1704-01	X	109627248	109629890	3	-2.4745
TCGA-FG-5964-01A-11D-1704-01	X	109631747	110183856	310	-0.016
TCGA-FG-5964-01A-11D-1704-01	X	110183929	110183966	2	4.1669
TCGA-FG-5964-01A-11D-1704-01	X	110184482	154558783	20292	-0.0022
