barcode	chromosome	start	stop	num.mark	seg.mean
TCGA-CS-5397-10A-03D-1892-01	1	51598	394034	30	-0.0206
TCGA-CS-5397-10A-03D-1892-01	1	524414	775852	26	0.3529
TCGA-CS-5397-10A-03D-1892-01	1	779260	1618686	173	-0.0614
TCGA-CS-5397-10A-03D-1892-01	1	1631963	1662463	14	0.7618
TCGA-CS-5397-10A-03D-1892-01	1	1677447	2013924	128	-0.0133
TCGA-CS-5397-10A-03D-1892-01	1	2017761	2030758	5	-0.6967
TCGA-CS-5397-10A-03D-1892-01	1	2037444	72522941	42571	0.0123
TCGA-CS-5397-10A-03D-1892-01	1	72528701	72535958	9	-0.6989
TCGA-CS-5397-10A-03D-1892-01	1	72541006	72589609	52	0.2524
TCGA-CS-5397-10A-03D-1892-01	1	72591187	83648422	7131	0.0147
TCGA-CS-5397-10A-03D-1892-01	1	83648423	83658081	4	-1.3534
TCGA-CS-5397-10A-03D-1892-01	1	83658978	89247843	3838	0.0104
TCGA-CS-5397-10A-03D-1892-01	1	89250546	89250793	2	-2.6905
TCGA-CS-5397-10A-03D-1892-01	1	89254112	89676063	248	-0.0018
TCGA-CS-5397-10A-03D-1892-01	1	89677133	89687312	3	-1.1487
TCGA-CS-5397-10A-03D-1892-01	1	89687573	147815337	21028	0.0178
TCGA-CS-5397-10A-03D-1892-01	1	147815350	147884075	3	1.0635
TCGA-CS-5397-10A-03D-1892-01	1	147884112	150822330	1486	0.0129
TCGA-CS-5397-10A-03D-1892-01	1	150822391	150853218	34	-1.6618
TCGA-CS-5397-10A-03D-1892-01	1	150857118	151026302	171	0.0237
TCGA-CS-5397-10A-03D-1892-01	1	151028547	151035324	37	-1.3275
TCGA-CS-5397-10A-03D-1892-01	1	151040529	167070731	10942	0.013
TCGA-CS-5397-10A-03D-1892-01	1	167074326	167074579	2	-1.3898
TCGA-CS-5397-10A-03D-1892-01	1	167074815	167483561	386	0.0079
TCGA-CS-5397-10A-03D-1892-01	1	167500598	167508390	7	-1.9714
TCGA-CS-5397-10A-03D-1892-01	1	167509025	173063028	3522	0.0108
TCGA-CS-5397-10A-03D-1892-01	1	173063179	173068463	16	-0.5994
TCGA-CS-5397-10A-03D-1892-01	1	173068477	195079130	14745	0.0192
TCGA-CS-5397-10A-03D-1892-01	1	195079153	195082414	2	-2.3526
TCGA-CS-5397-10A-03D-1892-01	1	195083353	227877792	21873	0.0124
TCGA-CS-5397-10A-03D-1892-01	1	227883479	227886819	3	-2.6012
TCGA-CS-5397-10A-03D-1892-01	1	227887079	247191011	14052	0.0104
TCGA-CS-5397-10A-03D-1892-01	10	62759	17967560	14871	0.0113
TCGA-CS-5397-10A-03D-1892-01	10	17978214	17989863	2	1.7324
TCGA-CS-5397-10A-03D-1892-01	10	18011822	18213969	13	0.1362
TCGA-CS-5397-10A-03D-1892-01	10	18225129	18239819	3	-1.6494
TCGA-CS-5397-10A-03D-1892-01	10	18263653	24415269	4342	0.0193
TCGA-CS-5397-10A-03D-1892-01	10	24417680	24418060	11	-1.5349
TCGA-CS-5397-10A-03D-1892-01	10	24418914	27267174	1998	0.0109
TCGA-CS-5397-10A-03D-1892-01	10	27267687	27269999	9	-0.5891
TCGA-CS-5397-10A-03D-1892-01	10	27270681	47417400	10687	0.0144
TCGA-CS-5397-10A-03D-1892-01	10	47432905	47468066	3	1.434
TCGA-CS-5397-10A-03D-1892-01	10	47480482	48522382	295	0.0167
TCGA-CS-5397-10A-03D-1892-01	10	48548797	48665901	9	0.6131
TCGA-CS-5397-10A-03D-1892-01	10	48702225	51492405	1458	0.0165
TCGA-CS-5397-10A-03D-1892-01	10	51500366	51561926	5	-1.5636
TCGA-CS-5397-10A-03D-1892-01	10	51573774	58873055	5453	0.0252
TCGA-CS-5397-10A-03D-1892-01	10	58880511	58880527	2	-1.2137
TCGA-CS-5397-10A-03D-1892-01	10	58880541	66976282	5564	0.0164
TCGA-CS-5397-10A-03D-1892-01	10	66977929	66992801	29	-0.3847
TCGA-CS-5397-10A-03D-1892-01	10	66992932	135356694	46309	0.014
TCGA-CS-5397-10A-03D-1892-01	11	188510	5740499	3302	0.0103
TCGA-CS-5397-10A-03D-1892-01	11	5743981	5765624	32	-0.4526
TCGA-CS-5397-10A-03D-1892-01	11	5765715	21803470	12078	0.0174
TCGA-CS-5397-10A-03D-1892-01	11	21804082	21805328	5	-0.9464
TCGA-CS-5397-10A-03D-1892-01	11	21807233	44608701	15898	0.0199
TCGA-CS-5397-10A-03D-1892-01	11	44608730	44608790	2	-1.5087
TCGA-CS-5397-10A-03D-1892-01	11	44609783	48729252	2175	0.0198
TCGA-CS-5397-10A-03D-1892-01	11	48729302	48740073	5	-1.2424
TCGA-CS-5397-10A-03D-1892-01	11	48740294	49715563	394	0.0507
TCGA-CS-5397-10A-03D-1892-01	11	49716131	49717264	6	-0.8902
TCGA-CS-5397-10A-03D-1892-01	11	49722737	55133230	761	0.0372
TCGA-CS-5397-10A-03D-1892-01	11	55133238	55209553	46	0.5032
TCGA-CS-5397-10A-03D-1892-01	11	55209585	58767743	2186	0.0232
TCGA-CS-5397-10A-03D-1892-01	11	58771234	58771545	4	-0.9602
TCGA-CS-5397-10A-03D-1892-01	11	58776537	112297939	33791	0.0122
TCGA-CS-5397-10A-03D-1892-01	11	112298359	112312703	9	0.7843
TCGA-CS-5397-10A-03D-1892-01	11	112314760	134449982	16413	0.0141
TCGA-CS-5397-10A-03D-1892-01	12	20703	739459	418	-0.0225
TCGA-CS-5397-10A-03D-1892-01	12	739524	744290	16	-0.7076
TCGA-CS-5397-10A-03D-1892-01	12	745615	9525137	5761	0.0139
TCGA-CS-5397-10A-03D-1892-01	12	9529176	9619559	23	-1.4952
TCGA-CS-5397-10A-03D-1892-01	12	9626236	33192673	16639	0.0132
TCGA-CS-5397-10A-03D-1892-01	12	33192693	33199627	27	0.427
TCGA-CS-5397-10A-03D-1892-01	12	33199654	130686668	61559	0.0152
TCGA-CS-5397-10A-03D-1892-01	12	130698537	130699288	13	-1.7972
TCGA-CS-5397-10A-03D-1892-01	12	130708284	132288262	572	-0.0064
TCGA-CS-5397-10A-03D-1892-01	13	17924949	36969135	13555	0.0109
TCGA-CS-5397-10A-03D-1892-01	13	36970036	36982757	16	-1.7749
TCGA-CS-5397-10A-03D-1892-01	13	36986330	57489080	12994	0.0127
TCGA-CS-5397-10A-03D-1892-01	13	57489108	57491273	2	-1.6753
TCGA-CS-5397-10A-03D-1892-01	13	57491347	114126499	37705	0.0136
TCGA-CS-5397-10A-03D-1892-01	14	18072124	18240412	17	0.026
TCGA-CS-5397-10A-03D-1892-01	14	18241044	18632139	24	0.5382
TCGA-CS-5397-10A-03D-1892-01	14	18670435	18763249	9	-0.4033
TCGA-CS-5397-10A-03D-1892-01	14	18767885	19045977	22	0.4299
TCGA-CS-5397-10A-03D-1892-01	14	19080913	19205064	6	-0.3549
TCGA-CS-5397-10A-03D-1892-01	14	19207186	19493212	112	0.3436
TCGA-CS-5397-10A-03D-1892-01	14	19494766	40678108	13630	0.0161
TCGA-CS-5397-10A-03D-1892-01	14	40680246	40727099	15	-0.4148
TCGA-CS-5397-10A-03D-1892-01	14	40739852	73065527	20474	0.0176
TCGA-CS-5397-10A-03D-1892-01	14	73070876	73090732	9	0.8
TCGA-CS-5397-10A-03D-1892-01	14	73099653	105601409	20809	0.0179
TCGA-CS-5397-10A-03D-1892-01	14	105601732	105640508	18	0.8293
TCGA-CS-5397-10A-03D-1892-01	14	105645163	105867742	104	0.0839
TCGA-CS-5397-10A-03D-1892-01	14	105872400	105892781	8	-0.7054
TCGA-CS-5397-10A-03D-1892-01	14	105896961	105939599	27	0.0775
TCGA-CS-5397-10A-03D-1892-01	14	105943107	105989153	53	0.3307
TCGA-CS-5397-10A-03D-1892-01	14	105989694	106356482	224	-0.0026
TCGA-CS-5397-10A-03D-1892-01	15	18276341	18829965	84	0.0364
TCGA-CS-5397-10A-03D-1892-01	15	18832630	20302458	342	0.3697
TCGA-CS-5397-10A-03D-1892-01	15	20302609	22107767	961	0.0013
TCGA-CS-5397-10A-03D-1892-01	15	22108134	22237903	48	0.4718
TCGA-CS-5397-10A-03D-1892-01	15	22237973	22278324	34	0.1117
TCGA-CS-5397-10A-03D-1892-01	15	22282088	22342596	29	0.4267
TCGA-CS-5397-10A-03D-1892-01	15	22343467	100286563	50530	0.0179
TCGA-CS-5397-10A-03D-1892-01	16	777	739385	312	-0.0463
TCGA-CS-5397-10A-03D-1892-01	16	771122	802834	6	-0.726
TCGA-CS-5397-10A-03D-1892-01	16	809391	88815036	52166	0.0112
TCGA-CS-5397-10A-03D-1892-01	17	526	31467913	18385	0.008
TCGA-CS-5397-10A-03D-1892-01	17	31471028	31501593	30	-0.3531
TCGA-CS-5397-10A-03D-1892-01	17	31501716	41004323	4736	0.0155
TCGA-CS-5397-10A-03D-1892-01	17	41010873	41015209	7	-0.7333
TCGA-CS-5397-10A-03D-1892-01	17	41020476	41719947	463	-0.0628
TCGA-CS-5397-10A-03D-1892-01	17	41750187	42107479	48	0.7483
TCGA-CS-5397-10A-03D-1892-01	17	42120174	76216011	20629	0.0107
TCGA-CS-5397-10A-03D-1892-01	17	76218796	76226263	11	0.555
TCGA-CS-5397-10A-03D-1892-01	17	76226319	78643088	978	0.0053
TCGA-CS-5397-10A-03D-1892-01	18	1543	14651643	10221	0.0182
TCGA-CS-5397-10A-03D-1892-01	18	14653971	14662479	2	1.4561
TCGA-CS-5397-10A-03D-1892-01	18	14681685	36512725	12609	0.0199
TCGA-CS-5397-10A-03D-1892-01	18	36514418	36523810	22	-1.3315
TCGA-CS-5397-10A-03D-1892-01	18	36524070	61918120	17564	0.0229
TCGA-CS-5397-10A-03D-1892-01	18	61918268	61918902	2	-2.0294
TCGA-CS-5397-10A-03D-1892-01	18	61926575	76116029	10381	0.0223
TCGA-CS-5397-10A-03D-1892-01	19	41910	63789666	29347	0.0115
TCGA-CS-5397-10A-03D-1892-01	2	2784	20143	10	0.055
TCGA-CS-5397-10A-03D-1892-01	2	23901	24346	3	-1.3531
TCGA-CS-5397-10A-03D-1892-01	2	26862	4183562	2977	0.0118
TCGA-CS-5397-10A-03D-1892-01	2	4191739	4201894	42	-0.4679
TCGA-CS-5397-10A-03D-1892-01	2	4207937	31203359	18933	0.0178
TCGA-CS-5397-10A-03D-1892-01	2	31204753	31206295	3	-1.3515
TCGA-CS-5397-10A-03D-1892-01	2	31206625	34571172	2162	0.0145
TCGA-CS-5397-10A-03D-1892-01	2	34571346	34590561	20	-0.3262
TCGA-CS-5397-10A-03D-1892-01	2	34590667	52607972	13039	0.02
TCGA-CS-5397-10A-03D-1892-01	2	52607984	52635046	39	0.7469
TCGA-CS-5397-10A-03D-1892-01	2	52641453	107807168	30676	0.0174
TCGA-CS-5397-10A-03D-1892-01	2	107813401	107847339	2	1.4327
TCGA-CS-5397-10A-03D-1892-01	2	107858520	147749850	23532	0.0193
TCGA-CS-5397-10A-03D-1892-01	2	147755312	147760608	5	-0.9506
TCGA-CS-5397-10A-03D-1892-01	2	147767130	202902431	33178	0.0152
TCGA-CS-5397-10A-03D-1892-01	2	202902501	202907473	3	-1.0568
TCGA-CS-5397-10A-03D-1892-01	2	202911203	227050282	15558	0.0178
TCGA-CS-5397-10A-03D-1892-01	2	227051032	227054312	5	-1.076
TCGA-CS-5397-10A-03D-1892-01	2	227056043	242738129	9798	0.0159
TCGA-CS-5397-10A-03D-1892-01	20	9305	1508999	1205	0.0027
TCGA-CS-5397-10A-03D-1892-01	20	1509580	1530207	36	-0.4554
TCGA-CS-5397-10A-03D-1892-01	20	1538257	1541893	5	-1.492
TCGA-CS-5397-10A-03D-1892-01	20	1545946	62426597	41235	0.012
TCGA-CS-5397-10A-03D-1892-01	21	9758742	46921385	24401	0.0208
TCGA-CS-5397-10A-03D-1892-01	22	14432528	36072938	14699	0.0077
TCGA-CS-5397-10A-03D-1892-01	22	36078675	36079559	2	-3.965
TCGA-CS-5397-10A-03D-1892-01	22	36079892	40575615	2376	0.0163
TCGA-CS-5397-10A-03D-1892-01	22	40575630	40575736	2	-1.0822
TCGA-CS-5397-10A-03D-1892-01	22	40581673	41222540	347	-0.0156
TCGA-CS-5397-10A-03D-1892-01	22	41227226	41285375	26	0.3599
TCGA-CS-5397-10A-03D-1892-01	22	41285732	49581321	6104	0.0145
TCGA-CS-5397-10A-03D-1892-01	3	35345	199602	157	0.0171
TCGA-CS-5397-10A-03D-1892-01	3	205022	207800	4	-0.7947
TCGA-CS-5397-10A-03D-1892-01	3	209877	6621543	5682	0.0282
TCGA-CS-5397-10A-03D-1892-01	3	6626128	6628332	23	-0.6434
TCGA-CS-5397-10A-03D-1892-01	3	6630078	11099927	3552	0.011
TCGA-CS-5397-10A-03D-1892-01	3	11102749	11105167	3	-0.9571
TCGA-CS-5397-10A-03D-1892-01	3	11105417	11383042	159	0.0051
TCGA-CS-5397-10A-03D-1892-01	3	11383063	11388400	5	-1.1645
TCGA-CS-5397-10A-03D-1892-01	3	11392265	16211751	3353	0.016
TCGA-CS-5397-10A-03D-1892-01	3	16212012	16216388	10	-0.4957
TCGA-CS-5397-10A-03D-1892-01	3	16218600	26401195	6980	0.0237
TCGA-CS-5397-10A-03D-1892-01	3	26409128	26414347	5	-0.8065
TCGA-CS-5397-10A-03D-1892-01	3	26420977	26558224	107	0.0155
TCGA-CS-5397-10A-03D-1892-01	3	26563445	26563661	2	-1.6045
TCGA-CS-5397-10A-03D-1892-01	3	26563868	65163493	25332	0.0138
TCGA-CS-5397-10A-03D-1892-01	3	65164275	65185492	53	-0.5273
TCGA-CS-5397-10A-03D-1892-01	3	65191389	68828949	2421	0.021
TCGA-CS-5397-10A-03D-1892-01	3	68828974	68830103	13	-1.2647
TCGA-CS-5397-10A-03D-1892-01	3	68831448	131245549	34735	0.0141
TCGA-CS-5397-10A-03D-1892-01	3	131246388	131288926	52	-1.1116
TCGA-CS-5397-10A-03D-1892-01	3	131289614	133472037	1444	0.0125
TCGA-CS-5397-10A-03D-1892-01	3	133475427	133478374	4	-1.8122
TCGA-CS-5397-10A-03D-1892-01	3	133483167	164013564	18851	0.0152
TCGA-CS-5397-10A-03D-1892-01	3	164015644	164023184	7	-1.0534
TCGA-CS-5397-10A-03D-1892-01	3	164028410	164108689	48	0.5394
TCGA-CS-5397-10A-03D-1892-01	3	164109266	196766953	20682	0.014
TCGA-CS-5397-10A-03D-1892-01	3	196767187	196932593	29	-1.1292
TCGA-CS-5397-10A-03D-1892-01	3	196941179	197145947	99	-0.0955
TCGA-CS-5397-10A-03D-1892-01	3	197175243	197185560	4	-1.099
TCGA-CS-5397-10A-03D-1892-01	3	197185725	199380515	1089	0.0061
TCGA-CS-5397-10A-03D-1892-01	4	2281	1761816	690	-0.0207
TCGA-CS-5397-10A-03D-1892-01	4	1763081	1767650	2	-1.5193
TCGA-CS-5397-10A-03D-1892-01	4	1767750	4217419	1024	0.0133
TCGA-CS-5397-10A-03D-1892-01	4	4217884	4217898	2	-1.4787
TCGA-CS-5397-10A-03D-1892-01	4	4218034	9819488	4085	0.0141
TCGA-CS-5397-10A-03D-1892-01	4	9823258	9840596	29	-0.5436
TCGA-CS-5397-10A-03D-1892-01	4	9843312	34455449	16991	0.0224
TCGA-CS-5397-10A-03D-1892-01	4	34462895	34500578	37	0.7891
TCGA-CS-5397-10A-03D-1892-01	4	34501120	48962605	8980	0.0216
TCGA-CS-5397-10A-03D-1892-01	4	48985949	48991977	3	-1.1326
TCGA-CS-5397-10A-03D-1892-01	4	48991992	64390200	7621	0.0154
TCGA-CS-5397-10A-03D-1892-01	4	64390349	64390853	6	-0.754
TCGA-CS-5397-10A-03D-1892-01	4	64399026	69057536	2877	0.0214
TCGA-CS-5397-10A-03D-1892-01	4	69057550	69171930	65	0.4937
TCGA-CS-5397-10A-03D-1892-01	4	69187710	70158099	331	0.0419
TCGA-CS-5397-10A-03D-1892-01	4	70162233	70266388	54	-0.5334
TCGA-CS-5397-10A-03D-1892-01	4	70266611	87195118	10444	0.0156
TCGA-CS-5397-10A-03D-1892-01	4	87195415	87198968	19	-0.5768
TCGA-CS-5397-10A-03D-1892-01	4	87199113	94100388	4063	0.0171
TCGA-CS-5397-10A-03D-1892-01	4	94103962	94181880	35	-0.8983
TCGA-CS-5397-10A-03D-1892-01	4	94191214	172605921	47540	0.0191
TCGA-CS-5397-10A-03D-1892-01	4	172611459	172614351	12	1.1201
TCGA-CS-5397-10A-03D-1892-01	4	172616946	173224503	397	-0.0049
TCGA-CS-5397-10A-03D-1892-01	4	173225723	173226108	12	-1.4439
TCGA-CS-5397-10A-03D-1892-01	4	173232554	189458252	10937	0.0208
TCGA-CS-5397-10A-03D-1892-01	4	189458354	189458369	2	-1.6847
TCGA-CS-5397-10A-03D-1892-01	4	189458418	191261904	1180	0.0302
TCGA-CS-5397-10A-03D-1892-01	5	68532	12868780	10214	0.0148
TCGA-CS-5397-10A-03D-1892-01	5	12868865	12891533	13	-1.3238
TCGA-CS-5397-10A-03D-1892-01	5	12902201	46287063	20568	0.0179
TCGA-CS-5397-10A-03D-1892-01	5	46306765	46309259	8	-1.3001
TCGA-CS-5397-10A-03D-1892-01	5	46313969	52946851	2076	0.0182
TCGA-CS-5397-10A-03D-1892-01	5	52948733	52953845	3	-0.9885
TCGA-CS-5397-10A-03D-1892-01	5	52955118	57357403	3002	0.0143
TCGA-CS-5397-10A-03D-1892-01	5	57361784	57369272	31	-0.522
TCGA-CS-5397-10A-03D-1892-01	5	57369290	68882059	7303	0.0152
TCGA-CS-5397-10A-03D-1892-01	5	68903050	69153891	5	-1.0962
TCGA-CS-5397-10A-03D-1892-01	5	69269183	103879120	19555	0.0162
TCGA-CS-5397-10A-03D-1892-01	5	103888272	103888503	4	1.0541
TCGA-CS-5397-10A-03D-1892-01	5	103888948	117416731	9404	0.0161
TCGA-CS-5397-10A-03D-1892-01	5	117416794	117416984	4	-0.9296
TCGA-CS-5397-10A-03D-1892-01	5	117432239	151494364	21375	0.0147
TCGA-CS-5397-10A-03D-1892-01	5	151495579	151498544	14	-0.5891
TCGA-CS-5397-10A-03D-1892-01	5	151500464	158981037	5112	0.0163
TCGA-CS-5397-10A-03D-1892-01	5	158987972	158993897	7	-1.2074
TCGA-CS-5397-10A-03D-1892-01	5	158998481	180311494	14197	0.0099
TCGA-CS-5397-10A-03D-1892-01	5	180312809	180335449	7	0.854
TCGA-CS-5397-10A-03D-1892-01	5	180339164	180350709	10	0.3406
TCGA-CS-5397-10A-03D-1892-01	5	180365831	180722926	171	-0.0347
TCGA-CS-5397-10A-03D-1892-01	6	94661	4198412	3367	0.0027
TCGA-CS-5397-10A-03D-1892-01	6	4200744	4200904	2	-1.3023
TCGA-CS-5397-10A-03D-1892-01	6	4204074	22108281	13474	0.0092
TCGA-CS-5397-10A-03D-1892-01	6	22108301	22108317	2	-1.9116
TCGA-CS-5397-10A-03D-1892-01	6	22111874	31394284	5576	0.0074
TCGA-CS-5397-10A-03D-1892-01	6	31394510	31404430	9	-1.6115
TCGA-CS-5397-10A-03D-1892-01	6	31417903	32560907	509	-0.067
TCGA-CS-5397-10A-03D-1892-01	6	32562253	32609277	16	1.167
TCGA-CS-5397-10A-03D-1892-01	6	32616454	40472303	5028	0.0075
TCGA-CS-5397-10A-03D-1892-01	6	40473579	40476500	5	-1.4551
TCGA-CS-5397-10A-03D-1892-01	6	40477271	47851220	4784	0.0121
TCGA-CS-5397-10A-03D-1892-01	6	47851881	47854881	5	0.7484
TCGA-CS-5397-10A-03D-1892-01	6	47854941	54039110	3975	0.0207
TCGA-CS-5397-10A-03D-1892-01	6	54039189	54043374	8	-0.8099
TCGA-CS-5397-10A-03D-1892-01	6	54043657	74648586	10513	0.0193
TCGA-CS-5397-10A-03D-1892-01	6	74648953	74654017	8	0.9258
TCGA-CS-5397-10A-03D-1892-01	6	74654069	94709128	12890	0.0209
TCGA-CS-5397-10A-03D-1892-01	6	94709261	94714285	2	1.3533
TCGA-CS-5397-10A-03D-1892-01	6	94716253	95342643	424	0.0571
TCGA-CS-5397-10A-03D-1892-01	6	95347745	95349113	2	-1.2223
TCGA-CS-5397-10A-03D-1892-01	6	95351785	98754956	1893	0.0232
TCGA-CS-5397-10A-03D-1892-01	6	98758931	98759316	2	-1.0065
TCGA-CS-5397-10A-03D-1892-01	6	98761783	103841518	3143	0.0166
TCGA-CS-5397-10A-03D-1892-01	6	103841522	103868754	47	0.6069
TCGA-CS-5397-10A-03D-1892-01	6	103872163	170892930	44226	0.0146
TCGA-CS-5397-10A-03D-1892-01	7	52911	3576238	1623	-0.0049
TCGA-CS-5397-10A-03D-1892-01	7	3576369	3584536	29	-0.8719
TCGA-CS-5397-10A-03D-1892-01	7	3584887	35535388	23725	0.0164
TCGA-CS-5397-10A-03D-1892-01	7	35540276	35541728	2	-1.8172
TCGA-CS-5397-10A-03D-1892-01	7	35544441	101888311	37396	0.0141
TCGA-CS-5397-10A-03D-1892-01	7	101889169	102104326	8	-0.8042
TCGA-CS-5397-10A-03D-1892-01	7	102104345	103894402	1075	0.0086
TCGA-CS-5397-10A-03D-1892-01	7	103894672	103894838	2	-1.3915
TCGA-CS-5397-10A-03D-1892-01	7	103895172	105333747	936	0.0097
TCGA-CS-5397-10A-03D-1892-01	7	105333973	105334238	2	-1.1904
TCGA-CS-5397-10A-03D-1892-01	7	105337443	125832792	12623	0.0181
TCGA-CS-5397-10A-03D-1892-01	7	125832887	125833851	10	-1.1259
TCGA-CS-5397-10A-03D-1892-01	7	125834112	142154515	10423	0.0105
TCGA-CS-5397-10A-03D-1892-01	7	142156294	142159241	7	-3.3684
TCGA-CS-5397-10A-03D-1892-01	7	142159298	142165614	20	-1.5976
TCGA-CS-5397-10A-03D-1892-01	7	142165684	142926851	467	0.017
TCGA-CS-5397-10A-03D-1892-01	7	142926974	143163931	95	0.2676
TCGA-CS-5397-10A-03D-1892-01	7	143174784	143540378	283	0.0074
TCGA-CS-5397-10A-03D-1892-01	7	143542557	143681866	37	0.3125
TCGA-CS-5397-10A-03D-1892-01	7	143682164	152778571	5578	0.0092
TCGA-CS-5397-10A-03D-1892-01	7	152778578	152778645	2	-2.2762
TCGA-CS-5397-10A-03D-1892-01	7	152778648	158819765	4110	0.0082
TCGA-CS-5397-10A-03D-1892-01	8	21254	8423207	8357	0.0156
TCGA-CS-5397-10A-03D-1892-01	8	8423560	8423852	4	-1.9528
TCGA-CS-5397-10A-03D-1892-01	8	8425717	39349816	22530	0.0138
TCGA-CS-5397-10A-03D-1892-01	8	39354760	39506122	58	0.9712
TCGA-CS-5397-10A-03D-1892-01	8	39507456	52585385	5458	0.0158
TCGA-CS-5397-10A-03D-1892-01	8	52585658	52585776	2	-1.8636
TCGA-CS-5397-10A-03D-1892-01	8	52586013	99694920	29040	0.0159
TCGA-CS-5397-10A-03D-1892-01	8	99705405	99731538	13	-0.9627
TCGA-CS-5397-10A-03D-1892-01	8	99739099	146268959	30444	0.0136
TCGA-CS-5397-10A-03D-1892-01	9	36587	6685986	6379	0.0208
TCGA-CS-5397-10A-03D-1892-01	9	6691145	6698357	7	-1.0298
TCGA-CS-5397-10A-03D-1892-01	9	6702314	6760534	33	-0.0506
TCGA-CS-5397-10A-03D-1892-01	9	6760741	6760744	2	-1.503
TCGA-CS-5397-10A-03D-1892-01	9	6761267	21582386	12822	0.019
TCGA-CS-5397-10A-03D-1892-01	9	21591242	21692086	96	-0.9783
TCGA-CS-5397-10A-03D-1892-01	9	21695713	28673590	5129	0.0257
TCGA-CS-5397-10A-03D-1892-01	9	28677032	28685002	8	-0.9361
TCGA-CS-5397-10A-03D-1892-01	9	28685135	41942516	6853	0.0195
TCGA-CS-5397-10A-03D-1892-01	9	41962506	41975187	3	-1.0528
TCGA-CS-5397-10A-03D-1892-01	9	42013107	67673801	304	-0.0376
TCGA-CS-5397-10A-03D-1892-01	9	67675871	67678367	8	1.1508
TCGA-CS-5397-10A-03D-1892-01	9	67699736	140211215	48240	0.0144
TCGA-CS-5397-10A-03D-1892-01	X	108477	55717984	32304	0.0115
TCGA-CS-5397-10A-03D-1892-01	X	55719384	55724281	3	-2.693
TCGA-CS-5397-10A-03D-1892-01	X	55724411	61669005	1339	0.026
TCGA-CS-5397-10A-03D-1892-01	X	61669855	61674648	2	-1.2338
TCGA-CS-5397-10A-03D-1892-01	X	61690300	76266264	6468	0.0148
TCGA-CS-5397-10A-03D-1892-01	X	76270041	76461534	19	-0.5308
TCGA-CS-5397-10A-03D-1892-01	X	76462887	78873863	1034	0.0225
TCGA-CS-5397-10A-03D-1892-01	X	78887315	78918981	12	0.545
TCGA-CS-5397-10A-03D-1892-01	X	78919067	89022765	5817	0.0154
TCGA-CS-5397-10A-03D-1892-01	X	89027659	89042895	3	-1.0372
TCGA-CS-5397-10A-03D-1892-01	X	89048097	115047709	13787	0.0176
TCGA-CS-5397-10A-03D-1892-01	X	115051983	115064666	7	-1.8838
TCGA-CS-5397-10A-03D-1892-01	X	115070447	150043556	21339	0.0199
TCGA-CS-5397-10A-03D-1892-01	X	150044592	150046117	2	1.2885
TCGA-CS-5397-10A-03D-1892-01	X	150047213	154835548	2430	0.011
TCGA-CS-5397-10A-03D-1892-01	Y	2710438	6161425	838	-2.341
TCGA-CS-5397-10A-03D-1892-01	Y	6167901	6356423	85	-3.6077
TCGA-CS-5397-10A-03D-1892-01	Y	6359046	14099670	2615	-2.801
TCGA-CS-5397-10A-03D-1892-01	Y	14099736	14103917	3	-7.6439
TCGA-CS-5397-10A-03D-1892-01	Y	14104283	17543786	1820	-2.7804
TCGA-CS-5397-10A-03D-1892-01	Y	17547696	19484001	928	-3.2227
TCGA-CS-5397-10A-03D-1892-01	Y	19484450	22268551	1083	-2.7966
TCGA-CS-5397-10A-03D-1892-01	Y	22268856	24627620	513	-3.1998
TCGA-CS-5397-10A-03D-1892-01	Y	24632208	24923103	82	-2.6067
TCGA-CS-5397-10A-03D-1892-01	Y	24926921	25725360	92	-3.6222
TCGA-CS-5397-10A-03D-1892-01	Y	25776875	26127678	92	-2.6209
TCGA-CS-5397-10A-03D-1892-01	Y	26129939	26833326	252	-3.3154
TCGA-CS-5397-10A-03D-1892-01	Y	26847504	57427647	183	-2.4767
