barcode	chromosome	start	stop	num.mark	seg.mean
TCGA-HT-8012-10A-01D-2392-01	1	51598	13109957	6555	0.0026
TCGA-HT-8012-10A-01D-2392-01	1	13247932	13256970	13	0.6146
TCGA-HT-8012-10A-01D-2392-01	1	13257060	16884147	2180	-0.01
TCGA-HT-8012-10A-01D-2392-01	1	16884256	16921066	32	-0.4381
TCGA-HT-8012-10A-01D-2392-01	1	16929044	17062591	24	-0.0147
TCGA-HT-8012-10A-01D-2392-01	1	17063449	17155662	66	-0.4769
TCGA-HT-8012-10A-01D-2392-01	1	17157507	75823432	35905	0.0021
TCGA-HT-8012-10A-01D-2392-01	1	75827351	75827442	2	-2.6036
TCGA-HT-8012-10A-01D-2392-01	1	75832097	89247843	9000	0.0019
TCGA-HT-8012-10A-01D-2392-01	1	89250546	89250793	2	-2.5221
TCGA-HT-8012-10A-01D-2392-01	1	89254112	103965310	9055	4e-04
TCGA-HT-8012-10A-01D-2392-01	1	103979561	104061555	22	0.9724
TCGA-HT-8012-10A-01D-2392-01	1	104061762	111178891	4444	0.002
TCGA-HT-8012-10A-01D-2392-01	1	111179088	111189749	38	-0.6015
TCGA-HT-8012-10A-01D-2392-01	1	111193590	112491849	1075	0.0024
TCGA-HT-8012-10A-01D-2392-01	1	112497488	112498913	25	-0.4263
TCGA-HT-8012-10A-01D-2392-01	1	112507479	147187576	6337	-4e-04
TCGA-HT-8012-10A-01D-2392-01	1	147203624	147788464	172	-0.5518
TCGA-HT-8012-10A-01D-2392-01	1	147788470	150822330	1487	0.0024
TCGA-HT-8012-10A-01D-2392-01	1	150822391	150852862	30	2.0358
TCGA-HT-8012-10A-01D-2392-01	1	150852902	151028670	178	0.0142
TCGA-HT-8012-10A-01D-2392-01	1	151028881	151034983	30	0.4524
TCGA-HT-8012-10A-01D-2392-01	1	151035194	192714857	27925	0.0034
TCGA-HT-8012-10A-01D-2392-01	1	192718034	192721641	2	2.1034
TCGA-HT-8012-10A-01D-2392-01	1	192723639	194981496	1445	-3e-04
TCGA-HT-8012-10A-01D-2392-01	1	194994473	195028443	42	-1.9682
TCGA-HT-8012-10A-01D-2392-01	1	195028689	195068278	45	-1.0155
TCGA-HT-8012-10A-01D-2392-01	1	195068407	196571159	822	-0.0098
TCGA-HT-8012-10A-01D-2392-01	1	196573555	196574402	2	-1.6797
TCGA-HT-8012-10A-01D-2392-01	1	196577982	236732150	27664	0.0032
TCGA-HT-8012-10A-01D-2392-01	1	236735058	236842910	125	0.5672
TCGA-HT-8012-10A-01D-2392-01	1	236845229	246804070	6983	-0.0088
TCGA-HT-8012-10A-01D-2392-01	1	246815817	246861912	30	-0.8336
TCGA-HT-8012-10A-01D-2392-01	1	246862475	247191011	146	3e-04
TCGA-HT-8012-10A-01D-2392-01	10	62809	1129183	594	0.0104
TCGA-HT-8012-10A-01D-2392-01	10	1129711	1132424	3	-1.8402
TCGA-HT-8012-10A-01D-2392-01	10	1132628	17819320	14204	0.0017
TCGA-HT-8012-10A-01D-2392-01	10	17835683	17857584	2	-1.8681
TCGA-HT-8012-10A-01D-2392-01	10	17863977	135356694	75883	0.0019
TCGA-HT-8012-10A-01D-2392-01	11	188510	5477551	3050	0.0048
TCGA-HT-8012-10A-01D-2392-01	11	5478727	5478751	2	-1.9241
TCGA-HT-8012-10A-01D-2392-01	11	5478773	5740499	242	-0.0129
TCGA-HT-8012-10A-01D-2392-01	11	5743981	5765914	34	-0.5327
TCGA-HT-8012-10A-01D-2392-01	11	5766037	24398750	13783	-0.0035
TCGA-HT-8012-10A-01D-2392-01	11	24400825	24406833	6	-1.0779
TCGA-HT-8012-10A-01D-2392-01	11	24411752	29505332	3536	0.0065
TCGA-HT-8012-10A-01D-2392-01	11	29505579	29505671	3	-1.4059
TCGA-HT-8012-10A-01D-2392-01	11	29506394	48554998	12608	6e-04
TCGA-HT-8012-10A-01D-2392-01	11	48558010	48559252	2	-1.5955
TCGA-HT-8012-10A-01D-2392-01	11	48562894	55119916	1215	0.003
TCGA-HT-8012-10A-01D-2392-01	11	55130608	55209585	59	-1.7112
TCGA-HT-8012-10A-01D-2392-01	11	55210152	73701905	9541	0.0023
TCGA-HT-8012-10A-01D-2392-01	11	73702937	73703876	2	-1.5581
TCGA-HT-8012-10A-01D-2392-01	11	73707178	91462591	11730	0.0045
TCGA-HT-8012-10A-01D-2392-01	11	91463298	91463303	6	-0.8863
TCGA-HT-8012-10A-01D-2392-01	11	91463645	104212897	9354	0.0059
TCGA-HT-8012-10A-01D-2392-01	11	104212942	104213441	2	-2.3633
TCGA-HT-8012-10A-01D-2392-01	11	104214276	134449982	21565	-7e-04
TCGA-HT-8012-10A-01D-2392-01	12	20703	9521823	6188	-0.0022
TCGA-HT-8012-10A-01D-2392-01	12	9525137	9619559	24	1.0508
TCGA-HT-8012-10A-01D-2392-01	12	9626236	30126848	14251	-0.0043
TCGA-HT-8012-10A-01D-2392-01	12	30130534	30134932	23	-0.6563
TCGA-HT-8012-10A-01D-2392-01	12	30134956	33185927	2263	-0.0018
TCGA-HT-8012-10A-01D-2392-01	12	33192673	33199764	31	-0.5057
TCGA-HT-8012-10A-01D-2392-01	12	33199809	33614585	265	0.0203
TCGA-HT-8012-10A-01D-2392-01	12	33614601	33614743	2	1.4189
TCGA-HT-8012-10A-01D-2392-01	12	33614828	47011309	7038	-0.002
TCGA-HT-8012-10A-01D-2392-01	12	47011506	47011682	3	-2.0002
TCGA-HT-8012-10A-01D-2392-01	12	47016303	132288262	54586	0.0014
TCGA-HT-8012-10A-01D-2392-01	13	17924949	28683430	7492	0.0042
TCGA-HT-8012-10A-01D-2392-01	13	28684615	28685121	3	-1.2
TCGA-HT-8012-10A-01D-2392-01	13	28686189	31430622	2101	5e-04
TCGA-HT-8012-10A-01D-2392-01	13	31430727	31436423	16	-1.0613
TCGA-HT-8012-10A-01D-2392-01	13	31438047	36969135	3886	-0.0039
TCGA-HT-8012-10A-01D-2392-01	13	36970036	36976352	9	-1.3923
TCGA-HT-8012-10A-01D-2392-01	13	36976419	36982757	7	-2.8303
TCGA-HT-8012-10A-01D-2392-01	13	36986330	51957217	9848	-3e-04
TCGA-HT-8012-10A-01D-2392-01	13	51969153	52015880	11	-0.8732
TCGA-HT-8012-10A-01D-2392-01	13	52028474	71374989	11576	0.0045
TCGA-HT-8012-10A-01D-2392-01	13	71375556	71378557	4	1.4895
TCGA-HT-8012-10A-01D-2392-01	13	71378606	114126499	28964	0.0036
TCGA-HT-8012-10A-01D-2392-01	14	18072124	18730853	47	-0.1502
TCGA-HT-8012-10A-01D-2392-01	14	18759317	19213349	33	-0.5231
TCGA-HT-8012-10A-01D-2392-01	14	19227683	21525454	1523	-0.0329
TCGA-HT-8012-10A-01D-2392-01	14	21525537	21785788	235	-0.3703
TCGA-HT-8012-10A-01D-2392-01	14	21786463	22013488	172	-0.694
TCGA-HT-8012-10A-01D-2392-01	14	22013545	22041431	45	-0.294
TCGA-HT-8012-10A-01D-2392-01	14	22044096	73070876	32125	0.0019
TCGA-HT-8012-10A-01D-2392-01	14	73076460	73090732	8	0.8985
TCGA-HT-8012-10A-01D-2392-01	14	73099653	105822329	20854	0.0019
TCGA-HT-8012-10A-01D-2392-01	14	105824904	105824912	3	-1.2072
TCGA-HT-8012-10A-01D-2392-01	14	105825048	105983660	96	0.0703
TCGA-HT-8012-10A-01D-2392-01	14	105983675	106014567	19	0.5911
TCGA-HT-8012-10A-01D-2392-01	14	106014879	106231370	126	0.0522
TCGA-HT-8012-10A-01D-2392-01	14	106231444	106247258	13	0.6641
TCGA-HT-8012-10A-01D-2392-01	14	106248976	106356482	76	0.0502
TCGA-HT-8012-10A-01D-2392-01	15	18276341	18466953	48	0.0536
TCGA-HT-8012-10A-01D-2392-01	15	18476969	18652835	12	-1.1548
TCGA-HT-8012-10A-01D-2392-01	15	18655543	19080173	96	-0.4191
TCGA-HT-8012-10A-01D-2392-01	15	19090388	19103576	3	-2.0784
TCGA-HT-8012-10A-01D-2392-01	15	19107947	19548935	144	-0.3704
TCGA-HT-8012-10A-01D-2392-01	15	19555435	20224763	116	-0.7669
TCGA-HT-8012-10A-01D-2392-01	15	20232440	28173703	4664	0.0097
TCGA-HT-8012-10A-01D-2392-01	15	28185521	28735928	118	-0.3519
TCGA-HT-8012-10A-01D-2392-01	15	28737821	29159308	249	0.0097
TCGA-HT-8012-10A-01D-2392-01	15	29163988	29169281	2	-1.3267
TCGA-HT-8012-10A-01D-2392-01	15	29170915	100286563	46398	-0.0024
TCGA-HT-8012-10A-01D-2392-01	16	777	21319904	14426	-0.0042
TCGA-HT-8012-10A-01D-2392-01	16	21422575	21501135	23	-0.923
TCGA-HT-8012-10A-01D-2392-01	16	21503814	22349475	363	-0.0195
TCGA-HT-8012-10A-01D-2392-01	16	22349521	22618243	70	-0.8543
TCGA-HT-8012-10A-01D-2392-01	16	22620480	32031832	5163	-0.007
TCGA-HT-8012-10A-01D-2392-01	16	32054387	32746359	110	-0.3091
TCGA-HT-8012-10A-01D-2392-01	16	32747828	32783298	14	-1.1499
TCGA-HT-8012-10A-01D-2392-01	16	32785830	33275436	35	-0.174
TCGA-HT-8012-10A-01D-2392-01	16	33277265	33683586	101	-1.1064
TCGA-HT-8012-10A-01D-2392-01	16	33702156	54354095	6961	-0.0059
TCGA-HT-8012-10A-01D-2392-01	16	54355723	54366725	9	1.4753
TCGA-HT-8012-10A-01D-2392-01	16	54366967	68709061	8746	1e-04
TCGA-HT-8012-10A-01D-2392-01	16	68709823	68755897	14	-0.7979
TCGA-HT-8012-10A-01D-2392-01	16	68768945	88815036	16314	0.0014
TCGA-HT-8012-10A-01D-2392-01	17	526	18299671	11412	-8e-04
TCGA-HT-8012-10A-01D-2392-01	17	18299674	18405311	26	0.448
TCGA-HT-8012-10A-01D-2392-01	17	18405946	36675234	9477	-0.002
TCGA-HT-8012-10A-01D-2392-01	17	36676540	36686608	29	-0.7573
TCGA-HT-8012-10A-01D-2392-01	17	36686642	41518916	2503	2e-04
TCGA-HT-8012-10A-01D-2392-01	17	41521621	41718140	124	0.3065
TCGA-HT-8012-10A-01D-2392-01	17	41719947	42107479	49	-0.4278
TCGA-HT-8012-10A-01D-2392-01	17	42120174	74753602	19790	-6e-04
TCGA-HT-8012-10A-01D-2392-01	17	74753874	74754086	2	-1.4961
TCGA-HT-8012-10A-01D-2392-01	17	74754356	78643088	1753	-0.0033
TCGA-HT-8012-10A-01D-2392-01	18	1543	36512725	22744	-0.002
TCGA-HT-8012-10A-01D-2392-01	18	36514418	36519375	18	-0.5857
TCGA-HT-8012-10A-01D-2392-01	18	36519387	38305676	1206	0.0082
TCGA-HT-8012-10A-01D-2392-01	18	38310567	38311765	25	-0.6876
TCGA-HT-8012-10A-01D-2392-01	18	38312393	61918120	16247	-0.0021
TCGA-HT-8012-10A-01D-2392-01	18	61918268	61918902	2	-2.7062
TCGA-HT-8012-10A-01D-2392-01	18	61926575	76116029	10321	0.0074
TCGA-HT-8012-10A-01D-2392-01	19	41910	63789666	29279	-0.0054
TCGA-HT-8012-10A-01D-2392-01	2	2784	4181455	2982	0.0012
TCGA-HT-8012-10A-01D-2392-01	2	4183562	4201042	37	-0.5719
TCGA-HT-8012-10A-01D-2392-01	2	4201387	24455284	14846	7e-04
TCGA-HT-8012-10A-01D-2392-01	2	24455310	24465231	19	-1.0015
TCGA-HT-8012-10A-01D-2392-01	2	24467063	34861480	6357	0.002
TCGA-HT-8012-10A-01D-2392-01	2	34861751	34862369	7	-1.3314
TCGA-HT-8012-10A-01D-2392-01	2	34862724	52608385	12787	0.0033
TCGA-HT-8012-10A-01D-2392-01	2	52612257	52635046	33	0.3864
TCGA-HT-8012-10A-01D-2392-01	2	52641453	53163930	429	-0.0052
TCGA-HT-8012-10A-01D-2392-01	2	53166535	53192114	22	0.5032
TCGA-HT-8012-10A-01D-2392-01	2	53193544	77084854	15347	0.0021
TCGA-HT-8012-10A-01D-2392-01	2	77086141	77086934	2	-1.5296
TCGA-HT-8012-10A-01D-2392-01	2	77087355	86791198	6041	3e-04
TCGA-HT-8012-10A-01D-2392-01	2	86806581	86807365	2	1.6516
TCGA-HT-8012-10A-01D-2392-01	2	86823917	105502069	7058	0.0012
TCGA-HT-8012-10A-01D-2392-01	2	105504557	105505244	2	-1.831
TCGA-HT-8012-10A-01D-2392-01	2	105505648	208058999	61316	-7e-04
TCGA-HT-8012-10A-01D-2392-01	2	208063157	208067581	17	-0.7505
TCGA-HT-8012-10A-01D-2392-01	2	208067721	213093762	3189	0.0022
TCGA-HT-8012-10A-01D-2392-01	2	213093867	213094320	2	-2.7574
TCGA-HT-8012-10A-01D-2392-01	2	213095808	242738129	18864	0.0017
TCGA-HT-8012-10A-01D-2392-01	20	9305	1508999	1204	-0.014
TCGA-HT-8012-10A-01D-2392-01	20	1509580	1541849	39	-0.5994
TCGA-HT-8012-10A-01D-2392-01	20	1541893	28111932	18743	7e-04
TCGA-HT-8012-10A-01D-2392-01	20	28119491	28119554	2	-2.1077
TCGA-HT-8012-10A-01D-2392-01	20	28141554	62426597	22348	-0.002
TCGA-HT-8012-10A-01D-2392-01	21	9758742	13368583	130	-0.0026
TCGA-HT-8012-10A-01D-2392-01	21	13374733	13471836	18	-0.6894
TCGA-HT-8012-10A-01D-2392-01	21	13482581	43554267	22203	-1e-04
TCGA-HT-8012-10A-01D-2392-01	21	43557499	43557708	3	-1.7859
TCGA-HT-8012-10A-01D-2392-01	21	43563476	43792481	154	-0.0464
TCGA-HT-8012-10A-01D-2392-01	21	43795301	43797240	2	-2.2158
TCGA-HT-8012-10A-01D-2392-01	21	43798095	46921385	1759	0.0109
TCGA-HT-8012-10A-01D-2392-01	22	14432528	20051603	2857	-0.0148
TCGA-HT-8012-10A-01D-2392-01	22	20051720	20171832	33	-0.4045
TCGA-HT-8012-10A-01D-2392-01	22	20173935	20798619	404	-5e-04
TCGA-HT-8012-10A-01D-2392-01	22	20803918	20804613	6	-0.8548
TCGA-HT-8012-10A-01D-2392-01	22	20811498	20885836	183	-0.0125
TCGA-HT-8012-10A-01D-2392-01	22	20885858	20886213	3	-1.1472
TCGA-HT-8012-10A-01D-2392-01	22	20887033	32503406	8409	-0.0023
TCGA-HT-8012-10A-01D-2392-01	22	32504947	32504985	4	-1.7633
TCGA-HT-8012-10A-01D-2392-01	22	32511422	49581321	11617	-0.0044
TCGA-HT-8012-10A-01D-2392-01	3	35345	68828854	47653	8e-04
TCGA-HT-8012-10A-01D-2392-01	3	68828949	68830103	14	-1.5915
TCGA-HT-8012-10A-01D-2392-01	3	68831448	75651239	4923	-0.0065
TCGA-HT-8012-10A-01D-2392-01	3	75655239	75669495	6	1.0304
TCGA-HT-8012-10A-01D-2392-01	3	75677871	99382109	10352	0.0017
TCGA-HT-8012-10A-01D-2392-01	3	99391360	99396115	3	-1.8394
TCGA-HT-8012-10A-01D-2392-01	3	99397507	104266826	2736	-0.0054
TCGA-HT-8012-10A-01D-2392-01	3	104266988	104269832	2	-1.6788
TCGA-HT-8012-10A-01D-2392-01	3	104270146	129867213	15909	2e-04
TCGA-HT-8012-10A-01D-2392-01	3	129869292	129895021	14	0.5528
TCGA-HT-8012-10A-01D-2392-01	3	129896851	131246388	624	0.0083
TCGA-HT-8012-10A-01D-2392-01	3	131249276	131288926	51	0.5957
TCGA-HT-8012-10A-01D-2392-01	3	131289614	147956833	10408	0.0013
TCGA-HT-8012-10A-01D-2392-01	3	147957013	147959173	3	-1.6971
TCGA-HT-8012-10A-01D-2392-01	3	147959742	156958157	5497	-0.0011
TCGA-HT-8012-10A-01D-2392-01	3	156959241	156996103	30	0.4658
TCGA-HT-8012-10A-01D-2392-01	3	156998190	157276149	124	-0.0331
TCGA-HT-8012-10A-01D-2392-01	3	157281882	157291795	2	1.3712
TCGA-HT-8012-10A-01D-2392-01	3	157293920	163606060	3844	5e-04
TCGA-HT-8012-10A-01D-2392-01	3	163620294	163626942	15	-0.7835
TCGA-HT-8012-10A-01D-2392-01	3	163627082	163995433	259	5e-04
TCGA-HT-8012-10A-01D-2392-01	3	163995786	164108689	68	0.512
TCGA-HT-8012-10A-01D-2392-01	3	164109266	190843448	16607	0.0053
TCGA-HT-8012-10A-01D-2392-01	3	190846372	190853708	12	-0.7936
TCGA-HT-8012-10A-01D-2392-01	3	190855045	194356398	2474	0.0074
TCGA-HT-8012-10A-01D-2392-01	3	194356501	194365597	22	0.903
TCGA-HT-8012-10A-01D-2392-01	3	194369129	199380515	2700	0.0021
TCGA-HT-8012-10A-01D-2392-01	4	2281	9819488	5786	-0.0031
TCGA-HT-8012-10A-01D-2392-01	4	9823258	9844366	36	1.162
TCGA-HT-8012-10A-01D-2392-01	4	9845240	9999813	170	0.0118
TCGA-HT-8012-10A-01D-2392-01	4	10001452	10009766	16	-0.5302
TCGA-HT-8012-10A-01D-2392-01	4	10011816	34462895	16714	-0.0021
TCGA-HT-8012-10A-01D-2392-01	4	34463350	34501120	37	0.5281
TCGA-HT-8012-10A-01D-2392-01	4	34506267	61009907	14618	0.0029
TCGA-HT-8012-10A-01D-2392-01	4	61012589	61014212	2	-1.6636
TCGA-HT-8012-10A-01D-2392-01	4	61018159	68902978	4748	0.0085
TCGA-HT-8012-10A-01D-2392-01	4	68909443	68943659	7	1.1267
TCGA-HT-8012-10A-01D-2392-01	4	68964800	68977394	6	-1.1571
TCGA-HT-8012-10A-01D-2392-01	4	68987534	69054598	11	0.0725
TCGA-HT-8012-10A-01D-2392-01	4	69057536	69168574	64	0.4962
TCGA-HT-8012-10A-01D-2392-01	4	69171930	69406991	10	-0.1033
TCGA-HT-8012-10A-01D-2392-01	4	69408681	69512426	5	-0.9085
TCGA-HT-8012-10A-01D-2392-01	4	69571393	70158099	315	0.0159
TCGA-HT-8012-10A-01D-2392-01	4	70162233	70270740	57	-0.5732
TCGA-HT-8012-10A-01D-2392-01	4	70273685	115393149	27212	0.0024
TCGA-HT-8012-10A-01D-2392-01	4	115394772	115403678	24	0.8056
TCGA-HT-8012-10A-01D-2392-01	4	115403701	157104638	24772	0.0031
TCGA-HT-8012-10A-01D-2392-01	4	157107522	157112605	9	-0.9017
TCGA-HT-8012-10A-01D-2392-01	4	157113277	157176082	49	-0.079
TCGA-HT-8012-10A-01D-2392-01	4	157187425	157192655	16	-0.6242
TCGA-HT-8012-10A-01D-2392-01	4	157194147	172605106	9699	0.0061
TCGA-HT-8012-10A-01D-2392-01	4	172605921	172614019	9	-0.6935
TCGA-HT-8012-10A-01D-2392-01	4	172614033	173224503	395	-0.022
TCGA-HT-8012-10A-01D-2392-01	4	173225723	173226108	12	0.7608
TCGA-HT-8012-10A-01D-2392-01	4	173232554	189467331	10901	0.0112
TCGA-HT-8012-10A-01D-2392-01	4	189467414	189467789	2	-1.6537
TCGA-HT-8012-10A-01D-2392-01	4	189467814	191261904	1161	0.0041
TCGA-HT-8012-10A-01D-2392-01	5	68532	751371	308	0.0019
TCGA-HT-8012-10A-01D-2392-01	5	751472	872932	48	-0.3021
TCGA-HT-8012-10A-01D-2392-01	5	873036	12844720	9817	-0.0018
TCGA-HT-8012-10A-01D-2392-01	5	12868780	12873076	9	0.7592
TCGA-HT-8012-10A-01D-2392-01	5	12877411	17568801	3176	0.0045
TCGA-HT-8012-10A-01D-2392-01	5	17644656	17662218	16	-1.0088
TCGA-HT-8012-10A-01D-2392-01	5	17663173	46306865	17284	0.0037
TCGA-HT-8012-10A-01D-2392-01	5	46307687	46309259	6	-2.9645
TCGA-HT-8012-10A-01D-2392-01	5	46313969	155407683	65149	0.0015
TCGA-HT-8012-10A-01D-2392-01	5	155409350	155427837	18	-0.7307
TCGA-HT-8012-10A-01D-2392-01	5	155433570	160480733	3496	1e-04
TCGA-HT-8012-10A-01D-2392-01	5	160482276	160485988	4	-1.6158
TCGA-HT-8012-10A-01D-2392-01	5	160486719	177083710	11258	9e-04
TCGA-HT-8012-10A-01D-2392-01	5	177090005	177160157	6	-1.0324
TCGA-HT-8012-10A-01D-2392-01	5	177161185	180722926	1997	-0.0117
TCGA-HT-8012-10A-01D-2392-01	6	94661	202353	102	-7e-04
TCGA-HT-8012-10A-01D-2392-01	6	203265	327897	102	-0.3511
TCGA-HT-8012-10A-01D-2392-01	6	329109	29945167	21461	0.0035
TCGA-HT-8012-10A-01D-2392-01	6	29945293	29957246	14	-0.7464
TCGA-HT-8012-10A-01D-2392-01	6	29958175	31394284	671	0.034
TCGA-HT-8012-10A-01D-2392-01	6	31394510	31404430	9	-1.5194
TCGA-HT-8012-10A-01D-2392-01	6	31417903	32695435	551	0.0191
TCGA-HT-8012-10A-01D-2392-01	6	32700999	32710085	7	-1.4135
TCGA-HT-8012-10A-01D-2392-01	6	32710247	40472303	4969	0.0047
TCGA-HT-8012-10A-01D-2392-01	6	40473579	40476500	5	-1.067
TCGA-HT-8012-10A-01D-2392-01	6	40477271	54039110	8730	4e-04
TCGA-HT-8012-10A-01D-2392-01	6	54039189	54039814	6	1.5572
TCGA-HT-8012-10A-01D-2392-01	6	54043307	65393663	4334	0.0145
TCGA-HT-8012-10A-01D-2392-01	6	65404265	65405713	2	-1.8397
TCGA-HT-8012-10A-01D-2392-01	6	65407497	74648586	6126	0.0105
TCGA-HT-8012-10A-01D-2392-01	6	74648953	74658138	10	0.8035
TCGA-HT-8012-10A-01D-2392-01	6	74660283	77493251	1757	0.0104
TCGA-HT-8012-10A-01D-2392-01	6	77496587	77517792	22	0.4446
TCGA-HT-8012-10A-01D-2392-01	6	77524650	79025784	973	0.0188
TCGA-HT-8012-10A-01D-2392-01	6	79025824	79091746	108	0.475
TCGA-HT-8012-10A-01D-2392-01	6	79091893	103841522	15406	0.0072
TCGA-HT-8012-10A-01D-2392-01	6	103844669	103868754	46	0.5397
TCGA-HT-8012-10A-01D-2392-01	6	103872163	153876818	32010	0.0067
TCGA-HT-8012-10A-01D-2392-01	6	153877747	153882663	4	-1.7571
TCGA-HT-8012-10A-01D-2392-01	6	153887015	168075350	10148	0.0057
TCGA-HT-8012-10A-01D-2392-01	6	168078127	168338768	178	0.5513
TCGA-HT-8012-10A-01D-2392-01	6	168340091	170892930	1687	0.0247
TCGA-HT-8012-10A-01D-2392-01	7	52911	38260626	27287	0.0043
TCGA-HT-8012-10A-01D-2392-01	7	38261521	38277891	9	-0.3717
TCGA-HT-8012-10A-01D-2392-01	7	38284095	38298819	51	-0.7477
TCGA-HT-8012-10A-01D-2392-01	7	38299526	38371496	69	-0.4216
TCGA-HT-8012-10A-01D-2392-01	7	38371622	54353999	10961	0.0034
TCGA-HT-8012-10A-01D-2392-01	7	54354003	54354011	5	2.399
TCGA-HT-8012-10A-01D-2392-01	7	54360982	109221021	28666	0.0033
TCGA-HT-8012-10A-01D-2392-01	7	109221034	109228154	19	-0.811
TCGA-HT-8012-10A-01D-2392-01	7	109228155	109228448	6	-0.1144
TCGA-HT-8012-10A-01D-2392-01	7	109228480	109241146	11	-2.1768
TCGA-HT-8012-10A-01D-2392-01	7	109241218	125832210	9998	0.0065
TCGA-HT-8012-10A-01D-2392-01	7	125832718	125834113	14	-1.5729
TCGA-HT-8012-10A-01D-2392-01	7	125834114	133429192	4697	0.0018
TCGA-HT-8012-10A-01D-2392-01	7	133435717	133456784	38	0.4529
TCGA-HT-8012-10A-01D-2392-01	7	133459332	141406463	5170	0.0046
TCGA-HT-8012-10A-01D-2392-01	7	141407299	141433319	28	0.5806
TCGA-HT-8012-10A-01D-2392-01	7	141433599	142156294	466	-0.0839
TCGA-HT-8012-10A-01D-2392-01	7	142156339	142165614	26	0.5865
TCGA-HT-8012-10A-01D-2392-01	7	142165684	143540378	839	-0.0152
TCGA-HT-8012-10A-01D-2392-01	7	143542557	143706451	41	-0.5871
TCGA-HT-8012-10A-01D-2392-01	7	143706682	149918110	3836	0.0133
TCGA-HT-8012-10A-01D-2392-01	7	149919764	149932502	6	-1.8292
TCGA-HT-8012-10A-01D-2392-01	7	149938855	158819765	5817	-0.0011
TCGA-HT-8012-10A-01D-2392-01	8	21254	583041	327	-0.0068
TCGA-HT-8012-10A-01D-2392-01	8	584944	585875	8	-0.8957
TCGA-HT-8012-10A-01D-2392-01	8	585892	18309434	16315	0.0074
TCGA-HT-8012-10A-01D-2392-01	8	18310437	18315465	4	-1.8333
TCGA-HT-8012-10A-01D-2392-01	8	18315667	115703663	57841	0.0035
TCGA-HT-8012-10A-01D-2392-01	8	115703730	115710907	34	-0.5652
TCGA-HT-8012-10A-01D-2392-01	8	115719873	129817372	9757	0.0026
TCGA-HT-8012-10A-01D-2392-01	8	129821356	129825448	4	-1.4938
TCGA-HT-8012-10A-01D-2392-01	8	129832317	143848757	10411	0.0038
TCGA-HT-8012-10A-01D-2392-01	8	143854267	143857928	2	-1.8291
TCGA-HT-8012-10A-01D-2392-01	8	143871595	146268959	823	-0.0121
TCGA-HT-8012-10A-01D-2392-01	9	36587	44735726	31300	-5e-04
TCGA-HT-8012-10A-01D-2392-01	9	44745084	44839916	16	-0.6077
TCGA-HT-8012-10A-01D-2392-01	9	44840522	140211215	48214	-0.0016
TCGA-HT-8012-10A-01D-2392-01	X	108477	76270041	39945	0.0025
TCGA-HT-8012-10A-01D-2392-01	X	76278683	76440325	17	-0.6955
TCGA-HT-8012-10A-01D-2392-01	X	76461534	115051983	20530	0
TCGA-HT-8012-10A-01D-2392-01	X	115052431	115064666	6	-2.0899
TCGA-HT-8012-10A-01D-2392-01	X	115070447	154835548	23610	0.0027
TCGA-HT-8012-10A-01D-2392-01	Y	2710438	3315255	205	-3.0778
TCGA-HT-8012-10A-01D-2392-01	Y	3317144	6095471	598	-2.6469
TCGA-HT-8012-10A-01D-2392-01	Y	6099351	6099663	2	-7.6439
TCGA-HT-8012-10A-01D-2392-01	Y	6108274	6161396	32	-2.7432
TCGA-HT-8012-10A-01D-2392-01	Y	6161425	6356423	86	-3.9841
TCGA-HT-8012-10A-01D-2392-01	Y	6359046	7459842	462	-3.1405
TCGA-HT-8012-10A-01D-2392-01	Y	7460746	10369564	1199	-3.383
TCGA-HT-8012-10A-01D-2392-01	Y	10384614	14099670	951	-3.098
TCGA-HT-8012-10A-01D-2392-01	Y	14099736	14103917	3	-7.6439
TCGA-HT-8012-10A-01D-2392-01	Y	14104283	18080874	2077	-3.219
TCGA-HT-8012-10A-01D-2392-01	Y	18084284	19484001	672	-3.7101
TCGA-HT-8012-10A-01D-2392-01	Y	19484450	22919906	1274	-3.2449
TCGA-HT-8012-10A-01D-2392-01	Y	22924247	23394777	83	-3.8943
TCGA-HT-8012-10A-01D-2392-01	Y	23468779	23933747	17	-2.8244
TCGA-HT-8012-10A-01D-2392-01	Y	23934190	24840062	277	-3.6465
TCGA-HT-8012-10A-01D-2392-01	Y	24840296	25040317	36	-2.9034
TCGA-HT-8012-10A-01D-2392-01	Y	25040616	25649572	79	-4.2148
TCGA-HT-8012-10A-01D-2392-01	Y	25664067	25938472	40	-2.7785
TCGA-HT-8012-10A-01D-2392-01	Y	25944418	26009711	21	-3.936
TCGA-HT-8012-10A-01D-2392-01	Y	26011215	26129939	37	-2.7911
TCGA-HT-8012-10A-01D-2392-01	Y	26130472	26866725	259	-3.7509
TCGA-HT-8012-10A-01D-2392-01	Y	26868036	57427647	174	-2.9143
