barcode	chromosome	start	stop	num.mark	seg.mean
TCGA-E1-5303-01A-01D-1466-01	1	51598	25455928	14165	0.0087
TCGA-E1-5303-01A-01D-1466-01	1	25465715	25519533	27	-1.3862
TCGA-E1-5303-01A-01D-1466-01	1	25519573	72541504	28789	-0.0025
TCGA-E1-5303-01A-01D-1466-01	1	72541524	72583736	45	-0.8532
TCGA-E1-5303-01A-01D-1466-01	1	72584492	103957254	20097	-0.0017
TCGA-E1-5303-01A-01D-1466-01	1	103957325	104069745	34	-0.4227
TCGA-E1-5303-01A-01D-1466-01	1	104104926	105803129	916	0.0058
TCGA-E1-5303-01A-01D-1466-01	1	105803667	105823898	21	0.5215
TCGA-E1-5303-01A-01D-1466-01	1	105825578	110034497	2673	0.0037
TCGA-E1-5303-01A-01D-1466-01	1	110034560	110041701	16	-0.9203
TCGA-E1-5303-01A-01D-1466-01	1	110044476	147306690	8369	-0.0011
TCGA-E1-5303-01A-01D-1466-01	1	147307826	147475203	101	0.2886
TCGA-E1-5303-01A-01D-1466-01	1	147475520	150827507	1569	0.0151
TCGA-E1-5303-01A-01D-1466-01	1	150837793	150841873	12	-0.7532
TCGA-E1-5303-01A-01D-1466-01	1	150842085	151026302	183	-0.0178
TCGA-E1-5303-01A-01D-1466-01	1	151028547	151035324	37	0.6401
TCGA-E1-5303-01A-01D-1466-01	1	151040529	151605648	459	-0.0296
TCGA-E1-5303-01A-01D-1466-01	1	151607273	151607448	2	1.2871
TCGA-E1-5303-01A-01D-1466-01	1	151610998	159745160	4806	-0.0049
TCGA-E1-5303-01A-01D-1466-01	1	159745375	159905137	58	-0.3696
TCGA-E1-5303-01A-01D-1466-01	1	159914861	167483561	6018	-0.0143
TCGA-E1-5303-01A-01D-1466-01	1	167500598	167505182	4	-2.1464
TCGA-E1-5303-01A-01D-1466-01	1	167505355	173063179	3530	-0.0058
TCGA-E1-5303-01A-01D-1466-01	1	173063322	173064233	12	-0.7431
TCGA-E1-5303-01A-01D-1466-01	1	173064310	176926556	2520	-0.0057
TCGA-E1-5303-01A-01D-1466-01	1	176926632	176935278	27	0.3532
TCGA-E1-5303-01A-01D-1466-01	1	176935315	187914780	7377	-0.0071
TCGA-E1-5303-01A-01D-1466-01	1	187915106	187915150	2	-1.6832
TCGA-E1-5303-01A-01D-1466-01	1	187918670	194998709	4752	5e-04
TCGA-E1-5303-01A-01D-1466-01	1	195005246	195028443	38	-0.4044
TCGA-E1-5303-01A-01D-1466-01	1	195028689	246815817	35838	-0.0069
TCGA-E1-5303-01A-01D-1466-01	1	246815842	246863836	32	-0.5682
TCGA-E1-5303-01A-01D-1466-01	1	246875180	247191011	144	0.0375
TCGA-E1-5303-01A-01D-1466-01	10	62759	2345384	1744	0.5716
TCGA-E1-5303-01A-01D-1466-01	10	2345489	2347702	5	-0.4953
TCGA-E1-5303-01A-01D-1466-01	10	2350003	3933279	1535	0.556
TCGA-E1-5303-01A-01D-1466-01	10	3936610	3936730	2	-0.8866
TCGA-E1-5303-01A-01D-1466-01	10	3936744	4301643	352	0.5229
TCGA-E1-5303-01A-01D-1466-01	10	4301738	4301753	2	-0.7805
TCGA-E1-5303-01A-01D-1466-01	10	4301766	5607417	1113	0.5529
TCGA-E1-5303-01A-01D-1466-01	10	5607550	5609953	5	1.2857
TCGA-E1-5303-01A-01D-1466-01	10	5611628	6032550	283	0.5608
TCGA-E1-5303-01A-01D-1466-01	10	6034700	47417400	26928	0.0106
TCGA-E1-5303-01A-01D-1466-01	10	47432905	47468066	3	-1.0002
TCGA-E1-5303-01A-01D-1466-01	10	47480482	48274369	274	0.005
TCGA-E1-5303-01A-01D-1466-01	10	48274878	48503408	20	0.4071
TCGA-E1-5303-01A-01D-1466-01	10	48522382	51500366	1473	-0.0064
TCGA-E1-5303-01A-01D-1466-01	10	51510990	51664845	11	0.6289
TCGA-E1-5303-01A-01D-1466-01	10	51670542	54778135	2425	0.002
TCGA-E1-5303-01A-01D-1466-01	10	54789031	54789527	6	-1.0479
TCGA-E1-5303-01A-01D-1466-01	10	54789726	66977929	8591	0.0034
TCGA-E1-5303-01A-01D-1466-01	10	66977942	66984436	26	-0.4828
TCGA-E1-5303-01A-01D-1466-01	10	66984452	124334099	38401	-0.0061
TCGA-E1-5303-01A-01D-1466-01	10	124334213	124341003	5	-1.0828
TCGA-E1-5303-01A-01D-1466-01	10	124346802	135356694	7924	-0.0133
TCGA-E1-5303-01A-01D-1466-01	11	188510	5743981	3306	-0.0099
TCGA-E1-5303-01A-01D-1466-01	11	5744656	5764916	29	0.4424
TCGA-E1-5303-01A-01D-1466-01	11	5764952	6064366	244	-0.0118
TCGA-E1-5303-01A-01D-1466-01	11	6064845	6078670	8	0.6879
TCGA-E1-5303-01A-01D-1466-01	11	6079079	7741118	1241	-0.0153
TCGA-E1-5303-01A-01D-1466-01	11	7741291	7797867	23	-0.3891
TCGA-E1-5303-01A-01D-1466-01	11	7798159	18897446	7913	-0.0155
TCGA-E1-5303-01A-01D-1466-01	11	18905648	18906933	11	0.25
TCGA-E1-5303-01A-01D-1466-01	11	18907162	18916691	25	0.6675
TCGA-E1-5303-01A-01D-1466-01	11	18917326	18918314	17	0.3335
TCGA-E1-5303-01A-01D-1466-01	11	18918394	48747745	20707	-0.0089
TCGA-E1-5303-01A-01D-1466-01	11	48748092	48748579	2	-1.5006
TCGA-E1-5303-01A-01D-1466-01	11	48748613	51073150	775	0.0179
TCGA-E1-5303-01A-01D-1466-01	11	51073173	51078178	3	0.9026
TCGA-E1-5303-01A-01D-1466-01	11	51084088	55119916	366	0.0163
TCGA-E1-5303-01A-01D-1466-01	11	55130608	55196566	47	0.5275
TCGA-E1-5303-01A-01D-1466-01	11	55198894	55201870	5	-0.3032
TCGA-E1-5303-01A-01D-1466-01	11	55202521	55209585	7	0.6124
TCGA-E1-5303-01A-01D-1466-01	11	55210152	81181116	14626	-0.0066
TCGA-E1-5303-01A-01D-1466-01	11	81181640	81192975	6	0.5394
TCGA-E1-5303-01A-01D-1466-01	11	81193344	89187752	5314	-0.0058
TCGA-E1-5303-01A-01D-1466-01	11	89188540	89220000	4	-1.0557
TCGA-E1-5303-01A-01D-1466-01	11	89242221	134431964	32483	0.0888
TCGA-E1-5303-01A-01D-1466-01	11	134432021	134449982	15	-0.1813
TCGA-E1-5303-01A-01D-1466-01	12	20703	736231	417	0.1243
TCGA-E1-5303-01A-01D-1466-01	12	739370	743765	16	-0.439
TCGA-E1-5303-01A-01D-1466-01	12	744205	8372907	5158	0.352
TCGA-E1-5303-01A-01D-1466-01	12	8373127	9521823	615	0.0192
TCGA-E1-5303-01A-01D-1466-01	12	9525137	9619559	24	0.885
TCGA-E1-5303-01A-01D-1466-01	12	9626236	11112094	1047	0.0211
TCGA-E1-5303-01A-01D-1466-01	12	11113635	11132799	10	-1.0115
TCGA-E1-5303-01A-01D-1466-01	12	11143141	13212276	1538	0.0061
TCGA-E1-5303-01A-01D-1466-01	12	13215562	13225926	13	0.4563
TCGA-E1-5303-01A-01D-1466-01	12	13226129	24285021	7357	0.0034
TCGA-E1-5303-01A-01D-1466-01	12	24286469	24286539	3	-1.4618
TCGA-E1-5303-01A-01D-1466-01	12	24288211	27486111	2409	-0.0054
TCGA-E1-5303-01A-01D-1466-01	12	27486778	27489814	2	-2.011
TCGA-E1-5303-01A-01D-1466-01	12	27493224	31953020	3375	0.0043
TCGA-E1-5303-01A-01D-1466-01	12	31953155	31959449	8	0.6326
TCGA-E1-5303-01A-01D-1466-01	12	31963813	44186092	6544	0.0054
TCGA-E1-5303-01A-01D-1466-01	12	44190705	44195804	4	-1.5407
TCGA-E1-5303-01A-01D-1466-01	12	44199559	47011087	1718	-5e-04
TCGA-E1-5303-01A-01D-1466-01	12	47011286	47016303	6	0.7381
TCGA-E1-5303-01A-01D-1466-01	12	47016551	98299668	32023	-0.0602
TCGA-E1-5303-01A-01D-1466-01	12	98300468	98327249	43	0.1295
TCGA-E1-5303-01A-01D-1466-01	12	98327264	100556036	1378	-0.2008
TCGA-E1-5303-01A-01D-1466-01	12	100562322	103063573	1646	0.1391
TCGA-E1-5303-01A-01D-1466-01	12	103065898	103218883	89	-0.2103
TCGA-E1-5303-01A-01D-1466-01	12	103221232	103221444	2	-1.4193
TCGA-E1-5303-01A-01D-1466-01	12	103222333	118599325	10652	-0.1885
TCGA-E1-5303-01A-01D-1466-01	12	118599792	132288262	9001	0.1787
TCGA-E1-5303-01A-01D-1466-01	13	17924949	23528915	3681	-0.0588
TCGA-E1-5303-01A-01D-1466-01	13	23530140	23531050	4	-1.6078
TCGA-E1-5303-01A-01D-1466-01	13	23533254	31430622	5961	-0.0771
TCGA-E1-5303-01A-01D-1466-01	13	31430727	31436423	17	-0.7445
TCGA-E1-5303-01A-01D-1466-01	13	31438047	36969135	3905	-0.1586
TCGA-E1-5303-01A-01D-1466-01	13	36970036	36974671	8	0.3323
TCGA-E1-5303-01A-01D-1466-01	13	36976352	36982757	8	0.8042
TCGA-E1-5303-01A-01D-1466-01	13	36986330	71374989	21581	-0.1936
TCGA-E1-5303-01A-01D-1466-01	13	71375556	71378557	4	0.9983
TCGA-E1-5303-01A-01D-1466-01	13	71378606	77372095	4284	-0.2063
TCGA-E1-5303-01A-01D-1466-01	13	77373314	77373482	2	-1.7679
TCGA-E1-5303-01A-01D-1466-01	13	77373562	105114208	18674	-0.2018
TCGA-E1-5303-01A-01D-1466-01	13	105114826	105114979	4	-1.1843
TCGA-E1-5303-01A-01D-1466-01	13	105117373	114126499	6197	-0.1628
TCGA-E1-5303-01A-01D-1466-01	14	18072124	18730853	47	-0.0575
TCGA-E1-5303-01A-01D-1466-01	14	18759317	18763249	3	-1.117
TCGA-E1-5303-01A-01D-1466-01	14	18767885	19270221	33	-0.2048
TCGA-E1-5303-01A-01D-1466-01	14	19270249	19282175	8	-0.9389
TCGA-E1-5303-01A-01D-1466-01	14	19284340	19488797	94	-0.3636
TCGA-E1-5303-01A-01D-1466-01	14	19489099	19492423	4	-1.08
TCGA-E1-5303-01A-01D-1466-01	14	19493212	79946286	38734	-0.0548
TCGA-E1-5303-01A-01D-1466-01	14	79946908	79947112	2	1.41
TCGA-E1-5303-01A-01D-1466-01	14	79947726	105059083	16096	0.0031
TCGA-E1-5303-01A-01D-1466-01	14	105071276	105553341	135	0.218
TCGA-E1-5303-01A-01D-1466-01	14	105558085	105618552	27	-0.2327
TCGA-E1-5303-01A-01D-1466-01	14	105619258	105632486	8	-2.3338
TCGA-E1-5303-01A-01D-1466-01	14	105638145	105943107	142	-0.0191
TCGA-E1-5303-01A-01D-1466-01	14	105945406	106010833	60	-0.3404
TCGA-E1-5303-01A-01D-1466-01	14	106014567	106356482	216	0.0434
TCGA-E1-5303-01A-01D-1466-01	15	18276341	22220838	1428	0.0239
TCGA-E1-5303-01A-01D-1466-01	15	22225844	22269266	39	-0.4267
TCGA-E1-5303-01A-01D-1466-01	15	22269689	80471990	36584	-0.0018
TCGA-E1-5303-01A-01D-1466-01	15	80478557	80880487	12	0.5427
TCGA-E1-5303-01A-01D-1466-01	15	80905513	100286563	14025	-0.0016
TCGA-E1-5303-01A-01D-1466-01	16	777	453776	209	-0.0101
TCGA-E1-5303-01A-01D-1466-01	16	454408	593153	71	0.2921
TCGA-E1-5303-01A-01D-1466-01	16	593168	22485104	14584	0.0117
TCGA-E1-5303-01A-01D-1466-01	16	22494966	22611363	64	-0.4207
TCGA-E1-5303-01A-01D-1466-01	16	22612021	33212130	5328	-0.0024
TCGA-E1-5303-01A-01D-1466-01	16	33243718	33539331	87	-0.2735
TCGA-E1-5303-01A-01D-1466-01	16	33550900	76929109	21528	-0.0014
TCGA-E1-5303-01A-01D-1466-01	16	76929941	76940641	14	-1.9339
TCGA-E1-5303-01A-01D-1466-01	16	76942239	88815036	10648	0.0136
TCGA-E1-5303-01A-01D-1466-01	17	526	18260587	11444	-0.0028
TCGA-E1-5303-01A-01D-1466-01	17	18296117	18405311	28	-1.3203
TCGA-E1-5303-01A-01D-1466-01	17	18405946	19438482	377	-3e-04
TCGA-E1-5303-01A-01D-1466-01	17	19440328	19465343	27	-0.5964
TCGA-E1-5303-01A-01D-1466-01	17	19475598	36676629	9105	0.012
TCGA-E1-5303-01A-01D-1466-01	17	36676679	36684057	18	1.364
TCGA-E1-5303-01A-01D-1466-01	17	36686250	36936394	259	-7e-04
TCGA-E1-5303-01A-01D-1466-01	17	36940846	36941158	2	1.2061
TCGA-E1-5303-01A-01D-1466-01	17	36942125	40550731	1738	0.0154
TCGA-E1-5303-01A-01D-1466-01	17	40551189	40551339	3	-1.1865
TCGA-E1-5303-01A-01D-1466-01	17	40551507	41719947	634	0.1139
TCGA-E1-5303-01A-01D-1466-01	17	41750187	42139835	50	-0.4696
TCGA-E1-5303-01A-01D-1466-01	17	42139861	53042488	7013	-0.0029
TCGA-E1-5303-01A-01D-1466-01	17	53043332	53043992	2	-1.378
TCGA-E1-5303-01A-01D-1466-01	17	53046992	78643088	14609	0.0051
TCGA-E1-5303-01A-01D-1466-01	18	1543	12191399	8906	-0.0039
TCGA-E1-5303-01A-01D-1466-01	18	12191600	12228863	9	0.6677
TCGA-E1-5303-01A-01D-1466-01	18	12234140	25895286	7061	-0.002
TCGA-E1-5303-01A-01D-1466-01	18	25895377	25904961	10	-0.5744
TCGA-E1-5303-01A-01D-1466-01	18	25906149	36514604	6871	-0.0772
TCGA-E1-5303-01A-01D-1466-01	18	36514796	36519387	12	0.4936
TCGA-E1-5303-01A-01D-1466-01	18	36522022	73034925	25968	4e-04
TCGA-E1-5303-01A-01D-1466-01	18	73035052	73040268	2	-1.3276
TCGA-E1-5303-01A-01D-1466-01	18	73040968	76116029	1995	0.0045
TCGA-E1-5303-01A-01D-1466-01	19	41910	20386147	8987	0.022
TCGA-E1-5303-01A-01D-1466-01	19	20386516	20513074	73	-0.6761
TCGA-E1-5303-01A-01D-1466-01	19	20513302	47978604	11519	-0.0089
TCGA-E1-5303-01A-01D-1466-01	19	47979296	48234671	121	-0.7873
TCGA-E1-5303-01A-01D-1466-01	19	48240854	56834164	4265	-0.0523
TCGA-E1-5303-01A-01D-1466-01	19	56834427	56840009	10	-0.9373
TCGA-E1-5303-01A-01D-1466-01	19	56846717	58210326	947	-0.0592
TCGA-E1-5303-01A-01D-1466-01	19	58210559	58246131	24	0.6273
TCGA-E1-5303-01A-01D-1466-01	19	58246168	59975740	1084	-0.0512
TCGA-E1-5303-01A-01D-1466-01	19	59989695	60018425	17	0.7224
TCGA-E1-5303-01A-01D-1466-01	19	60022466	60060015	19	-0.0376
TCGA-E1-5303-01A-01D-1466-01	19	60060175	60065630	2	1.1884
TCGA-E1-5303-01A-01D-1466-01	19	60069820	60964869	437	-0.0518
TCGA-E1-5303-01A-01D-1466-01	19	60969862	60974879	6	0.8624
TCGA-E1-5303-01A-01D-1466-01	19	60978105	63789666	1849	-0.0435
TCGA-E1-5303-01A-01D-1466-01	2	2784	7614525	5963	0.0025
TCGA-E1-5303-01A-01D-1466-01	2	7618312	7618479	2	-1.418
TCGA-E1-5303-01A-01D-1466-01	2	7618968	17081331	6892	-0.0092
TCGA-E1-5303-01A-01D-1466-01	2	17084573	17101386	48	-0.6744
TCGA-E1-5303-01A-01D-1466-01	2	17101442	52607984	24310	0.0021
TCGA-E1-5303-01A-01D-1466-01	2	52608004	52635046	38	0.6714
TCGA-E1-5303-01A-01D-1466-01	2	52641453	89386116	22903	3e-04
TCGA-E1-5303-01A-01D-1466-01	2	89395525	91091707	180	-0.6089
TCGA-E1-5303-01A-01D-1466-01	2	91124554	106241154	6610	-0.0074
TCGA-E1-5303-01A-01D-1466-01	2	106246527	106251789	12	-1.5349
TCGA-E1-5303-01A-01D-1466-01	2	106253687	114078485	3845	-0.011
TCGA-E1-5303-01A-01D-1466-01	2	114078884	114097291	3	-1.3705
TCGA-E1-5303-01A-01D-1466-01	2	114100022	115256107	738	-0.003
TCGA-E1-5303-01A-01D-1466-01	2	115256138	115258864	10	0.6418
TCGA-E1-5303-01A-01D-1466-01	2	115258975	146578555	19366	-0.0044
TCGA-E1-5303-01A-01D-1466-01	2	146580874	146594880	27	0.7589
TCGA-E1-5303-01A-01D-1466-01	2	146594912	159666866	7797	-0.0019
TCGA-E1-5303-01A-01D-1466-01	2	159668589	159669219	2	1.5921
TCGA-E1-5303-01A-01D-1466-01	2	159671533	208063200	29208	-0.001
TCGA-E1-5303-01A-01D-1466-01	2	208063423	208067394	15	-0.6434
TCGA-E1-5303-01A-01D-1466-01	2	208067581	212894794	3046	0.003
TCGA-E1-5303-01A-01D-1466-01	2	212895448	212898993	16	-0.9283
TCGA-E1-5303-01A-01D-1466-01	2	212899012	242738129	19090	-0.0079
TCGA-E1-5303-01A-01D-1466-01	20	9305	1500174	1182	0.026
TCGA-E1-5303-01A-01D-1466-01	20	1500430	1508562	19	-0.6287
TCGA-E1-5303-01A-01D-1466-01	20	1508787	1508999	5	-0.0994
TCGA-E1-5303-01A-01D-1466-01	20	1509580	1541893	41	1.1696
TCGA-E1-5303-01A-01D-1466-01	20	1545946	28141554	18841	-0.0036
TCGA-E1-5303-01A-01D-1466-01	20	28143486	28143576	2	-1.7138
TCGA-E1-5303-01A-01D-1466-01	20	28147343	62426597	22420	-0.0117
TCGA-E1-5303-01A-01D-1466-01	21	9758742	32158326	13609	0.0089
TCGA-E1-5303-01A-01D-1466-01	21	32159854	32161919	3	-1.512
TCGA-E1-5303-01A-01D-1466-01	21	32173420	46921385	10807	0.0088
TCGA-E1-5303-01A-01D-1466-01	22	14432528	15875551	374	0.033
TCGA-E1-5303-01A-01D-1466-01	22	15879034	15879508	2	1.3738
TCGA-E1-5303-01A-01D-1466-01	22	15879890	17727928	1157	0.0255
TCGA-E1-5303-01A-01D-1466-01	22	17728158	17728199	2	-1.5506
TCGA-E1-5303-01A-01D-1466-01	22	17728926	22674422	3087	0.0639
TCGA-E1-5303-01A-01D-1466-01	22	22680529	22731529	20	0.9784
TCGA-E1-5303-01A-01D-1466-01	22	22732321	32503406	7276	-0.0011
TCGA-E1-5303-01A-01D-1466-01	22	32504947	32504985	4	-1.5643
TCGA-E1-5303-01A-01D-1466-01	22	32511422	34084112	1457	-0.014
TCGA-E1-5303-01A-01D-1466-01	22	34093314	37680168	2136	-0.2693
TCGA-E1-5303-01A-01D-1466-01	22	37681412	37779274	48	0.0431
TCGA-E1-5303-01A-01D-1466-01	22	37779449	43512004	3530	-0.2848
TCGA-E1-5303-01A-01D-1466-01	22	43514470	43515299	3	-2.0131
TCGA-E1-5303-01A-01D-1466-01	22	43515570	46462926	2066	-0.3075
TCGA-E1-5303-01A-01D-1466-01	22	46462963	46464579	3	-1.6392
TCGA-E1-5303-01A-01D-1466-01	22	46465147	49581321	2397	-0.2808
TCGA-E1-5303-01A-01D-1466-01	3	35345	68814718	47875	0.0271
TCGA-E1-5303-01A-01D-1466-01	3	68828854	68831476	17	0.4422
TCGA-E1-5303-01A-01D-1466-01	3	68831635	75651239	4939	-0.008
TCGA-E1-5303-01A-01D-1466-01	3	75655239	75738761	17	0.428
TCGA-E1-5303-01A-01D-1466-01	3	75752120	100419653	11010	0.0039
TCGA-E1-5303-01A-01D-1466-01	3	100420474	100431746	28	-0.4411
TCGA-E1-5303-01A-01D-1466-01	3	100431759	101800618	754	0.0014
TCGA-E1-5303-01A-01D-1466-01	3	101802248	101925199	64	0.5252
TCGA-E1-5303-01A-01D-1466-01	3	101929306	131243312	17945	-7e-04
TCGA-E1-5303-01A-01D-1466-01	3	131243814	131343315	79	0.4898
TCGA-E1-5303-01A-01D-1466-01	3	131351424	133475463	1420	-0.0011
TCGA-E1-5303-01A-01D-1466-01	3	133475926	133478374	2	1.1708
TCGA-E1-5303-01A-01D-1466-01	3	133483167	163995786	18856	-0.0012
TCGA-E1-5303-01A-01D-1466-01	3	163995843	164109297	69	0.5219
TCGA-E1-5303-01A-01D-1466-01	3	164111308	194360596	19198	0.0026
TCGA-E1-5303-01A-01D-1466-01	3	194360656	194365597	19	-0.8375
TCGA-E1-5303-01A-01D-1466-01	3	194369129	199380515	2708	0.0139
TCGA-E1-5303-01A-01D-1466-01	4	2281	9832726	5803	0.0069
TCGA-E1-5303-01A-01D-1466-01	4	9832946	9840347	25	-1.3865
TCGA-E1-5303-01A-01D-1466-01	4	9840596	9999813	179	-0.0152
TCGA-E1-5303-01A-01D-1466-01	4	10001452	10011816	17	0.4308
TCGA-E1-5303-01A-01D-1466-01	4	10011844	21191630	8212	-5e-04
TCGA-E1-5303-01A-01D-1466-01	4	21191687	21249448	60	0.3985
TCGA-E1-5303-01A-01D-1466-01	4	21256018	64388380	25195	-0.0144
TCGA-E1-5303-01A-01D-1466-01	4	64390176	64390853	8	-1.0052
TCGA-E1-5303-01A-01D-1466-01	4	64399026	70162241	3275	-0.1246
TCGA-E1-5303-01A-01D-1466-01	4	70163001	70294883	67	0.2766
TCGA-E1-5303-01A-01D-1466-01	4	70295947	93569360	14260	-0.0049
TCGA-E1-5303-01A-01D-1466-01	4	93576197	93577986	2	-1.384
TCGA-E1-5303-01A-01D-1466-01	4	93578518	162099574	41172	-0.1337
TCGA-E1-5303-01A-01D-1466-01	4	162099591	162104358	19	-0.7593
TCGA-E1-5303-01A-01D-1466-01	4	162104369	173224503	7087	-0.1988
TCGA-E1-5303-01A-01D-1466-01	4	173225723	173225875	4	-0.8166
TCGA-E1-5303-01A-01D-1466-01	4	173225948	173226108	8	-1.5722
TCGA-E1-5303-01A-01D-1466-01	4	173232554	191261904	12130	-0.0077
TCGA-E1-5303-01A-01D-1466-01	5	68532	15772350	12214	-0.0412
TCGA-E1-5303-01A-01D-1466-01	5	15773075	15773597	9	-0.9656
TCGA-E1-5303-01A-01D-1466-01	5	15776346	21412601	3508	-0.0298
TCGA-E1-5303-01A-01D-1466-01	5	21413596	21413610	2	1.2337
TCGA-E1-5303-01A-01D-1466-01	5	21421823	21481715	42	-0.0244
TCGA-E1-5303-01A-01D-1466-01	5	21481816	21502310	11	0.6091
TCGA-E1-5303-01A-01D-1466-01	5	21502382	29113856	4472	-0.0221
TCGA-E1-5303-01A-01D-1466-01	5	29114391	29118337	2	1.3019
TCGA-E1-5303-01A-01D-1466-01	5	29118411	39844188	7244	-0.0326
TCGA-E1-5303-01A-01D-1466-01	5	39844272	39859058	29	0.3061
TCGA-E1-5303-01A-01D-1466-01	5	39859176	46307687	3286	-0.0274
TCGA-E1-5303-01A-01D-1466-01	5	46308278	46313969	6	-1.629
TCGA-E1-5303-01A-01D-1466-01	5	46349104	76890158	16611	-0.0048
TCGA-E1-5303-01A-01D-1466-01	5	76893586	76894631	4	-1.1016
TCGA-E1-5303-01A-01D-1466-01	5	76895723	117414516	24796	9e-04
TCGA-E1-5303-01A-01D-1466-01	5	117416321	117416984	11	-1.4598
TCGA-E1-5303-01A-01D-1466-01	5	117432239	134758142	10787	-0.0019
TCGA-E1-5303-01A-01D-1466-01	5	134758419	134758799	3	-1.0553
TCGA-E1-5303-01A-01D-1466-01	5	134759675	137281344	1755	-0.0075
TCGA-E1-5303-01A-01D-1466-01	5	137281994	137283366	2	1.0235
TCGA-E1-5303-01A-01D-1466-01	5	137287699	137764510	187	-0.0136
TCGA-E1-5303-01A-01D-1466-01	5	137764954	137768536	5	0.9927
TCGA-E1-5303-01A-01D-1466-01	5	137773776	151495677	8657	-0.008
TCGA-E1-5303-01A-01D-1466-01	5	151495691	151496981	6	-0.8208
TCGA-E1-5303-01A-01D-1466-01	5	151498256	155404711	2666	-0.0023
TCGA-E1-5303-01A-01D-1466-01	5	155407677	155434757	24	0.3452
TCGA-E1-5303-01A-01D-1466-01	5	155436983	174071442	13190	-0.0086
TCGA-E1-5303-01A-01D-1466-01	5	174071710	174116124	18	0.3682
TCGA-E1-5303-01A-01D-1466-01	5	174116515	180307129	3434	-0.0024
TCGA-E1-5303-01A-01D-1466-01	5	180311316	180365831	20	0.6002
TCGA-E1-5303-01A-01D-1466-01	5	180365870	180722926	169	0.0439
TCGA-E1-5303-01A-01D-1466-01	6	94661	260197	129	0.0054
TCGA-E1-5303-01A-01D-1466-01	6	263804	311333	65	0.2678
TCGA-E1-5303-01A-01D-1466-01	6	318453	26850473	20107	-0.0074
TCGA-E1-5303-01A-01D-1466-01	6	26860015	26863894	6	-0.7735
TCGA-E1-5303-01A-01D-1466-01	6	26866009	29945051	1449	0.0159
TCGA-E1-5303-01A-01D-1466-01	6	29945166	30024484	45	0.3289
TCGA-E1-5303-01A-01D-1466-01	6	30024597	32577897	1170	0.0166
TCGA-E1-5303-01A-01D-1466-01	6	32577945	32681749	28	1.1358
TCGA-E1-5303-01A-01D-1466-01	6	32681992	54039026	13778	-0.0088
TCGA-E1-5303-01A-01D-1466-01	6	54039043	54039814	8	1.2389
TCGA-E1-5303-01A-01D-1466-01	6	54043307	67065007	5464	0.0058
TCGA-E1-5303-01A-01D-1466-01	6	67065744	67094275	32	-0.541
TCGA-E1-5303-01A-01D-1466-01	6	67094742	67099913	9	-1.6567
TCGA-E1-5303-01A-01D-1466-01	6	67099956	67105350	14	-0.5989
TCGA-E1-5303-01A-01D-1466-01	6	67106127	74648586	5006	0.0075
TCGA-E1-5303-01A-01D-1466-01	6	74648953	74658138	10	0.8549
TCGA-E1-5303-01A-01D-1466-01	6	74660283	77071668	1472	1e-04
TCGA-E1-5303-01A-01D-1466-01	6	77073620	77080308	10	0.5262
TCGA-E1-5303-01A-01D-1466-01	6	77080517	79019608	1289	0.0107
TCGA-E1-5303-01A-01D-1466-01	6	79025784	79091746	111	0.301
TCGA-E1-5303-01A-01D-1466-01	6	79091893	93632993	9255	5e-04
TCGA-E1-5303-01A-01D-1466-01	6	93633008	93634675	13	0.4938
TCGA-E1-5303-01A-01D-1466-01	6	93634698	152699084	37617	-0.0022
TCGA-E1-5303-01A-01D-1466-01	6	152699201	152699835	2	-1.3301
TCGA-E1-5303-01A-01D-1466-01	6	152699909	170621681	12810	0.0033
TCGA-E1-5303-01A-01D-1466-01	6	170621927	170892930	105	-0.3058
TCGA-E1-5303-01A-01D-1466-01	7	52911	243383	93	0.1146
TCGA-E1-5303-01A-01D-1466-01	7	250149	256525	11	-0.8067
TCGA-E1-5303-01A-01D-1466-01	7	256600	19218306	13571	0.0078
TCGA-E1-5303-01A-01D-1466-01	7	19222482	19222628	2	-1.3921
TCGA-E1-5303-01A-01D-1466-01	7	19222764	38260626	13777	-0.006
TCGA-E1-5303-01A-01D-1466-01	7	38261521	38269645	4	0.9049
TCGA-E1-5303-01A-01D-1466-01	7	38269669	38353968	116	0.2113
TCGA-E1-5303-01A-01D-1466-01	7	38357890	38364572	5	-1.5088
TCGA-E1-5303-01A-01D-1466-01	7	38367482	54353999	11016	-0.0052
TCGA-E1-5303-01A-01D-1466-01	7	54354003	54354011	5	-1.8049
TCGA-E1-5303-01A-01D-1466-01	7	54360982	100163125	23462	0.0048
TCGA-E1-5303-01A-01D-1466-01	7	100167180	100170778	3	-1.3252
TCGA-E1-5303-01A-01D-1466-01	7	100188941	100839206	264	-0.0034
TCGA-E1-5303-01A-01D-1466-01	7	100846452	100846669	2	-1.5978
TCGA-E1-5303-01A-01D-1466-01	7	100849631	110881189	6230	0.0131
TCGA-E1-5303-01A-01D-1466-01	7	110888778	110942341	22	-0.7492
TCGA-E1-5303-01A-01D-1466-01	7	110946336	133435717	13622	0.0011
TCGA-E1-5303-01A-01D-1466-01	7	133435735	133446174	25	-1.4763
TCGA-E1-5303-01A-01D-1466-01	7	133446205	143008152	6226	0.0034
TCGA-E1-5303-01A-01D-1466-01	7	143010522	143028975	5	1.0925
TCGA-E1-5303-01A-01D-1466-01	7	143028993	143216053	80	0.1658
TCGA-E1-5303-01A-01D-1466-01	7	143216402	143504310	258	-0.0046
TCGA-E1-5303-01A-01D-1466-01	7	143504885	143706451	47	-0.7085
TCGA-E1-5303-01A-01D-1466-01	7	143706682	148299832	3042	4e-04
TCGA-E1-5303-01A-01D-1466-01	7	148303279	148307678	4	-0.9618
TCGA-E1-5303-01A-01D-1466-01	7	148309709	157810356	6009	0.0041
TCGA-E1-5303-01A-01D-1466-01	7	157821349	157824926	2	2.3453
TCGA-E1-5303-01A-01D-1466-01	7	157829747	158819765	639	0.0543
TCGA-E1-5303-01A-01D-1466-01	8	21254	1347729	869	0.1917
TCGA-E1-5303-01A-01D-1466-01	8	1347794	1349796	19	-0.2501
TCGA-E1-5303-01A-01D-1466-01	8	1349885	2068619	601	0.1561
TCGA-E1-5303-01A-01D-1466-01	8	2068658	2069894	14	0.5266
TCGA-E1-5303-01A-01D-1466-01	8	2070054	2070284	2	1.7955
TCGA-E1-5303-01A-01D-1466-01	8	2072585	2235234	145	0.2173
TCGA-E1-5303-01A-01D-1466-01	8	2242045	2246630	10	-0.9579
TCGA-E1-5303-01A-01D-1466-01	8	2246736	2689341	462	0.2496
TCGA-E1-5303-01A-01D-1466-01	8	2690940	2694578	8	1.036
TCGA-E1-5303-01A-01D-1466-01	8	2694593	7202255	5707	0.2014
TCGA-E1-5303-01A-01D-1466-01	8	7202929	7836168	167	0.9727
TCGA-E1-5303-01A-01D-1466-01	8	7836261	7980592	30	0.1573
TCGA-E1-5303-01A-01D-1466-01	8	7980818	8040626	29	0.5397
TCGA-E1-5303-01A-01D-1466-01	8	8046614	8055342	4	-0.4996
TCGA-E1-5303-01A-01D-1466-01	8	8055446	11920666	3226	0.1949
TCGA-E1-5303-01A-01D-1466-01	8	11930637	12487426	122	0.6964
TCGA-E1-5303-01A-01D-1466-01	8	12517914	18053647	5139	0.1789
TCGA-E1-5303-01A-01D-1466-01	8	18053835	18056784	2	1.4803
TCGA-E1-5303-01A-01D-1466-01	8	18057599	25028104	5293	0.1596
TCGA-E1-5303-01A-01D-1466-01	8	25030360	25047021	28	0.7739
TCGA-E1-5303-01A-01D-1466-01	8	25047044	39349816	9040	0.1604
TCGA-E1-5303-01A-01D-1466-01	8	39354760	39504351	58	0.9827
TCGA-E1-5303-01A-01D-1466-01	8	39506122	47852029	2883	0.1678
TCGA-E1-5303-01A-01D-1466-01	8	47853293	47853455	2	-1.0709
TCGA-E1-5303-01A-01D-1466-01	8	47854342	72377865	15035	0.1607
TCGA-E1-5303-01A-01D-1466-01	8	72377918	72379153	8	-0.5465
TCGA-E1-5303-01A-01D-1466-01	8	72382417	85420526	7980	0.1647
TCGA-E1-5303-01A-01D-1466-01	8	85420544	85433237	21	-0.5586
TCGA-E1-5303-01A-01D-1466-01	8	85433247	96011420	6063	0.1631
TCGA-E1-5303-01A-01D-1466-01	8	96011968	112360670	10081	0.6461
TCGA-E1-5303-01A-01D-1466-01	8	112363455	112364421	9	0.012
TCGA-E1-5303-01A-01D-1466-01	8	112364436	137357608	17491	0.651
TCGA-E1-5303-01A-01D-1466-01	8	137359252	140672684	2793	0.2224
TCGA-E1-5303-01A-01D-1466-01	8	140673518	140674384	5	1.0602
TCGA-E1-5303-01A-01D-1466-01	8	140674897	140937351	191	0.2007
TCGA-E1-5303-01A-01D-1466-01	8	140939411	144770300	1957	0.5664
TCGA-E1-5303-01A-01D-1466-01	8	144776300	144778951	9	-2.0604
TCGA-E1-5303-01A-01D-1466-01	8	144790132	146268959	504	0.5834
TCGA-E1-5303-01A-01D-1466-01	9	36587	43159599	31388	-0.0254
TCGA-E1-5303-01A-01D-1466-01	9	43177963	43611189	27	-0.5729
TCGA-E1-5303-01A-01D-1466-01	9	43615607	140132205	48504	0.0022
TCGA-E1-5303-01A-01D-1466-01	9	140132242	140211215	24	0.4451
TCGA-E1-5303-01A-01D-1466-01	X	108477	62327266	33764	0.0029
TCGA-E1-5303-01A-01D-1466-01	X	62350277	62422360	26	0.7312
TCGA-E1-5303-01A-01D-1466-01	X	62422551	76206911	6277	0.0134
TCGA-E1-5303-01A-01D-1466-01	X	76206943	76440325	28	0.5478
TCGA-E1-5303-01A-01D-1466-01	X	76461534	115051983	20647	-0.001
TCGA-E1-5303-01A-01D-1466-01	X	115052431	115064666	6	-1.3084
TCGA-E1-5303-01A-01D-1466-01	X	115070447	126466099	6927	0.0075
TCGA-E1-5303-01A-01D-1466-01	X	126466125	126470015	6	-1.2319
TCGA-E1-5303-01A-01D-1466-01	X	126471963	153665315	16421	0.002
TCGA-E1-5303-01A-01D-1466-01	X	153667301	153670233	4	-2.4879
TCGA-E1-5303-01A-01D-1466-01	X	153672429	154835548	397	0.0073
TCGA-E1-5303-01A-01D-1466-01	Y	2710438	57427647	8590	-0.9401
