barcode	chromosome	start	stop	num.mark	seg.mean
TCGA-DU-8166-10A-01D-2252-01	1	51598	219021	21	0.1634
TCGA-DU-8166-10A-01D-2252-01	1	219036	346405	8	0.775
TCGA-DU-8166-10A-01D-2252-01	1	394034	16022502	8390	-0.0053
TCGA-DU-8166-10A-01D-2252-01	1	16026084	16026788	7	-2.0887
TCGA-DU-8166-10A-01D-2252-01	1	16026826	16040367	5	-0.6427
TCGA-DU-8166-10A-01D-2252-01	1	16040386	16878565	344	-0.0016
TCGA-DU-8166-10A-01D-2252-01	1	16884037	16954999	38	0.3274
TCGA-DU-8166-10A-01D-2252-01	1	16955178	16984764	14	-0.2354
TCGA-DU-8166-10A-01D-2252-01	1	16987014	17134834	69	0.3711
TCGA-DU-8166-10A-01D-2252-01	1	17148828	72541086	34092	0.0016
TCGA-DU-8166-10A-01D-2252-01	1	72541504	72583736	46	-1.5376
TCGA-DU-8166-10A-01D-2252-01	1	72584492	74949872	1442	-0.0133
TCGA-DU-8166-10A-01D-2252-01	1	74957006	74971878	8	-0.6942
TCGA-DU-8166-10A-01D-2252-01	1	74972372	103958859	18651	-0.0022
TCGA-DU-8166-10A-01D-2252-01	1	103959832	104104926	31	-0.9974
TCGA-DU-8166-10A-01D-2252-01	1	104105024	105820728	920	-0.0219
TCGA-DU-8166-10A-01D-2252-01	1	105820759	105823898	16	0.8377
TCGA-DU-8166-10A-01D-2252-01	1	105825578	108530807	1943	-0.012
TCGA-DU-8166-10A-01D-2252-01	1	108531282	108536400	3	-1.319
TCGA-DU-8166-10A-01D-2252-01	1	108539019	110029038	726	0.0201
TCGA-DU-8166-10A-01D-2252-01	1	110034497	110041701	17	-1.4257
TCGA-DU-8166-10A-01D-2252-01	1	110044476	112491849	1958	0.0027
TCGA-DU-8166-10A-01D-2252-01	1	112497488	112498721	21	-0.7032
TCGA-DU-8166-10A-01D-2252-01	1	112498736	143968539	5455	0.0113
TCGA-DU-8166-10A-01D-2252-01	1	143968791	143987628	4	1.0303
TCGA-DU-8166-10A-01D-2252-01	1	143987827	147125069	914	0.0425
TCGA-DU-8166-10A-01D-2252-01	1	147137024	147523315	150	-0.5622
TCGA-DU-8166-10A-01D-2252-01	1	147526040	151029062	1742	0.0093
TCGA-DU-8166-10A-01D-2252-01	1	151029078	151035324	28	0.6209
TCGA-DU-8166-10A-01D-2252-01	1	151040529	173063179	14882	0.0024
TCGA-DU-8166-10A-01D-2252-01	1	173063322	173068360	14	-0.8545
TCGA-DU-8166-10A-01D-2252-01	1	173068463	238458363	44798	-0.0018
TCGA-DU-8166-10A-01D-2252-01	1	238460638	238460747	5	-1.8585
TCGA-DU-8166-10A-01D-2252-01	1	238460762	246688775	5725	0.0082
TCGA-DU-8166-10A-01D-2252-01	1	246690960	246701763	5	1.255
TCGA-DU-8166-10A-01D-2252-01	1	246703887	246804070	27	-0.0939
TCGA-DU-8166-10A-01D-2252-01	1	246815817	246863836	33	-2.7339
TCGA-DU-8166-10A-01D-2252-01	1	246875180	247191011	143	0.0222
TCGA-DU-8166-10A-01D-2252-01	10	62759	18161039	14900	0.0023
TCGA-DU-8166-10A-01D-2252-01	10	18168253	18239819	8	-1.0299
TCGA-DU-8166-10A-01D-2252-01	10	18263653	24417680	4346	-0.0037
TCGA-DU-8166-10A-01D-2252-01	10	24417681	24418060	10	1.4257
TCGA-DU-8166-10A-01D-2252-01	10	24418914	27265910	1995	0.0068
TCGA-DU-8166-10A-01D-2252-01	10	27265997	27268479	12	0.5189
TCGA-DU-8166-10A-01D-2252-01	10	27269999	31286516	3040	0.008
TCGA-DU-8166-10A-01D-2252-01	10	31291340	31291732	9	-0.8126
TCGA-DU-8166-10A-01D-2252-01	10	31291744	45390058	7208	0.0044
TCGA-DU-8166-10A-01D-2252-01	10	45392878	45401367	8	-0.6093
TCGA-DU-8166-10A-01D-2252-01	10	45403177	45963863	57	0.0755
TCGA-DU-8166-10A-01D-2252-01	10	46005056	47011195	181	0.3666
TCGA-DU-8166-10A-01D-2252-01	10	47012100	47213507	189	0.5634
TCGA-DU-8166-10A-01D-2252-01	10	47213522	47433407	5	-1.1198
TCGA-DU-8166-10A-01D-2252-01	10	47468066	66976282	12799	-0.0103
TCGA-DU-8166-10A-01D-2252-01	10	66977929	66984452	28	-1.8867
TCGA-DU-8166-10A-01D-2252-01	10	66992801	77922857	6805	-6e-04
TCGA-DU-8166-10A-01D-2252-01	10	77927067	77927616	2	1.7153
TCGA-DU-8166-10A-01D-2252-01	10	77931273	135356694	39535	0.0064
TCGA-DU-8166-10A-01D-2252-01	11	188510	4924693	2479	0.0031
TCGA-DU-8166-10A-01D-2252-01	11	4925086	4930605	25	-1.895
TCGA-DU-8166-10A-01D-2252-01	11	4931740	134449982	84681	0
TCGA-DU-8166-10A-01D-2252-01	12	20703	9521823	6206	0.0081
TCGA-DU-8166-10A-01D-2252-01	12	9525137	9619559	24	-1.5824
TCGA-DU-8166-10A-01D-2252-01	12	9626236	31156324	15260	0.0054
TCGA-DU-8166-10A-01D-2252-01	12	31160565	31298390	92	0.5862
TCGA-DU-8166-10A-01D-2252-01	12	31301146	33185927	1303	0.0108
TCGA-DU-8166-10A-01D-2252-01	12	33192673	33198345	25	-0.6004
TCGA-DU-8166-10A-01D-2252-01	12	33198641	36300285	849	0.0094
TCGA-DU-8166-10A-01D-2252-01	12	36320625	36626690	60	0.2603
TCGA-DU-8166-10A-01D-2252-01	12	36633195	44190705	4724	-0.0068
TCGA-DU-8166-10A-01D-2252-01	12	44192107	44195804	3	-2.4569
TCGA-DU-8166-10A-01D-2252-01	12	44199559	73479477	17883	-0.0017
TCGA-DU-8166-10A-01D-2252-01	12	73481944	73482888	3	-1.3161
TCGA-DU-8166-10A-01D-2252-01	12	73483148	78677824	3279	-9e-04
TCGA-DU-8166-10A-01D-2252-01	12	78683166	78683211	3	1.0195
TCGA-DU-8166-10A-01D-2252-01	12	78688246	98319424	12599	-0.0035
TCGA-DU-8166-10A-01D-2252-01	12	98319599	98322283	24	0.4122
TCGA-DU-8166-10A-01D-2252-01	12	98322321	130686668	22198	0.0068
TCGA-DU-8166-10A-01D-2252-01	12	130698537	130708284	14	0.4849
TCGA-DU-8166-10A-01D-2252-01	12	130708322	132288262	571	-0.0469
TCGA-DU-8166-10A-01D-2252-01	13	17924949	22527210	2899	0.0153
TCGA-DU-8166-10A-01D-2252-01	13	22530678	22531515	12	-0.6151
TCGA-DU-8166-10A-01D-2252-01	13	22536195	28927818	4861	0.0118
TCGA-DU-8166-10A-01D-2252-01	13	28929562	28931228	2	-1.34
TCGA-DU-8166-10A-01D-2252-01	13	28934193	36969135	5802	0.0097
TCGA-DU-8166-10A-01D-2252-01	13	36970036	36982757	16	0.4921
TCGA-DU-8166-10A-01D-2252-01	13	36986330	71374989	21588	-0.0114
TCGA-DU-8166-10A-01D-2252-01	13	71375556	71378557	4	-3.0657
TCGA-DU-8166-10A-01D-2252-01	13	71378606	114126499	29168	-0.0061
TCGA-DU-8166-10A-01D-2252-01	14	18072124	19227683	81	0.2775
TCGA-DU-8166-10A-01D-2252-01	14	19270023	19492423	108	-0.3794
TCGA-DU-8166-10A-01D-2252-01	14	19493212	20245114	572	-0.0097
TCGA-DU-8166-10A-01D-2252-01	14	20245929	20245932	2	-1.3888
TCGA-DU-8166-10A-01D-2252-01	14	20248238	23496564	2162	0.0079
TCGA-DU-8166-10A-01D-2252-01	14	23499138	23554299	27	-0.6826
TCGA-DU-8166-10A-01D-2252-01	14	23557983	73065527	31406	0.0017
TCGA-DU-8166-10A-01D-2252-01	14	73070876	73090732	9	0.8623
TCGA-DU-8166-10A-01D-2252-01	14	73099653	105605189	20826	-0.0015
TCGA-DU-8166-10A-01D-2252-01	14	105606340	105632486	14	0.9765
TCGA-DU-8166-10A-01D-2252-01	14	105638145	105786534	67	0.1588
TCGA-DU-8166-10A-01D-2252-01	14	105788401	105798514	8	-0.6375
TCGA-DU-8166-10A-01D-2252-01	14	105799207	105824904	11	0.094
TCGA-DU-8166-10A-01D-2252-01	14	105824907	105825048	3	1.0256
TCGA-DU-8166-10A-01D-2252-01	14	105827903	105943107	53	0.053
TCGA-DU-8166-10A-01D-2252-01	14	105945406	105989153	52	-0.6114
TCGA-DU-8166-10A-01D-2252-01	14	105989694	106356482	224	0.0353
TCGA-DU-8166-10A-01D-2252-01	15	18276341	18714273	70	0.1123
TCGA-DU-8166-10A-01D-2252-01	15	18728578	18838435	27	-0.3325
TCGA-DU-8166-10A-01D-2252-01	15	18841465	18841578	7	0.5151
TCGA-DU-8166-10A-01D-2252-01	15	18846002	18846971	12	-1.0145
TCGA-DU-8166-10A-01D-2252-01	15	18850041	19911396	233	-0.197
TCGA-DU-8166-10A-01D-2252-01	15	19911707	20088838	72	-0.6289
TCGA-DU-8166-10A-01D-2252-01	15	20224763	20658550	269	0.0401
TCGA-DU-8166-10A-01D-2252-01	15	20659585	20676330	6	-0.9817
TCGA-DU-8166-10A-01D-2252-01	15	20687605	21908260	583	0.0141
TCGA-DU-8166-10A-01D-2252-01	15	21908305	22063128	84	0.6655
TCGA-DU-8166-10A-01D-2252-01	15	22065713	22225980	65	0.0327
TCGA-DU-8166-10A-01D-2252-01	15	22226226	22321606	59	-0.583
TCGA-DU-8166-10A-01D-2252-01	15	22322955	24579934	1664	0.0098
TCGA-DU-8166-10A-01D-2252-01	15	24583160	24583718	3	-1.4722
TCGA-DU-8166-10A-01D-2252-01	15	24584887	31404478	3777	0.0204
TCGA-DU-8166-10A-01D-2252-01	15	31404825	31405802	2	-1.3725
TCGA-DU-8166-10A-01D-2252-01	15	31406111	51572180	12610	0.0028
TCGA-DU-8166-10A-01D-2252-01	15	51572283	51572486	4	-0.89
TCGA-DU-8166-10A-01D-2252-01	15	51572555	67116869	10568	0.0033
TCGA-DU-8166-10A-01D-2252-01	15	67118339	67118414	2	1.4566
TCGA-DU-8166-10A-01D-2252-01	15	67124729	74678566	4252	-5e-04
TCGA-DU-8166-10A-01D-2252-01	15	74678682	74682830	20	-2.0558
TCGA-DU-8166-10A-01D-2252-01	15	74689234	100286563	17690	0.0048
TCGA-DU-8166-10A-01D-2252-01	16	777	18336886	12818	0.0081
TCGA-DU-8166-10A-01D-2252-01	16	18459088	18464712	3	1.696
TCGA-DU-8166-10A-01D-2252-01	16	18501901	19851864	712	0.0111
TCGA-DU-8166-10A-01D-2252-01	16	19853151	19873333	27	-0.9802
TCGA-DU-8166-10A-01D-2252-01	16	19873376	31935807	6526	0.0019
TCGA-DU-8166-10A-01D-2252-01	16	31940887	32496123	87	0.3604
TCGA-DU-8166-10A-01D-2252-01	16	32496402	32496410	5	1.3603
TCGA-DU-8166-10A-01D-2252-01	16	32516775	33149454	77	0.2546
TCGA-DU-8166-10A-01D-2252-01	16	33208395	33539331	89	0.5567
TCGA-DU-8166-10A-01D-2252-01	16	33550900	64593244	13773	-8e-04
TCGA-DU-8166-10A-01D-2252-01	16	64593645	64594264	4	-0.9419
TCGA-DU-8166-10A-01D-2252-01	16	64600882	68709028	2008	0.0034
TCGA-DU-8166-10A-01D-2252-01	16	68709061	68792037	18	0.4673
TCGA-DU-8166-10A-01D-2252-01	16	68803426	73782523	2982	0.0112
TCGA-DU-8166-10A-01D-2252-01	16	73785470	73785484	2	1.2012
TCGA-DU-8166-10A-01D-2252-01	16	73787130	76930347	2746	0.0081
TCGA-DU-8166-10A-01D-2252-01	16	76930838	76933878	4	-1.6921
TCGA-DU-8166-10A-01D-2252-01	16	76934212	88815036	10657	-0.0029
TCGA-DU-8166-10A-01D-2252-01	17	526	31460821	18399	1e-04
TCGA-DU-8166-10A-01D-2252-01	17	31461241	31509204	37	0.927
TCGA-DU-8166-10A-01D-2252-01	17	31552238	36675234	2544	-0.0022
TCGA-DU-8166-10A-01D-2252-01	17	36676540	36683976	23	-0.6132
TCGA-DU-8166-10A-01D-2252-01	17	36684057	41537391	2526	-0.0103
TCGA-DU-8166-10A-01D-2252-01	17	41543275	41717786	109	-0.4553
TCGA-DU-8166-10A-01D-2252-01	17	41718140	41860676	15	-0.0696
TCGA-DU-8166-10A-01D-2252-01	17	41879021	41879036	2	1.3777
TCGA-DU-8166-10A-01D-2252-01	17	41901645	43239404	580	-0.0083
TCGA-DU-8166-10A-01D-2252-01	17	43240314	43240755	2	-1.465
TCGA-DU-8166-10A-01D-2252-01	17	43242950	59760426	9829	0.001
TCGA-DU-8166-10A-01D-2252-01	17	59760739	59760871	3	-1.115
TCGA-DU-8166-10A-01D-2252-01	17	59760976	68596947	5959	-0.0029
TCGA-DU-8166-10A-01D-2252-01	17	68597086	68601864	7	-0.7312
TCGA-DU-8166-10A-01D-2252-01	17	68601895	78643088	5276	-0.0171
TCGA-DU-8166-10A-01D-2252-01	18	1543	41807866	26391	0.004
TCGA-DU-8166-10A-01D-2252-01	18	41810284	41816100	6	1.1454
TCGA-DU-8166-10A-01D-2252-01	18	41820251	57433136	10872	0.0044
TCGA-DU-8166-10A-01D-2252-01	18	57433176	57433289	2	-1.1839
TCGA-DU-8166-10A-01D-2252-01	18	57435845	64033984	4670	-0.007
TCGA-DU-8166-10A-01D-2252-01	18	64034279	64034323	3	-1.044
TCGA-DU-8166-10A-01D-2252-01	18	64047006	71641081	5815	-0.0166
TCGA-DU-8166-10A-01D-2252-01	18	71643920	71644347	4	-0.9018
TCGA-DU-8166-10A-01D-2252-01	18	71646617	74761681	2371	0.0013
TCGA-DU-8166-10A-01D-2252-01	18	74763702	74765851	5	-1.0476
TCGA-DU-8166-10A-01D-2252-01	18	74767437	76116029	704	-0.0017
TCGA-DU-8166-10A-01D-2252-01	19	41910	40541149	16832	-0.004
TCGA-DU-8166-10A-01D-2252-01	19	40541162	40553688	23	-0.4704
TCGA-DU-8166-10A-01D-2252-01	19	40558584	46044577	2799	-0.0098
TCGA-DU-8166-10A-01D-2252-01	19	46048840	46083995	32	0.5147
TCGA-DU-8166-10A-01D-2252-01	19	46084494	58208894	6242	-0.0063
TCGA-DU-8166-10A-01D-2252-01	19	58210326	58244041	23	0.9792
TCGA-DU-8166-10A-01D-2252-01	19	58246052	60964869	1561	-5e-04
TCGA-DU-8166-10A-01D-2252-01	19	60969862	60974879	6	-0.9544
TCGA-DU-8166-10A-01D-2252-01	19	60978105	63789666	1850	-0.0065
TCGA-DU-8166-10A-01D-2252-01	2	2784	285255	181	0.036
TCGA-DU-8166-10A-01D-2252-01	2	286789	286852	3	-0.9667
TCGA-DU-8166-10A-01D-2252-01	2	290879	3710421	2389	-0.0023
TCGA-DU-8166-10A-01D-2252-01	2	3710462	3711148	3	-1.216
TCGA-DU-8166-10A-01D-2252-01	2	3714413	8046789	3731	-0.0024
TCGA-DU-8166-10A-01D-2252-01	2	8048336	8054069	8	-1.2614
TCGA-DU-8166-10A-01D-2252-01	2	8057375	52607972	30909	-0.0016
TCGA-DU-8166-10A-01D-2252-01	2	52607984	52635046	39	-2.7372
TCGA-DU-8166-10A-01D-2252-01	2	52641453	65677884	8336	-0.0053
TCGA-DU-8166-10A-01D-2252-01	2	65677944	65683635	5	-0.8826
TCGA-DU-8166-10A-01D-2252-01	2	65685713	87741430	13889	-0.0018
TCGA-DU-8166-10A-01D-2252-01	2	87741703	87962359	16	0.408
TCGA-DU-8166-10A-01D-2252-01	2	87973022	88516632	271	0.0252
TCGA-DU-8166-10A-01D-2252-01	2	88519622	88523415	6	-0.9751
TCGA-DU-8166-10A-01D-2252-01	2	88524894	95946534	1061	0.0665
TCGA-DU-8166-10A-01D-2252-01	2	95949860	95975419	12	-0.3676
TCGA-DU-8166-10A-01D-2252-01	2	95976626	97484644	510	0.0367
TCGA-DU-8166-10A-01D-2252-01	2	97507179	97528142	8	-0.8898
TCGA-DU-8166-10A-01D-2252-01	2	97528621	105753297	5158	0.0078
TCGA-DU-8166-10A-01D-2252-01	2	105755344	105759231	9	-0.8366
TCGA-DU-8166-10A-01D-2252-01	2	105761241	138204570	19230	0.0044
TCGA-DU-8166-10A-01D-2252-01	2	138205997	138211717	2	-1.8165
TCGA-DU-8166-10A-01D-2252-01	2	138212362	184282192	28359	-6e-04
TCGA-DU-8166-10A-01D-2252-01	2	184285438	184285569	3	-3.8875
TCGA-DU-8166-10A-01D-2252-01	2	184289140	195899366	6575	-0.0258
TCGA-DU-8166-10A-01D-2252-01	2	195899630	195930311	9	0.3139
TCGA-DU-8166-10A-01D-2252-01	2	195931528	196381778	244	-0.0175
TCGA-DU-8166-10A-01D-2252-01	2	196384734	196385039	2	-1.1454
TCGA-DU-8166-10A-01D-2252-01	2	196388294	198464076	1174	0.0028
TCGA-DU-8166-10A-01D-2252-01	2	198466946	198469586	3	-1.1614
TCGA-DU-8166-10A-01D-2252-01	2	198470787	222179257	14958	0.0037
TCGA-DU-8166-10A-01D-2252-01	2	222179704	222179760	2	1.2519
TCGA-DU-8166-10A-01D-2252-01	2	222180806	228602915	4236	-0.0015
TCGA-DU-8166-10A-01D-2252-01	2	228603036	228619746	15	-0.4406
TCGA-DU-8166-10A-01D-2252-01	2	228619921	233020169	2601	-0.0015
TCGA-DU-8166-10A-01D-2252-01	2	233026322	233071675	16	0.5924
TCGA-DU-8166-10A-01D-2252-01	2	233078029	242738129	6171	0.003
TCGA-DU-8166-10A-01D-2252-01	20	9305	1508787	1202	1e-04
TCGA-DU-8166-10A-01D-2252-01	20	1508802	1530207	40	1.2882
TCGA-DU-8166-10A-01D-2252-01	20	1538257	62426597	41274	0.0011
TCGA-DU-8166-10A-01D-2252-01	21	9758742	9944039	25	0.5203
TCGA-DU-8166-10A-01D-2252-01	21	9944889	18558114	3392	0.0136
TCGA-DU-8166-10A-01D-2252-01	21	18558177	18560335	3	-1.4606
TCGA-DU-8166-10A-01D-2252-01	21	18561066	43792481	19235	-0.0045
TCGA-DU-8166-10A-01D-2252-01	21	43795301	43797240	2	-2.9585
TCGA-DU-8166-10A-01D-2252-01	21	43798095	46921385	1766	-0.0213
TCGA-DU-8166-10A-01D-2252-01	22	14432528	14870663	68	0.2913
TCGA-DU-8166-10A-01D-2252-01	22	14870820	17052885	1147	0.0289
TCGA-DU-8166-10A-01D-2252-01	22	17053357	17190110	11	0.8041
TCGA-DU-8166-10A-01D-2252-01	22	17256428	22601745	3366	-0.0033
TCGA-DU-8166-10A-01D-2252-01	22	22613016	22674422	33	0.4032
TCGA-DU-8166-10A-01D-2252-01	22	22680529	22721081	16	-2.4491
TCGA-DU-8166-10A-01D-2252-01	22	22723745	22726814	3	-1.0859
TCGA-DU-8166-10A-01D-2252-01	22	22731529	24014408	833	0.017
TCGA-DU-8166-10A-01D-2252-01	22	24014831	24015837	2	1.3393
TCGA-DU-8166-10A-01D-2252-01	22	24019073	41222383	11957	-0.0041
TCGA-DU-8166-10A-01D-2252-01	22	41222526	41254977	19	0.4948
TCGA-DU-8166-10A-01D-2252-01	22	41255156	49581321	6117	-0.0129
TCGA-DU-8166-10A-01D-2252-01	3	35345	6621543	5848	-0.0094
TCGA-DU-8166-10A-01D-2252-01	3	6626128	6628332	23	-0.7472
TCGA-DU-8166-10A-01D-2252-01	3	6630078	68828854	42016	0.0035
TCGA-DU-8166-10A-01D-2252-01	3	68828949	68830103	14	-1.5189
TCGA-DU-8166-10A-01D-2252-01	3	68831448	89752705	12837	-7e-04
TCGA-DU-8166-10A-01D-2252-01	3	89754023	89761289	9	-1.085
TCGA-DU-8166-10A-01D-2252-01	3	89767997	96938796	1258	-0.0101
TCGA-DU-8166-10A-01D-2252-01	3	96949570	96950800	2	-3.5283
TCGA-DU-8166-10A-01D-2252-01	3	96951370	100427288	1862	-0.0041
TCGA-DU-8166-10A-01D-2252-01	3	100427309	100433654	34	0.3172
TCGA-DU-8166-10A-01D-2252-01	3	100434073	105619221	2925	8e-04
TCGA-DU-8166-10A-01D-2252-01	3	105619236	105619399	3	-1.2685
TCGA-DU-8166-10A-01D-2252-01	3	105620028	126918122	13345	0.002
TCGA-DU-8166-10A-01D-2252-01	3	126918927	126952111	14	0.4807
TCGA-DU-8166-10A-01D-2252-01	3	126958024	131243312	2468	-0.0012
TCGA-DU-8166-10A-01D-2252-01	3	131243814	131288926	54	0.5835
TCGA-DU-8166-10A-01D-2252-01	3	131289614	137501789	4037	0.005
TCGA-DU-8166-10A-01D-2252-01	3	137505641	137508116	2	1.459
TCGA-DU-8166-10A-01D-2252-01	3	137521231	163990962	16258	0.0022
TCGA-DU-8166-10A-01D-2252-01	3	163995351	164098609	64	0.392
TCGA-DU-8166-10A-01D-2252-01	3	164106536	164197211	78	-0.1029
TCGA-DU-8166-10A-01D-2252-01	3	164200421	164202256	2	-3.3969
TCGA-DU-8166-10A-01D-2252-01	3	164208853	194360656	19133	-0.0053
TCGA-DU-8166-10A-01D-2252-01	3	194360739	194369454	26	-0.4266
TCGA-DU-8166-10A-01D-2252-01	3	194369555	196875861	1480	0.009
TCGA-DU-8166-10A-01D-2252-01	3	196884256	196960434	45	-0.4031
TCGA-DU-8166-10A-01D-2252-01	3	196964365	199380515	1174	0.0042
TCGA-DU-8166-10A-01D-2252-01	4	2281	52126	54	0.3202
TCGA-DU-8166-10A-01D-2252-01	4	55677	4023209	1608	-0.0278
TCGA-DU-8166-10A-01D-2252-01	4	4035442	4228710	62	0.2608
TCGA-DU-8166-10A-01D-2252-01	4	4232903	9066075	3527	0.0029
TCGA-DU-8166-10A-01D-2252-01	4	9070328	9074070	3	2.136
TCGA-DU-8166-10A-01D-2252-01	4	9079832	9832514	552	0.0305
TCGA-DU-8166-10A-01D-2252-01	4	9832726	9840596	27	-2.0691
TCGA-DU-8166-10A-01D-2252-01	4	9843312	9999220	177	0.018
TCGA-DU-8166-10A-01D-2252-01	4	9999813	10011844	19	0.37
TCGA-DU-8166-10A-01D-2252-01	4	10011862	34455399	16807	5e-04
TCGA-DU-8166-10A-01D-2252-01	4	34455420	34501120	41	0.3793
TCGA-DU-8166-10A-01D-2252-01	4	34506267	48760738	8971	-0.0036
TCGA-DU-8166-10A-01D-2252-01	4	48775770	49351270	44	0.3032
TCGA-DU-8166-10A-01D-2252-01	4	49351352	64376535	7587	-0.0022
TCGA-DU-8166-10A-01D-2252-01	4	64380064	64390818	28	0.3237
TCGA-DU-8166-10A-01D-2252-01	4	64390853	68902978	2853	-0.0067
TCGA-DU-8166-10A-01D-2252-01	4	68909443	68943659	7	0.7722
TCGA-DU-8166-10A-01D-2252-01	4	68964800	69054598	17	0.138
TCGA-DU-8166-10A-01D-2252-01	4	69057536	69204004	69	0.6467
TCGA-DU-8166-10A-01D-2252-01	4	69211554	70155482	325	-0.0419
TCGA-DU-8166-10A-01D-2252-01	4	70155839	70306140	79	0.2611
TCGA-DU-8166-10A-01D-2252-01	4	70312519	70424305	90	-0.0508
TCGA-DU-8166-10A-01D-2252-01	4	70424450	70425368	2	-2.4238
TCGA-DU-8166-10A-01D-2252-01	4	70426477	138311553	40551	-7e-04
TCGA-DU-8166-10A-01D-2252-01	4	138311645	138314422	18	-0.5413
TCGA-DU-8166-10A-01D-2252-01	4	138314571	156021998	10843	0.0093
TCGA-DU-8166-10A-01D-2252-01	4	156022455	156022528	3	-3.7012
TCGA-DU-8166-10A-01D-2252-01	4	156022649	157076095	712	0.0115
TCGA-DU-8166-10A-01D-2252-01	4	157079999	157080555	2	-1.8509
TCGA-DU-8166-10A-01D-2252-01	4	157081811	172605921	9906	-0.0023
TCGA-DU-8166-10A-01D-2252-01	4	172611459	172614019	8	-0.9879
TCGA-DU-8166-10A-01D-2252-01	4	172614033	191195137	12539	-0.0022
TCGA-DU-8166-10A-01D-2252-01	4	191204243	191261904	6	0.7706
TCGA-DU-8166-10A-01D-2252-01	5	68532	738748	308	0.009
TCGA-DU-8166-10A-01D-2252-01	5	751371	826568	29	1.1409
TCGA-DU-8166-10A-01D-2252-01	5	832860	878307	27	0.6542
TCGA-DU-8166-10A-01D-2252-01	5	878653	21412601	15369	0.001
TCGA-DU-8166-10A-01D-2252-01	5	21413596	21413610	2	1.2598
TCGA-DU-8166-10A-01D-2252-01	5	21421823	21487034	47	0.0371
TCGA-DU-8166-10A-01D-2252-01	5	21487721	21488253	4	0.8451
TCGA-DU-8166-10A-01D-2252-01	5	21490696	34834875	8354	-0.0083
TCGA-DU-8166-10A-01D-2252-01	5	34838113	34838141	2	-1.1891
TCGA-DU-8166-10A-01D-2252-01	5	34839709	36823635	1408	0.011
TCGA-DU-8166-10A-01D-2252-01	5	36823852	36828385	4	-1.666
TCGA-DU-8166-10A-01D-2252-01	5	36828572	46227641	5249	0.0029
TCGA-DU-8166-10A-01D-2252-01	5	46231640	46235192	4	-1.0664
TCGA-DU-8166-10A-01D-2252-01	5	46245056	46287063	13	0.0755
TCGA-DU-8166-10A-01D-2252-01	5	46306765	46309259	8	1.2376
TCGA-DU-8166-10A-01D-2252-01	5	46313969	57357403	5084	0.0061
TCGA-DU-8166-10A-01D-2252-01	5	57361784	57369272	31	1.7012
TCGA-DU-8166-10A-01D-2252-01	5	57369290	180307129	77053	1e-04
TCGA-DU-8166-10A-01D-2252-01	5	180311316	180350709	19	-0.8813
TCGA-DU-8166-10A-01D-2252-01	5	180365831	180722926	171	0.0107
TCGA-DU-8166-10A-01D-2252-01	6	94661	199283	101	0.0303
TCGA-DU-8166-10A-01D-2252-01	6	202353	326149	101	0.4067
TCGA-DU-8166-10A-01D-2252-01	6	327559	16195628	12395	0.0115
TCGA-DU-8166-10A-01D-2252-01	6	16196247	16196710	4	-1.4122
TCGA-DU-8166-10A-01D-2252-01	6	16197030	19148098	2207	0.0065
TCGA-DU-8166-10A-01D-2252-01	6	19150160	19150797	3	-1.0874
TCGA-DU-8166-10A-01D-2252-01	6	19152681	29945051	6946	0.0056
TCGA-DU-8166-10A-01D-2252-01	6	29945166	29958359	20	-0.6283
TCGA-DU-8166-10A-01D-2252-01	6	29979615	31388802	669	-0.0146
TCGA-DU-8166-10A-01D-2252-01	6	31394255	31404430	11	1.1118
TCGA-DU-8166-10A-01D-2252-01	6	31417903	79019608	27643	2e-04
TCGA-DU-8166-10A-01D-2252-01	6	79025784	79091893	112	-0.7896
TCGA-DU-8166-10A-01D-2252-01	6	79091904	103845026	15503	0.001
TCGA-DU-8166-10A-01D-2252-01	6	103845099	103872163	39	0.8556
TCGA-DU-8166-10A-01D-2252-01	6	103872363	112134378	5185	8e-04
TCGA-DU-8166-10A-01D-2252-01	6	112136297	112136849	3	-1.066
TCGA-DU-8166-10A-01D-2252-01	6	112137261	134307961	13905	0.0018
TCGA-DU-8166-10A-01D-2252-01	6	134310764	134311325	2	-2.7402
TCGA-DU-8166-10A-01D-2252-01	6	134313765	170892930	25168	0.007
TCGA-DU-8166-10A-01D-2252-01	7	52911	3576238	1625	-0.0052
TCGA-DU-8166-10A-01D-2252-01	7	3576369	3581326	28	-1.1743
TCGA-DU-8166-10A-01D-2252-01	7	3584536	5132756	1089	0.015
TCGA-DU-8166-10A-01D-2252-01	7	5133688	5135041	2	1.2883
TCGA-DU-8166-10A-01D-2252-01	7	5136939	54353999	35856	1e-04
TCGA-DU-8166-10A-01D-2252-01	7	54354003	54354011	5	-1.872
TCGA-DU-8166-10A-01D-2252-01	7	54360982	64206287	3138	0.0161
TCGA-DU-8166-10A-01D-2252-01	7	64231500	64300673	13	0.7122
TCGA-DU-8166-10A-01D-2252-01	7	64306907	97233398	19012	0.0026
TCGA-DU-8166-10A-01D-2252-01	7	97233401	97240411	14	-0.6589
TCGA-DU-8166-10A-01D-2252-01	7	97242176	109221034	6637	0.0051
TCGA-DU-8166-10A-01D-2252-01	7	109224328	109225008	15	-0.8138
TCGA-DU-8166-10A-01D-2252-01	7	109225010	109228480	10	0.0988
TCGA-DU-8166-10A-01D-2252-01	7	109228865	109241146	10	-2.1802
TCGA-DU-8166-10A-01D-2252-01	7	109241218	125832210	10041	2e-04
TCGA-DU-8166-10A-01D-2252-01	7	125832718	125834117	18	0.6393
TCGA-DU-8166-10A-01D-2252-01	7	125840002	141409593	9937	0.0071
TCGA-DU-8166-10A-01D-2252-01	7	141416112	141444033	44	-0.6923
TCGA-DU-8166-10A-01D-2252-01	7	141445459	142154515	449	0.0251
TCGA-DU-8166-10A-01D-2252-01	7	142156294	142165614	27	0.7304
TCGA-DU-8166-10A-01D-2252-01	7	142165684	142934040	475	0.0214
TCGA-DU-8166-10A-01D-2252-01	7	142937021	142937218	2	-1.071
TCGA-DU-8166-10A-01D-2252-01	7	142937239	143540378	368	-0.0039
TCGA-DU-8166-10A-01D-2252-01	7	143542557	143706836	43	-0.311
TCGA-DU-8166-10A-01D-2252-01	7	143719492	158819765	9697	2e-04
TCGA-DU-8166-10A-01D-2252-01	8	21254	2235234	1650	0.0098
TCGA-DU-8166-10A-01D-2252-01	8	2242045	2246765	12	-0.5755
TCGA-DU-8166-10A-01D-2252-01	8	2257735	7158507	6168	-0.0026
TCGA-DU-8166-10A-01D-2252-01	8	7174042	7174056	2	2.3934
TCGA-DU-8166-10A-01D-2252-01	8	7181231	15337333	6242	0.0219
TCGA-DU-8166-10A-01D-2252-01	8	15338302	15339816	2	-3.5261
TCGA-DU-8166-10A-01D-2252-01	8	15341074	25028104	7774	0.002
TCGA-DU-8166-10A-01D-2252-01	8	25030360	25040250	27	0.8215
TCGA-DU-8166-10A-01D-2252-01	8	25047021	39349340	9038	0.0053
TCGA-DU-8166-10A-01D-2252-01	8	39349482	39506122	61	0.7607
TCGA-DU-8166-10A-01D-2252-01	8	39507456	112360670	42072	5e-04
TCGA-DU-8166-10A-01D-2252-01	8	112363455	112364421	9	1.3208
TCGA-DU-8166-10A-01D-2252-01	8	112364436	129825448	11676	4e-04
TCGA-DU-8166-10A-01D-2252-01	8	129832317	129833267	2	-1.3151
TCGA-DU-8166-10A-01D-2252-01	8	129846636	146268959	11263	-0.0029
TCGA-DU-8166-10A-01D-2252-01	9	36587	6685986	6394	0.014
TCGA-DU-8166-10A-01D-2252-01	9	6691145	6698357	7	-0.8601
TCGA-DU-8166-10A-01D-2252-01	9	6702314	32995741	21209	-0.0079
TCGA-DU-8166-10A-01D-2252-01	9	32995757	32995763	2	-1.5877
TCGA-DU-8166-10A-01D-2252-01	9	32997206	32997568	4	0.7209
TCGA-DU-8166-10A-01D-2252-01	9	32998113	43177963	3787	0.0057
TCGA-DU-8166-10A-01D-2252-01	9	43255666	44667855	91	0.4448
TCGA-DU-8166-10A-01D-2252-01	9	44669747	67673801	189	0.034
TCGA-DU-8166-10A-01D-2252-01	9	67675871	67675879	5	1.9561
TCGA-DU-8166-10A-01D-2252-01	9	67678160	140211215	48271	-0.0013
TCGA-DU-8166-10A-01D-2252-01	X	108477	88699278	46933	-0.0011
TCGA-DU-8166-10A-01D-2252-01	X	88700630	88703924	2	-1.397
TCGA-DU-8166-10A-01D-2252-01	X	88708939	124231371	19575	-0.0013
TCGA-DU-8166-10A-01D-2252-01	X	124231513	124235044	2	-1.5769
TCGA-DU-8166-10A-01D-2252-01	X	124244880	143433744	11182	0.005
TCGA-DU-8166-10A-01D-2252-01	X	143439174	143445365	4	-0.9717
TCGA-DU-8166-10A-01D-2252-01	X	143445803	154437520	6838	0.0108
TCGA-DU-8166-10A-01D-2252-01	X	154438972	154442845	7	-0.9658
TCGA-DU-8166-10A-01D-2252-01	X	154457077	154529777	38	-0.1603
TCGA-DU-8166-10A-01D-2252-01	X	154534298	154835548	53	0.0977
TCGA-DU-8166-10A-01D-2252-01	Y	2710438	6161425	838	-2.742
TCGA-DU-8166-10A-01D-2252-01	Y	6167901	6484299	128	-4.0955
TCGA-DU-8166-10A-01D-2252-01	Y	6486233	7459842	419	-3.1264
TCGA-DU-8166-10A-01D-2252-01	Y	7460746	10369564	1202	-3.5601
TCGA-DU-8166-10A-01D-2252-01	Y	10384614	18084284	3033	-3.3053
TCGA-DU-8166-10A-01D-2252-01	Y	18085938	19547685	703	-3.8865
TCGA-DU-8166-10A-01D-2252-01	Y	19547873	22063159	977	-3.3792
TCGA-DU-8166-10A-01D-2252-01	Y	22093119	22099738	2	-8.6439
TCGA-DU-8166-10A-01D-2252-01	Y	22125089	22919906	263	-3.5132
TCGA-DU-8166-10A-01D-2252-01	Y	22924247	24599413	316	-4.0204
TCGA-DU-8166-10A-01D-2252-01	Y	24602438	24803050	43	-2.9585
TCGA-DU-8166-10A-01D-2252-01	Y	24811102	24836910	17	-4.1297
TCGA-DU-8166-10A-01D-2252-01	Y	24840062	24878447	18	-1.9593
TCGA-DU-8166-10A-01D-2252-01	Y	24883344	24919963	9	-3.1065
TCGA-DU-8166-10A-01D-2252-01	Y	24920187	25846090	96	-4.2878
TCGA-DU-8166-10A-01D-2252-01	Y	25854303	25938472	33	-2.4745
TCGA-DU-8166-10A-01D-2252-01	Y	25944418	26018676	26	-3.8365
TCGA-DU-8166-10A-01D-2252-01	Y	26019358	26104483	27	-2.5023
TCGA-DU-8166-10A-01D-2252-01	Y	26127187	26681504	199	-3.9989
TCGA-DU-8166-10A-01D-2252-01	Y	26687080	26731407	14	-5.7131
TCGA-DU-8166-10A-01D-2252-01	Y	26731471	26861404	50	-3.6893
TCGA-DU-8166-10A-01D-2252-01	Y	26866725	57427647	176	-2.8076
