barcode	chromosome	start	stop	num.mark	seg.mean
TCGA-DU-5847-01A-11D-1704-01	1	61735	765269	50	-0.2411
TCGA-DU-5847-01A-11D-1704-01	1	768793	13375764	6525	0.1423
TCGA-DU-5847-01A-11D-1704-01	1	13375968	13717772	37	-0.2105
TCGA-DU-5847-01A-11D-1704-01	1	13717824	16814994	2100	0.1675
TCGA-DU-5847-01A-11D-1704-01	1	16815530	16970392	53	-0.3177
TCGA-DU-5847-01A-11D-1704-01	1	16970456	17017530	23	0.1222
TCGA-DU-5847-01A-11D-1704-01	1	17017630	17087292	21	-0.4627
TCGA-DU-5847-01A-11D-1704-01	1	17089349	25582843	5350	0.147
TCGA-DU-5847-01A-11D-1704-01	1	25583291	25646946	29	0.5345
TCGA-DU-5847-01A-11D-1704-01	1	25646986	31223393	2811	0.1359
TCGA-DU-5847-01A-11D-1704-01	1	31223587	31223657	2	-0.977
TCGA-DU-5847-01A-11D-1704-01	1	31229190	35102654	2160	0.1499
TCGA-DU-5847-01A-11D-1704-01	1	35102670	35104491	19	-0.5145
TCGA-DU-5847-01A-11D-1704-01	1	35114268	72768936	23861	0.1496
TCGA-DU-5847-01A-11D-1704-01	1	72771143	72809372	38	-0.2204
TCGA-DU-5847-01A-11D-1704-01	1	72809431	80214479	4657	0.1658
TCGA-DU-5847-01A-11D-1704-01	1	80218574	80220589	3	1.1234
TCGA-DU-5847-01A-11D-1704-01	1	80220788	95811910	10370	0.1611
TCGA-DU-5847-01A-11D-1704-01	1	95811944	95812278	2	1.5158
TCGA-DU-5847-01A-11D-1704-01	1	95812319	108817179	7996	0.169
TCGA-DU-5847-01A-11D-1704-01	1	108828957	108849651	4	-0.8139
TCGA-DU-5847-01A-11D-1704-01	1	108853270	108910745	49	0.1914
TCGA-DU-5847-01A-11D-1704-01	1	108928460	108986181	10	-0.6038
TCGA-DU-5847-01A-11D-1704-01	1	108986197	110225965	632	0.1457
TCGA-DU-5847-01A-11D-1704-01	1	110226004	110251964	46	-0.2833
TCGA-DU-5847-01A-11D-1704-01	1	110253130	112696087	1940	0.1495
TCGA-DU-5847-01A-11D-1704-01	1	112696193	112697213	20	0.641
TCGA-DU-5847-01A-11D-1704-01	1	112697241	120125320	4758	0.1522
TCGA-DU-5847-01A-11D-1704-01	1	120125472	120125555	3	-0.6375
TCGA-DU-5847-01A-11D-1704-01	1	120125657	120696009	333	0.1534
TCGA-DU-5847-01A-11D-1704-01	1	120747707	121129349	16	-0.232
TCGA-DU-5847-01A-11D-1704-01	1	121130963	144029156	98	0.1336
TCGA-DU-5847-01A-11D-1704-01	1	144034097	144842558	39	-0.1192
TCGA-DU-5847-01A-11D-1704-01	1	144849539	144849544	2	-1.5434
TCGA-DU-5847-01A-11D-1704-01	1	144849552	149024808	1135	0.1064
TCGA-DU-5847-01A-11D-1704-01	1	149036524	149429206	163	-0.5789
TCGA-DU-5847-01A-11D-1704-01	1	149436842	152555527	1498	0.1371
TCGA-DU-5847-01A-11D-1704-01	1	152555706	152586594	35	1.27
TCGA-DU-5847-01A-11D-1704-01	1	152590494	152761923	172	0.1401
TCGA-DU-5847-01A-11D-1704-01	1	152761939	152768700	36	0.6275
TCGA-DU-5847-01A-11D-1704-01	1	152773905	157478538	2499	0.1233
TCGA-DU-5847-01A-11D-1704-01	1	157482454	157482947	2	-2.6395
TCGA-DU-5847-01A-11D-1704-01	1	157483273	158959575	1186	0.1563
TCGA-DU-5847-01A-11D-1704-01	1	158962039	158962796	2	-0.9103
TCGA-DU-5847-01A-11D-1704-01	1	158966864	181848014	15996	0.1465
TCGA-DU-5847-01A-11D-1704-01	1	181850149	181896411	34	-0.3955
TCGA-DU-5847-01A-11D-1704-01	1	181897939	194448234	8384	0.1561
TCGA-DU-5847-01A-11D-1704-01	1	194451411	194455018	2	1.8036
TCGA-DU-5847-01A-11D-1704-01	1	194457016	213840641	12822	0.1509
TCGA-DU-5847-01A-11D-1704-01	1	213840906	213840987	2	-1.2367
TCGA-DU-5847-01A-11D-1704-01	1	213843679	222366668	6166	0.1587
TCGA-DU-5847-01A-11D-1704-01	1	222374834	222377004	2	-2.5572
TCGA-DU-5847-01A-11D-1704-01	1	222382134	247566875	17621	0.1539
TCGA-DU-5847-01A-11D-1704-01	1	247567923	247567932	2	-1.2636
TCGA-DU-5847-01A-11D-1704-01	1	247568051	249224388	891	0.1568
TCGA-DU-5847-01A-11D-1704-01	10	72759	15050462	12738	-0.461
TCGA-DU-5847-01A-11D-1704-01	10	15052497	15052628	2	-2.7163
TCGA-DU-5847-01A-11D-1704-01	10	15057795	17008873	1535	-0.447
TCGA-DU-5847-01A-11D-1704-01	10	17008946	17010965	8	-1.3356
TCGA-DU-5847-01A-11D-1704-01	10	17011175	18083562	598	-0.4239
TCGA-DU-5847-01A-11D-1704-01	10	18106443	18241166	17	-1.1383
TCGA-DU-5847-01A-11D-1704-01	10	18241949	18705120	408	-0.4225
TCGA-DU-5847-01A-11D-1704-01	10	18711046	18711434	4	-1.7629
TCGA-DU-5847-01A-11D-1704-01	10	18711929	19389620	505	-0.4279
TCGA-DU-5847-01A-11D-1704-01	10	19389818	19399449	6	0.1489
TCGA-DU-5847-01A-11D-1704-01	10	19399593	19518107	107	-0.4151
TCGA-DU-5847-01A-11D-1704-01	10	19518531	19534629	17	-1.6038
TCGA-DU-5847-01A-11D-1704-01	10	19534952	22970379	2345	-0.4337
TCGA-DU-5847-01A-11D-1704-01	10	22973855	26115303	2137	-1.8759
TCGA-DU-5847-01A-11D-1704-01	10	26116731	26482965	245	-0.429
TCGA-DU-5847-01A-11D-1704-01	10	26482984	26776223	229	-1.9894
TCGA-DU-5847-01A-11D-1704-01	10	26777975	33960838	5178	-0.4516
TCGA-DU-5847-01A-11D-1704-01	10	33963022	33963153	2	-2.4434
TCGA-DU-5847-01A-11D-1704-01	10	33966121	47055711	5518	-0.4392
TCGA-DU-5847-01A-11D-1704-01	10	47058792	47059821	22	0.2283
TCGA-DU-5847-01A-11D-1704-01	10	47062311	47090551	22	-0.8251
TCGA-DU-5847-01A-11D-1704-01	10	47090566	47099260	7	-1.7945
TCGA-DU-5847-01A-11D-1704-01	10	47099529	47099869	3	-5.8951
TCGA-DU-5847-01A-11D-1704-01	10	47100656	124344109	51399	-0.4445
TCGA-DU-5847-01A-11D-1704-01	10	124344223	124346914	3	-3.2449
TCGA-DU-5847-01A-11D-1704-01	10	124346978	135506704	7908	-0.4857
TCGA-DU-5847-01A-11D-1704-01	11	198510	733639	175	0.0856
TCGA-DU-5847-01A-11D-1704-01	11	733813	743813	6	-0.5089
TCGA-DU-5847-01A-11D-1704-01	11	745581	5793583	3136	0.1448
TCGA-DU-5847-01A-11D-1704-01	11	5794245	5809461	24	0.6182
TCGA-DU-5847-01A-11D-1704-01	11	5812360	69419962	38583	0.1516
TCGA-DU-5847-01A-11D-1704-01	11	69420212	69423473	4	0.9371
TCGA-DU-5847-01A-11D-1704-01	11	69424071	79967504	6101	0.1476
TCGA-DU-5847-01A-11D-1704-01	11	79967513	79967548	2	-1.5062
TCGA-DU-5847-01A-11D-1704-01	11	79967564	81498805	1321	0.1695
TCGA-DU-5847-01A-11D-1704-01	11	81503468	81517158	11	-0.416
TCGA-DU-5847-01A-11D-1704-01	11	81522632	101594384	14014	0.1672
TCGA-DU-5847-01A-11D-1704-01	11	101597860	101597964	4	1.0607
TCGA-DU-5847-01A-11D-1704-01	11	101598212	134944770	23771	0.1481
TCGA-DU-5847-01A-11D-1704-01	12	150442	869198	418	0.0813
TCGA-DU-5847-01A-11D-1704-01	12	869263	874029	16	-0.6496
TCGA-DU-5847-01A-11D-1704-01	12	875354	8330796	5112	0.1424
TCGA-DU-5847-01A-11D-1704-01	12	8334897	8594894	95	-0.1809
TCGA-DU-5847-01A-11D-1704-01	12	8595531	129228886	76367	0.1514
TCGA-DU-5847-01A-11D-1704-01	12	129230513	129232545	7	-1.004
TCGA-DU-5847-01A-11D-1704-01	12	129233988	133778189	3085	0.1218
TCGA-DU-5847-01A-11D-1704-01	13	19026949	38076671	13550	-0.4558
TCGA-DU-5847-01A-11D-1704-01	13	38078352	38084732	7	-1.6301
TCGA-DU-5847-01A-11D-1704-01	13	38084757	85847432	30594	-0.4216
TCGA-DU-5847-01A-11D-1704-01	13	85848001	85848290	3	-1.9597
TCGA-DU-5847-01A-11D-1704-01	13	85850131	93644631	4667	-0.4139
TCGA-DU-5847-01A-11D-1704-01	13	93644964	93646364	3	-1.8124
TCGA-DU-5847-01A-11D-1704-01	13	93650919	106316207	9240	-0.4428
TCGA-DU-5847-01A-11D-1704-01	13	106316825	106316978	4	-1.8302
TCGA-DU-5847-01A-11D-1704-01	13	106319372	115108397	6184	-0.4626
TCGA-DU-5847-01A-11D-1704-01	14	19002124	19620051	46	-0.5557
TCGA-DU-5847-01A-11D-1704-01	14	19660853	19706758	6	-2.4262
TCGA-DU-5847-01A-11D-1704-01	14	19731410	20424926	139	-0.8329
TCGA-DU-5847-01A-11D-1704-01	14	20425509	26779642	4363	-0.4344
TCGA-DU-5847-01A-11D-1704-01	14	26783903	26783918	8	0.5317
TCGA-DU-5847-01A-11D-1704-01	14	26784913	107174572	50896	-0.4481
TCGA-DU-5847-01A-11D-1704-01	14	107176213	107179847	8	-1.8038
TCGA-DU-5847-01A-11D-1704-01	14	107184184	107285437	69	-0.5606
TCGA-DU-5847-01A-11D-1704-01	15	20016328	22334162	324	-0.2159
TCGA-DU-5847-01A-11D-1704-01	15	22338955	24472002	1023	0.1274
TCGA-DU-5847-01A-11D-1704-01	15	24472230	24515129	19	-0.6854
TCGA-DU-5847-01A-11D-1704-01	15	24516344	24669745	60	-0.0013
TCGA-DU-5847-01A-11D-1704-01	15	24674751	24770513	61	-0.4667
TCGA-DU-5847-01A-11D-1704-01	15	24771862	25417458	437	0.1853
TCGA-DU-5847-01A-11D-1704-01	15	25419992	25433912	11	-0.2768
TCGA-DU-5847-01A-11D-1704-01	15	25436068	29940265	2891	0.1642
TCGA-DU-5847-01A-11D-1704-01	15	29941225	29987791	40	-0.0975
TCGA-DU-5847-01A-11D-1704-01	15	29989821	30450044	238	0.1716
TCGA-DU-5847-01A-11D-1704-01	15	30450369	30900878	105	-0.2915
TCGA-DU-5847-01A-11D-1704-01	15	30913587	32444055	1049	0.1413
TCGA-DU-5847-01A-11D-1704-01	15	32460887	32857412	64	-0.1888
TCGA-DU-5847-01A-11D-1704-01	15	32857482	76891241	28042	0.1618
TCGA-DU-5847-01A-11D-1704-01	15	76891511	76895769	16	0.8988
TCGA-DU-5847-01A-11D-1704-01	15	76895771	82695702	3662	0.1518
TCGA-DU-5847-01A-11D-1704-01	15	82895028	83169549	13	-0.4105
TCGA-DU-5847-01A-11D-1704-01	15	83169571	84543250	766	0.1574
TCGA-DU-5847-01A-11D-1704-01	15	84543402	84543550	3	-1.1692
TCGA-DU-5847-01A-11D-1704-01	15	84547277	84828351	181	0.1377
TCGA-DU-5847-01A-11D-1704-01	15	84861346	84932628	8	-0.5509
TCGA-DU-5847-01A-11D-1704-01	15	84932648	102420807	13048	0.1543
TCGA-DU-5847-01A-11D-1704-01	15	102428985	102469040	10	-0.134
TCGA-DU-5847-01A-11D-1704-01	16	60777	86235	6	-0.2207
TCGA-DU-5847-01A-11D-1704-01	16	86671	12648859	9425	0.1545
TCGA-DU-5847-01A-11D-1704-01	16	12648978	12648995	2	1.4976
TCGA-DU-5847-01A-11D-1704-01	16	12650247	17526743	2905	0.1313
TCGA-DU-5847-01A-11D-1704-01	16	17526964	31429308	7466	-0.456
TCGA-DU-5847-01A-11D-1704-01	16	31430986	31451326	10	-0.1806
TCGA-DU-5847-01A-11D-1704-01	16	31451699	31697050	106	0.1204
TCGA-DU-5847-01A-11D-1704-01	16	31700946	32124331	159	-0.4143
TCGA-DU-5847-01A-11D-1704-01	16	32146886	32385718	28	0.1212
TCGA-DU-5847-01A-11D-1704-01	16	32386115	32483006	19	-0.2558
TCGA-DU-5847-01A-11D-1704-01	16	32483550	32631268	38	0.3003
TCGA-DU-5847-01A-11D-1704-01	16	32634641	33367087	73	-0.1877
TCGA-DU-5847-01A-11D-1704-01	16	33367935	33644022	84	0.1565
TCGA-DU-5847-01A-11D-1704-01	16	33644292	34470704	212	-0.4778
TCGA-DU-5847-01A-11D-1704-01	16	34471298	34757071	167	0.0938
TCGA-DU-5847-01A-11D-1704-01	16	34760967	46497362	139	-0.4426
TCGA-DU-5847-01A-11D-1704-01	16	46503206	52301822	3630	0.1572
TCGA-DU-5847-01A-11D-1704-01	16	52310527	52578743	208	-0.4611
TCGA-DU-5847-01A-11D-1704-01	16	52586341	52888992	247	0.1854
TCGA-DU-5847-01A-11D-1704-01	16	52891892	53031635	118	-0.4307
TCGA-DU-5847-01A-11D-1704-01	16	53036453	53293757	135	0.1644
TCGA-DU-5847-01A-11D-1704-01	16	53298189	55796594	2127	-0.4536
TCGA-DU-5847-01A-11D-1704-01	16	55798222	55798779	3	1.9364
TCGA-DU-5847-01A-11D-1704-01	16	55804348	71039327	9132	-0.4311
TCGA-DU-5847-01A-11D-1704-01	16	71040455	71191340	57	-0.0876
TCGA-DU-5847-01A-11D-1704-01	16	71191941	74379973	2023	-0.4465
TCGA-DU-5847-01A-11D-1704-01	16	74384258	74407379	8	-1.3229
TCGA-DU-5847-01A-11D-1704-01	16	74452036	78371608	3210	-0.4447
TCGA-DU-5847-01A-11D-1704-01	16	78372440	78384765	17	0.5736
TCGA-DU-5847-01A-11D-1704-01	16	78385001	81004307	3070	-0.4802
TCGA-DU-5847-01A-11D-1704-01	16	81005379	81005402	2	-2.7508
TCGA-DU-5847-01A-11D-1704-01	16	81006758	85944416	4742	-0.4881
TCGA-DU-5847-01A-11D-1704-01	16	85944439	85944800	2	-2.613
TCGA-DU-5847-01A-11D-1704-01	16	85944823	90287535	2813	-0.491
TCGA-DU-5847-01A-11D-1704-01	17	526	16654301	10508	0.1571
TCGA-DU-5847-01A-11D-1704-01	17	16657331	16740270	13	-0.7853
TCGA-DU-5847-01A-11D-1704-01	17	16741515	16741528	2	1.3524
TCGA-DU-5847-01A-11D-1704-01	17	16741784	18319862	919	0.1371
TCGA-DU-5847-01A-11D-1704-01	17	18355392	18411397	16	0.872
TCGA-DU-5847-01A-11D-1704-01	17	18411923	18465221	13	0.4325
TCGA-DU-5847-01A-11D-1704-01	17	18469197	34535651	6956	0.1337
TCGA-DU-5847-01A-11D-1704-01	17	34543343	34629696	3	-1.4243
TCGA-DU-5847-01A-11D-1704-01	17	34816256	44163098	5076	0.1353
TCGA-DU-5847-01A-11D-1704-01	17	44165803	44408674	131	-0.0951
TCGA-DU-5847-01A-11D-1704-01	17	44428681	70437960	15832	0.157
TCGA-DU-5847-01A-11D-1704-01	17	70444504	70751575	241	-0.4939
TCGA-DU-5847-01A-11D-1704-01	17	70754669	81049726	5590	0.1301
TCGA-DU-5847-01A-11D-1704-01	18	11543	92133	9	-0.5471
TCGA-DU-5847-01A-11D-1704-01	18	97829	51546255	32029	0.1602
TCGA-DU-5847-01A-11D-1704-01	18	51546955	51547251	2	-1.8222
TCGA-DU-5847-01A-11D-1704-01	18	51548455	78015057	18783	0.1658
TCGA-DU-5847-01A-11D-1704-01	19	90910	16727129	7207	0.1365
TCGA-DU-5847-01A-11D-1704-01	19	16728605	16731906	3	-0.9621
TCGA-DU-5847-01A-11D-1704-01	19	16732479	24375449	3994	0.1334
TCGA-DU-5847-01A-11D-1704-01	19	24379102	24383962	4	-0.8737
TCGA-DU-5847-01A-11D-1704-01	19	24385071	24456957	21	0.0599
TCGA-DU-5847-01A-11D-1704-01	19	24460818	24464957	10	-0.5928
TCGA-DU-5847-01A-11D-1704-01	19	24487682	35855353	5581	0.1549
TCGA-DU-5847-01A-11D-1704-01	19	35855449	35861170	16	-0.3623
TCGA-DU-5847-01A-11D-1704-01	19	35861649	36845875	447	0.1402
TCGA-DU-5847-01A-11D-1704-01	19	36846150	36847691	12	-0.352
TCGA-DU-5847-01A-11D-1704-01	19	36847761	52131747	7653	0.1325
TCGA-DU-5847-01A-11D-1704-01	19	52131798	52148197	13	-0.4854
TCGA-DU-5847-01A-11D-1704-01	19	52154905	56278050	2530	0.1216
TCGA-DU-5847-01A-11D-1704-01	19	56282070	56286293	6	-1.8667
TCGA-DU-5847-01A-11D-1704-01	19	56288941	59097854	1846	0.149
TCGA-DU-5847-01A-11D-1704-01	2	12784	14531881	10896	0.1466
TCGA-DU-5847-01A-11D-1704-01	2	14536441	14575022	31	-0.3771
TCGA-DU-5847-01A-11D-1704-01	2	14576132	34691069	13190	0.1417
TCGA-DU-5847-01A-11D-1704-01	2	34699315	34737057	46	0.5313
TCGA-DU-5847-01A-11D-1704-01	2	34737163	52741737	13039	0.1506
TCGA-DU-5847-01A-11D-1704-01	2	52754468	52781160	29	0.5569
TCGA-DU-5847-01A-11D-1704-01	2	52781191	86484498	21711	0.1479
TCGA-DU-5847-01A-11D-1704-01	2	86485134	86485157	2	-1.0448
TCGA-DU-5847-01A-11D-1704-01	2	86485315	110983681	10186	0.1242
TCGA-DU-5847-01A-11D-1704-01	2	111037146	111061274	10	-0.4551
TCGA-DU-5847-01A-11D-1704-01	2	111097151	114324463	1630	0.1307
TCGA-DU-5847-01A-11D-1704-01	2	114325089	114396369	12	-0.3505
TCGA-DU-5847-01A-11D-1704-01	2	114404126	129629450	9602	0.1459
TCGA-DU-5847-01A-11D-1704-01	2	129629941	129640297	18	-0.2681
TCGA-DU-5847-01A-11D-1704-01	2	129640315	146864429	10487	0.1429
TCGA-DU-5847-01A-11D-1704-01	2	146864443	146866934	22	1.0553
TCGA-DU-5847-01A-11D-1704-01	2	146877806	203236999	33804	0.1451
TCGA-DU-5847-01A-11D-1704-01	2	203245677	203246411	4	-0.6899
TCGA-DU-5847-01A-11D-1704-01	2	203249668	208354955	3193	0.1388
TCGA-DU-5847-01A-11D-1704-01	2	208355178	208359336	16	-0.7096
TCGA-DU-5847-01A-11D-1704-01	2	208359476	226074567	11530	0.1483
TCGA-DU-5847-01A-11D-1704-01	2	226074931	226075559	2	-1.57
TCGA-DU-5847-01A-11D-1704-01	2	226076780	228181547	1358	0.141
TCGA-DU-5847-01A-11D-1704-01	2	228185544	228185704	2	-1.6504
TCGA-DU-5847-01A-11D-1704-01	2	228191202	243089456	9246	0.1334
TCGA-DU-5847-01A-11D-1704-01	20	61305	1552457	1184	0.1246
TCGA-DU-5847-01A-11D-1704-01	20	1552503	1571103	36	-0.3742
TCGA-DU-5847-01A-11D-1704-01	20	1571272	23763313	17313	0.1636
TCGA-DU-5847-01A-11D-1704-01	20	23763450	23780296	11	-0.3384
TCGA-DU-5847-01A-11D-1704-01	20	23782648	38725509	6480	0.1371
TCGA-DU-5847-01A-11D-1704-01	20	38726559	38732555	8	-0.8226
TCGA-DU-5847-01A-11D-1704-01	20	38736055	62956153	17470	0.152
TCGA-DU-5847-01A-11D-1704-01	21	10736871	10954189	39	-0.5013
TCGA-DU-5847-01A-11D-1704-01	21	10956144	11013964	38	-0.0987
TCGA-DU-5847-01A-11D-1704-01	21	11018107	14566371	81	-0.4314
TCGA-DU-5847-01A-11D-1704-01	21	14570284	14984424	184	0.1406
TCGA-DU-5847-01A-11D-1704-01	21	14991867	15302350	125	-0.0885
TCGA-DU-5847-01A-11D-1704-01	21	15302752	35641868	14794	0.177
TCGA-DU-5847-01A-11D-1704-01	21	35644017	35644038	2	-1.2211
TCGA-DU-5847-01A-11D-1704-01	21	35647104	48091725	9142	0.1487
TCGA-DU-5847-01A-11D-1704-01	21	48093374	48096957	3	-0.232
TCGA-DU-5847-01A-11D-1704-01	22	16052528	18905591	1254	-0.4723
TCGA-DU-5847-01A-11D-1704-01	22	18905606	18908641	2	-3.4147
TCGA-DU-5847-01A-11D-1704-01	22	18909013	20950564	1043	-0.5251
TCGA-DU-5847-01A-11D-1704-01	22	20952909	20956163	3	-2.2633
TCGA-DU-5847-01A-11D-1704-01	22	20958301	21708108	547	-0.4564
TCGA-DU-5847-01A-11D-1704-01	22	21721603	21845294	39	-0.0328
TCGA-DU-5847-01A-11D-1704-01	22	21845355	35975203	10606	-0.4574
TCGA-DU-5847-01A-11D-1704-01	22	35975216	35975792	2	-3.5257
TCGA-DU-5847-01A-11D-1704-01	22	35978764	50966914	9864	-0.4786
TCGA-DU-5847-01A-11D-1704-01	22	50967032	50973116	6	-1.4687
TCGA-DU-5847-01A-11D-1704-01	22	50973754	51234455	147	-0.4859
TCGA-DU-5847-01A-11D-1704-01	3	60345	6646543	5846	0.1668
TCGA-DU-5847-01A-11D-1704-01	3	6651128	6653244	22	-0.4811
TCGA-DU-5847-01A-11D-1704-01	3	6653332	65188453	39529	0.1526
TCGA-DU-5847-01A-11D-1704-01	3	65189235	65210452	53	-0.3286
TCGA-DU-5847-01A-11D-1704-01	3	65216349	68746259	2425	0.1608
TCGA-DU-5847-01A-11D-1704-01	3	68746284	68747413	13	0.8526
TCGA-DU-5847-01A-11D-1704-01	3	68748758	75421170	4876	0.155
TCGA-DU-5847-01A-11D-1704-01	3	75427107	75639507	74	-0.7679
TCGA-DU-5847-01A-11D-1704-01	3	75645384	75727056	24	0.0101
TCGA-DU-5847-01A-11D-1704-01	3	75733794	75792056	20	-0.3869
TCGA-DU-5847-01A-11D-1704-01	3	75796656	95456106	9103	0.1747
TCGA-DU-5847-01A-11D-1704-01	3	95466880	95468110	2	-2.4545
TCGA-DU-5847-01A-11D-1704-01	3	95468680	129792411	20676	0.1483
TCGA-DU-5847-01A-11D-1704-01	3	129792452	129798781	21	0.5689
TCGA-DU-5847-01A-11D-1704-01	3	129799013	162521492	20314	0.1526
TCGA-DU-5847-01A-11D-1704-01	3	162521623	162552068	16	-0.3516
TCGA-DU-5847-01A-11D-1704-01	3	162552081	168730180	3490	0.1817
TCGA-DU-5847-01A-11D-1704-01	3	168733402	168738628	2	-1.3684
TCGA-DU-5847-01A-11D-1704-01	3	168739827	192877902	15752	0.159
TCGA-DU-5847-01A-11D-1704-01	3	192877962	192882903	19	0.82
TCGA-DU-5847-01A-11D-1704-01	3	192886435	195400799	1491	0.1385
TCGA-DU-5847-01A-11D-1704-01	3	195409946	195446922	24	0.6043
TCGA-DU-5847-01A-11D-1704-01	3	195455508	195456048	8	-0.0493
TCGA-DU-5847-01A-11D-1704-01	3	195456889	195474182	10	0.7389
TCGA-DU-5847-01A-11D-1704-01	3	195474763	197896118	1175	0.1238
TCGA-DU-5847-01A-11D-1704-01	4	12281	66719	58	-0.4939
TCGA-DU-5847-01A-11D-1704-01	4	68821	10223628	5751	0.1415
TCGA-DU-5847-01A-11D-1704-01	4	10223848	10235268	33	0.4593
TCGA-DU-5847-01A-11D-1704-01	4	10236142	22871367	9311	0.1657
TCGA-DU-5847-01A-11D-1704-01	4	22872311	22880417	3	1.2195
TCGA-DU-5847-01A-11D-1704-01	4	22887214	34779054	7685	0.1698
TCGA-DU-5847-01A-11D-1704-01	4	34786500	34829928	41	0.7516
TCGA-DU-5847-01A-11D-1704-01	4	34829949	49089374	8967	0.1581
TCGA-DU-5847-01A-11D-1704-01	4	49093786	49656595	39	-0.3429
TCGA-DU-5847-01A-11D-1704-01	4	49658223	69374955	10497	0.1682
TCGA-DU-5847-01A-11D-1704-01	4	69375160	69484087	60	-0.1984
TCGA-DU-5847-01A-11D-1704-01	4	69484109	70123510	331	0.1521
TCGA-DU-5847-01A-11D-1704-01	4	70127644	70127652	2	-0.595
TCGA-DU-5847-01A-11D-1704-01	4	70128412	70232022	52	-1.364
TCGA-DU-5847-01A-11D-1704-01	4	70232124	70278449	23	-0.128
TCGA-DU-5847-01A-11D-1704-01	4	70280532	88767008	11540	0.1499
TCGA-DU-5847-01A-11D-1704-01	4	88769932	88770817	10	0.6997
TCGA-DU-5847-01A-11D-1704-01	4	88770844	115173700	15800	0.1556
TCGA-DU-5847-01A-11D-1704-01	4	115175323	115182175	23	-1.0304
TCGA-DU-5847-01A-11D-1704-01	4	115184229	126225716	6621	0.1621
TCGA-DU-5847-01A-11D-1704-01	4	126234727	126658148	264	-0.5371
TCGA-DU-5847-01A-11D-1704-01	4	126659587	149263552	13381	0.1637
TCGA-DU-5847-01A-11D-1704-01	4	149265104	149417063	108	-0.464
TCGA-DU-5847-01A-11D-1704-01	4	149424799	150263828	458	0.1719
TCGA-DU-5847-01A-11D-1704-01	4	150272872	150273188	2	-0.8104
TCGA-DU-5847-01A-11D-1704-01	4	150283932	153993438	2089	0.1473
TCGA-DU-5847-01A-11D-1704-01	4	153993546	154099498	85	-0.4877
TCGA-DU-5847-01A-11D-1704-01	4	154103485	161041304	4410	0.1558
TCGA-DU-5847-01A-11D-1704-01	4	161052774	161083870	41	-0.5615
TCGA-DU-5847-01A-11D-1704-01	4	161084069	161880141	596	0.1713
TCGA-DU-5847-01A-11D-1704-01	4	161880197	161884363	14	-0.2797
TCGA-DU-5847-01A-11D-1704-01	4	161884396	191027923	19229	0.1613
TCGA-DU-5847-01A-11D-1704-01	5	15532	685504	306	0.0527
TCGA-DU-5847-01A-11D-1704-01	5	685748	773190	28	0.5445
TCGA-DU-5847-01A-11D-1704-01	5	773547	12791720	9891	0.1639
TCGA-DU-5847-01A-11D-1704-01	5	12800889	12819313	4	-0.3347
TCGA-DU-5847-01A-11D-1704-01	5	12819375	12826650	8	-1.5166
TCGA-DU-5847-01A-11D-1704-01	5	12833857	17504177	3178	0.1613
TCGA-DU-5847-01A-11D-1704-01	5	17504277	17515801	8	-0.3605
TCGA-DU-5847-01A-11D-1704-01	5	17601553	17625633	15	-1.1179
TCGA-DU-5847-01A-11D-1704-01	5	17629520	75824085	33290	0.1579
TCGA-DU-5847-01A-11D-1704-01	5	75824285	75868318	44	-0.077
TCGA-DU-5847-01A-11D-1704-01	5	75870716	103851221	16048	0.1613
TCGA-DU-5847-01A-11D-1704-01	5	103860373	103860604	4	-0.8075
TCGA-DU-5847-01A-11D-1704-01	5	103861049	114756455	7396	0.1638
TCGA-DU-5847-01A-11D-1704-01	5	114756637	114756862	5	-0.7209
TCGA-DU-5847-01A-11D-1704-01	5	114759078	123989154	6326	0.1562
TCGA-DU-5847-01A-11D-1704-01	5	123993505	123993759	2	-1.4454
TCGA-DU-5847-01A-11D-1704-01	5	123996062	150202205	16108	0.1496
TCGA-DU-5847-01A-11D-1704-01	5	150205500	150218604	8	-0.5524
TCGA-DU-5847-01A-11D-1704-01	5	150223387	174179624	16870	0.1522
TCGA-DU-5847-01A-11D-1704-01	5	174179962	174183518	3	-0.7697
TCGA-DU-5847-01A-11D-1704-01	5	174183909	180374523	3432	0.1399
TCGA-DU-5847-01A-11D-1704-01	5	180378710	180398271	6	0.8811
TCGA-DU-5847-01A-11D-1704-01	5	180399373	180414294	7	0.2964
TCGA-DU-5847-01A-11D-1704-01	5	180414465	180433225	7	0.6723
TCGA-DU-5847-01A-11D-1704-01	5	180433264	180790320	170	0.0893
TCGA-DU-5847-01A-11D-1704-01	6	149661	150286	4	-0.3224
TCGA-DU-5847-01A-11D-1704-01	6	150300	6026211	4860	0.1037
TCGA-DU-5847-01A-11D-1704-01	6	6033931	6034436	3	-1.7055
TCGA-DU-5847-01A-11D-1704-01	6	6037045	16043564	7683	0.1107
TCGA-DU-5847-01A-11D-1704-01	6	16043585	16043822	2	-2.4986
TCGA-DU-5847-01A-11D-1704-01	6	16044822	29837188	9199	0.1176
TCGA-DU-5847-01A-11D-1704-01	6	29837314	29849267	14	-0.5415
TCGA-DU-5847-01A-11D-1704-01	6	29850196	31280823	673	0.1141
TCGA-DU-5847-01A-11D-1704-01	6	31286276	31295953	8	1.1013
TCGA-DU-5847-01A-11D-1704-01	6	31295987	32580617	551	0.0892
TCGA-DU-5847-01A-11D-1704-01	6	32581838	32602107	12	0.8141
TCGA-DU-5847-01A-11D-1704-01	6	32602269	32624304	9	0.0616
TCGA-DU-5847-01A-11D-1704-01	6	32624591	32626618	5	-0.926
TCGA-DU-5847-01A-11D-1704-01	6	32650612	50712784	11426	0.1031
TCGA-DU-5847-01A-11D-1704-01	6	50715928	53925204	2314	-0.4678
TCGA-DU-5847-01A-11D-1704-01	6	53931067	53935415	11	0.3535
TCGA-DU-5847-01A-11D-1704-01	6	53935698	58340472	2379	-0.4522
TCGA-DU-5847-01A-11D-1704-01	6	58344756	58348169	2	-2.5412
TCGA-DU-5847-01A-11D-1704-01	6	58349749	74591858	8127	-0.4309
TCGA-DU-5847-01A-11D-1704-01	6	74592225	74601410	10	-1.4393
TCGA-DU-5847-01A-11D-1704-01	6	74603555	77440048	1770	-0.4064
TCGA-DU-5847-01A-11D-1704-01	6	77440094	77452757	19	0.1579
TCGA-DU-5847-01A-11D-1704-01	6	77461073	78962889	979	-0.4339
TCGA-DU-5847-01A-11D-1704-01	6	78969065	79046661	121	0.1093
TCGA-DU-5847-01A-11D-1704-01	6	79051614	103730553	15468	-0.4412
TCGA-DU-5847-01A-11D-1704-01	6	103734174	103734829	6	-0.1309
TCGA-DU-5847-01A-11D-1704-01	6	103737976	103754572	30	0.269
TCGA-DU-5847-01A-11D-1704-01	6	103754587	103765470	17	-0.1011
TCGA-DU-5847-01A-11D-1704-01	6	103765670	125379125	13330	-0.4485
TCGA-DU-5847-01A-11D-1704-01	6	125384586	125384588	2	-2.5772
TCGA-DU-5847-01A-11D-1704-01	6	125385470	141969997	10712	-0.4566
TCGA-DU-5847-01A-11D-1704-01	6	141971702	141971907	2	-2.4494
TCGA-DU-5847-01A-11D-1704-01	6	141972649	149359829	4916	-0.456
TCGA-DU-5847-01A-11D-1704-01	6	149360655	149360878	2	-2.7283
TCGA-DU-5847-01A-11D-1704-01	6	149361089	171051005	15245	-0.4739
TCGA-DU-5847-01A-11D-1704-01	7	43355	3433032	1475	0.1408
TCGA-DU-5847-01A-11D-1704-01	7	3434498	3439223	7	-0.7718
TCGA-DU-5847-01A-11D-1704-01	7	3444749	3609712	140	0.1488
TCGA-DU-5847-01A-11D-1704-01	7	3609843	3614800	29	-0.6959
TCGA-DU-5847-01A-11D-1704-01	7	3618010	11916646	5939	0.1726
TCGA-DU-5847-01A-11D-1704-01	7	11920350	11921419	6	-0.6317
TCGA-DU-5847-01A-11D-1704-01	7	11924252	15431632	2822	0.1759
TCGA-DU-5847-01A-11D-1704-01	7	15431670	15433289	2	-1.3551
TCGA-DU-5847-01A-11D-1704-01	7	15434065	22434780	5685	0.1742
TCGA-DU-5847-01A-11D-1704-01	7	22435472	22436487	2	-1.8809
TCGA-DU-5847-01A-11D-1704-01	7	22438754	26132290	2769	0.1444
TCGA-DU-5847-01A-11D-1704-01	7	26142392	26145413	4	-0.7029
TCGA-DU-5847-01A-11D-1704-01	7	26147219	61841806	21838	0.1558
TCGA-DU-5847-01A-11D-1704-01	7	61846306	61888128	14	0.8077
TCGA-DU-5847-01A-11D-1704-01	7	61987173	63109907	304	0.0796
TCGA-DU-5847-01A-11D-1704-01	7	63110343	63112016	6	-0.902
TCGA-DU-5847-01A-11D-1704-01	7	63112265	97401932	19719	0.1626
TCGA-DU-5847-01A-11D-1704-01	7	97401959	97402475	7	-0.5333
TCGA-DU-5847-01A-11D-1704-01	7	97404240	100325189	1287	0.1473
TCGA-DU-5847-01A-11D-1704-01	7	100329244	100332842	3	-1.2583
TCGA-DU-5847-01A-11D-1704-01	7	100351005	114664888	8485	0.1548
TCGA-DU-5847-01A-11D-1704-01	7	114672181	114723756	35	-0.4497
TCGA-DU-5847-01A-11D-1704-01	7	114724191	126044974	6902	0.1638
TCGA-DU-5847-01A-11D-1704-01	7	126045482	126046615	12	1.1419
TCGA-DU-5847-01A-11D-1704-01	7	126046876	133778652	4704	0.1512
TCGA-DU-5847-01A-11D-1704-01	7	133785177	133798846	35	-0.1892
TCGA-DU-5847-01A-11D-1704-01	7	133799154	143927807	6566	0.1487
TCGA-DU-5847-01A-11D-1704-01	7	143928292	144066947	36	-0.4917
TCGA-DU-5847-01A-11D-1704-01	7	144074929	149659223	3540	0.1634
TCGA-DU-5847-01A-11D-1704-01	7	149662628	149669164	2	-1.2682
TCGA-DU-5847-01A-11D-1704-01	7	149672048	154389895	2907	0.1395
TCGA-DU-5847-01A-11D-1704-01	7	154393171	154399613	4	-0.9413
TCGA-DU-5847-01A-11D-1704-01	7	154400830	159127004	3246	0.1387
TCGA-DU-5847-01A-11D-1704-01	8	31254	3881975	3596	-0.4124
TCGA-DU-5847-01A-11D-1704-01	8	3882212	3882332	2	-2.1165
TCGA-DU-5847-01A-11D-1704-01	8	3886833	5547288	2426	-0.3802
TCGA-DU-5847-01A-11D-1704-01	8	5547530	5559536	16	0.112
TCGA-DU-5847-01A-11D-1704-01	8	5559749	5576510	23	-0.4892
TCGA-DU-5847-01A-11D-1704-01	8	5576614	5604327	55	-0.1361
TCGA-DU-5847-01A-11D-1704-01	8	5604495	5607214	4	0.5189
TCGA-DU-5847-01A-11D-1704-01	8	5607240	14509568	7239	-0.4319
TCGA-DU-5847-01A-11D-1704-01	8	14510032	14510074	3	-1.6778
TCGA-DU-5847-01A-11D-1704-01	8	14510396	16539511	1803	-0.3864
TCGA-DU-5847-01A-11D-1704-01	8	16540156	18264491	1562	0.1762
TCGA-DU-5847-01A-11D-1704-01	8	18265154	18271185	5	-1.3549
TCGA-DU-5847-01A-11D-1704-01	8	18271387	24974577	5095	0.1589
TCGA-DU-5847-01A-11D-1704-01	8	24975500	24984250	22	0.6817
TCGA-DU-5847-01A-11D-1704-01	8	24984333	39230659	9043	0.1511
TCGA-DU-5847-01A-11D-1704-01	8	39235603	39386965	58	0.9228
TCGA-DU-5847-01A-11D-1704-01	8	39388299	53980725	6514	0.1458
TCGA-DU-5847-01A-11D-1704-01	8	53984323	53984713	2	-1.141
TCGA-DU-5847-01A-11D-1704-01	8	53987957	79174222	15858	0.1562
TCGA-DU-5847-01A-11D-1704-01	8	79174499	79185324	6	-0.7208
TCGA-DU-5847-01A-11D-1704-01	8	79188614	112294670	19688	0.1576
TCGA-DU-5847-01A-11D-1704-01	8	112295038	112295260	5	1.264
TCGA-DU-5847-01A-11D-1704-01	8	112300281	146298155	22932	0.1525
TCGA-DU-5847-01A-11D-1704-01	9	46587	9144846	8753	-0.4527
TCGA-DU-5847-01A-11D-1704-01	9	9146140	9146300	2	-2.0145
TCGA-DU-5847-01A-11D-1704-01	9	9148011	20960862	9978	-0.4129
TCGA-DU-5847-01A-11D-1704-01	9	20961906	23878096	2108	-1.6701
TCGA-DU-5847-01A-11D-1704-01	9	23880959	25178137	897	-0.3881
TCGA-DU-5847-01A-11D-1704-01	9	25181918	25198724	16	-1.293
TCGA-DU-5847-01A-11D-1704-01	9	25201666	29965084	3647	-0.4221
TCGA-DU-5847-01A-11D-1704-01	9	29969103	29969710	2	-2.2675
TCGA-DU-5847-01A-11D-1704-01	9	29969777	33431305	2462	-0.4209
TCGA-DU-5847-01A-11D-1704-01	9	33434769	33778321	203	0.1859
TCGA-DU-5847-01A-11D-1704-01	9	33778399	33862508	86	-0.3456
TCGA-DU-5847-01A-11D-1704-01	9	33864517	68183981	3471	0.1355
TCGA-DU-5847-01A-11D-1704-01	9	68186051	68209916	9	0.9926
TCGA-DU-5847-01A-11D-1704-01	9	68210046	70981999	216	-0.0538
TCGA-DU-5847-01A-11D-1704-01	9	70984601	71002958	7	-0.407
TCGA-DU-5847-01A-11D-1704-01	9	71005578	100377130	20618	0.164
TCGA-DU-5847-01A-11D-1704-01	9	100377140	100377452	2	1.2382
TCGA-DU-5847-01A-11D-1704-01	9	100380227	105699564	3636	0.1511
TCGA-DU-5847-01A-11D-1704-01	9	105700026	105717550	16	0.5487
TCGA-DU-5847-01A-11D-1704-01	9	105718149	117082811	8627	0.1616
TCGA-DU-5847-01A-11D-1704-01	9	117087402	117088322	2	1.4061
TCGA-DU-5847-01A-11D-1704-01	9	117093029	134258779	11484	0.1584
TCGA-DU-5847-01A-11D-1704-01	9	134260926	134265704	5	-0.8251
TCGA-DU-5847-01A-11D-1704-01	9	134272015	141091394	3649	0.1378
TCGA-DU-5847-01A-11D-1704-01	X	168477	15562389	9608	0.0286
TCGA-DU-5847-01A-11D-1704-01	X	15563875	15568032	2	-1.2983
TCGA-DU-5847-01A-11D-1704-01	X	15571911	26809365	6777	0.0256
TCGA-DU-5847-01A-11D-1704-01	X	26811112	26819863	7	0.6749
TCGA-DU-5847-01A-11D-1704-01	X	26820818	34470688	5259	0.0441
TCGA-DU-5847-01A-11D-1704-01	X	34473292	34474055	3	-0.8837
TCGA-DU-5847-01A-11D-1704-01	X	34478466	76353650	18488	0.0086
TCGA-DU-5847-01A-11D-1704-01	X	76362292	76523952	17	-0.7858
TCGA-DU-5847-01A-11D-1704-01	X	76545159	115133681	20636	0.0178
TCGA-DU-5847-01A-11D-1704-01	X	115137955	115150638	7	-1.3403
TCGA-DU-5847-01A-11D-1704-01	X	115156419	150292898	21351	0.0183
TCGA-DU-5847-01A-11D-1704-01	X	150293934	150299524	4	-0.9991
TCGA-DU-5847-01A-11D-1704-01	X	150300920	155182354	2428	-0.0058
TCGA-DU-5847-01A-11D-1704-01	Y	2650438	2985595	152	-2.426
TCGA-DU-5847-01A-11D-1704-01	Y	2985939	6153454	747	-2.1052
TCGA-DU-5847-01A-11D-1704-01	Y	6155929	6281935	51	-3.5654
TCGA-DU-5847-01A-11D-1704-01	Y	6282097	15590276	2628	-2.4857
TCGA-DU-5847-01A-11D-1704-01	Y	15590342	15594523	3	-7.5064
TCGA-DU-5847-01A-11D-1704-01	Y	15594889	19571480	2082	-2.5632
TCGA-DU-5847-01A-11D-1704-01	Y	19574890	21088297	704	-3.0791
TCGA-DU-5847-01A-11D-1704-01	Y	21088485	24515802	1245	-2.5946
TCGA-DU-5847-01A-11D-1704-01	Y	24516081	26630929	411	-3.0241
TCGA-DU-5847-01A-11D-1704-01	Y	26631228	26805564	33	-4.0742
TCGA-DU-5847-01A-11D-1704-01	Y	26812798	27240184	46	-3.3634
TCGA-DU-5847-01A-11D-1704-01	Y	27254679	27720551	98	-2.4987
TCGA-DU-5847-01A-11D-1704-01	Y	27721084	28423938	251	-3.1193
TCGA-DU-5847-01A-11D-1704-01	Y	28438116	59018259	183	-2.409
