barcode	chromosome	start	stop	num.mark	seg.mean
TCGA-HT-7680-10A-01D-2252-01	1	61735	62114006	35671	0.0035
TCGA-HT-7680-10A-01D-2252-01	1	62114181	62118187	3	-4.4761
TCGA-HT-7680-10A-01D-2252-01	1	62119809	65427606	2503	5e-04
TCGA-HT-7680-10A-01D-2252-01	1	65429215	65429797	6	-0.8099
TCGA-HT-7680-10A-01D-2252-01	1	65429974	72768916	4878	-0.0018
TCGA-HT-7680-10A-01D-2252-01	1	72768936	72811148	45	-1.617
TCGA-HT-7680-10A-01D-2252-01	1	72811904	106013376	21039	0.004
TCGA-HT-7680-10A-01D-2252-01	1	106019205	106022375	17	-0.4814
TCGA-HT-7680-10A-01D-2252-01	1	106024055	110226743	2665	-0.0121
TCGA-HT-7680-10A-01D-2252-01	1	110226970	110244998	24	0.457
TCGA-HT-7680-10A-01D-2252-01	1	110246126	112690326	1956	0.006
TCGA-HT-7680-10A-01D-2252-01	1	112695965	112697213	22	-0.6408
TCGA-HT-7680-10A-01D-2252-01	1	112697241	144842558	5247	-0.0012
TCGA-HT-7680-10A-01D-2252-01	1	144849539	144849552	3	1.9593
TCGA-HT-7680-10A-01D-2252-01	1	144865627	148575561	1094	0.026
TCGA-HT-7680-10A-01D-2252-01	1	148585337	148636769	5	0.7199
TCGA-HT-7680-10A-01D-2252-01	1	148636891	149429206	199	0.1242
TCGA-HT-7680-10A-01D-2252-01	1	149436842	149644969	12	0.9055
TCGA-HT-7680-10A-01D-2252-01	1	149645033	152756774	1689	0.0128
TCGA-HT-7680-10A-01D-2252-01	1	152756806	152768700	40	0.487
TCGA-HT-7680-10A-01D-2252-01	1	152773905	195012880	28438	0.0039
TCGA-HT-7680-10A-01D-2252-01	1	195013975	195019299	5	-1.3496
TCGA-HT-7680-10A-01D-2252-01	1	195022967	198304536	2036	0.0177
TCGA-HT-7680-10A-01D-2252-01	1	198306860	198307779	3	-1.1475
TCGA-HT-7680-10A-01D-2252-01	1	198311359	215491496	11738	0.0043
TCGA-HT-7680-10A-01D-2252-01	1	215493469	215499104	7	-1.3153
TCGA-HT-7680-10A-01D-2252-01	1	215501031	229811169	9329	0.0043
TCGA-HT-7680-10A-01D-2252-01	1	229816856	229820196	3	-2.8647
TCGA-HT-7680-10A-01D-2252-01	1	229820456	248610056	13853	-6e-04
TCGA-HT-7680-10A-01D-2252-01	1	248610507	248641192	12	-0.7683
TCGA-HT-7680-10A-01D-2252-01	1	248649486	249224388	201	0.0262
TCGA-HT-7680-10A-01D-2252-01	10	72759	17927554	14884	6e-04
TCGA-HT-7680-10A-01D-2252-01	10	17938208	17949857	2	-2.0629
TCGA-HT-7680-10A-01D-2252-01	10	17971816	18136748	10	-0.5807
TCGA-HT-7680-10A-01D-2252-01	10	18150761	18199813	6	0.7527
TCGA-HT-7680-10A-01D-2252-01	10	18223647	24375263	4344	0.0095
TCGA-HT-7680-10A-01D-2252-01	10	24377674	24378054	11	1.0827
TCGA-HT-7680-10A-01D-2252-01	10	24378908	46293619	12320	-0.001
TCGA-HT-7680-10A-01D-2252-01	10	46312487	47541189	188	-0.3338
TCGA-HT-7680-10A-01D-2252-01	10	47542094	48837810	486	0.0038
TCGA-HT-7680-10A-01D-2252-01	10	48840627	49082570	14	-0.2182
TCGA-HT-7680-10A-01D-2252-01	10	49212771	49241492	4	-0.755
TCGA-HT-7680-10A-01D-2252-01	10	49270823	49287591	3	-2.8526
TCGA-HT-7680-10A-01D-2252-01	10	49287603	59094162	6812	0.0014
TCGA-HT-7680-10A-01D-2252-01	10	59094193	59095203	10	0.5444
TCGA-HT-7680-10A-01D-2252-01	10	59095288	67308030	5669	0.0025
TCGA-HT-7680-10A-01D-2252-01	10	67308591	67314446	23	0.5201
TCGA-HT-7680-10A-01D-2252-01	10	67322795	78252851	6803	0.0018
TCGA-HT-7680-10A-01D-2252-01	10	78257061	78257610	2	2.6048
TCGA-HT-7680-10A-01D-2252-01	10	78261267	124341534	31599	7e-04
TCGA-HT-7680-10A-01D-2252-01	10	124343951	124357726	9	0.7321
TCGA-HT-7680-10A-01D-2252-01	10	124383013	133667625	7084	-0.0074
TCGA-HT-7680-10A-01D-2252-01	10	133667886	133669405	5	-0.8868
TCGA-HT-7680-10A-01D-2252-01	10	133669903	135506704	833	0.005
TCGA-HT-7680-10A-01D-2252-01	11	198510	4967650	2478	0.0043
TCGA-HT-7680-10A-01D-2252-01	11	4968117	4976272	31	-1.7535
TCGA-HT-7680-10A-01D-2252-01	11	4976334	4977082	14	-0.4221
TCGA-HT-7680-10A-01D-2252-01	11	4978382	5783112	779	0.0245
TCGA-HT-7680-10A-01D-2252-01	11	5783395	5809139	36	-0.5722
TCGA-HT-7680-10A-01D-2252-01	11	5809338	18951506	9443	0.0034
TCGA-HT-7680-10A-01D-2252-01	11	18951693	18956250	15	-0.5172
TCGA-HT-7680-10A-01D-2252-01	11	18956690	21846894	2627	-0.0052
TCGA-HT-7680-10A-01D-2252-01	11	21847506	21848752	5	-1.2958
TCGA-HT-7680-10A-01D-2252-01	11	21850657	24282528	1674	0.0107
TCGA-HT-7680-10A-01D-2252-01	11	24286221	24286512	3	-1.548
TCGA-HT-7680-10A-01D-2252-01	11	24287499	55361361	17570	0.0028
TCGA-HT-7680-10A-01D-2252-01	11	55361410	55453576	63	0.2895
TCGA-HT-7680-10A-01D-2252-01	11	55460683	80878596	14053	0.0086
TCGA-HT-7680-10A-01D-2252-01	11	80878619	80878740	3	-1.2423
TCGA-HT-7680-10A-01D-2252-01	11	80878874	81503468	567	0.009
TCGA-HT-7680-10A-01D-2252-01	11	81503992	81517158	10	-0.7937
TCGA-HT-7680-10A-01D-2252-01	11	81522632	86305813	3181	0.0046
TCGA-HT-7680-10A-01D-2252-01	11	86305817	86306054	4	-1.1257
TCGA-HT-7680-10A-01D-2252-01	11	86315174	91822943	3550	0.0092
TCGA-HT-7680-10A-01D-2252-01	11	91823650	91823655	6	-0.9585
TCGA-HT-7680-10A-01D-2252-01	11	91823997	92934333	876	0.0021
TCGA-HT-7680-10A-01D-2252-01	11	92936162	92938484	3	-1.1914
TCGA-HT-7680-10A-01D-2252-01	11	92941753	93018715	39	0.0451
TCGA-HT-7680-10A-01D-2252-01	11	93020483	93039057	6	-0.6482
TCGA-HT-7680-10A-01D-2252-01	11	93039215	101594384	6357	0.0036
TCGA-HT-7680-10A-01D-2252-01	11	101597860	101597964	4	1.0018
TCGA-HT-7680-10A-01D-2252-01	11	101598212	108992302	4895	0.0044
TCGA-HT-7680-10A-01D-2252-01	11	108992653	108997962	6	-1.2908
TCGA-HT-7680-10A-01D-2252-01	11	108998139	116766899	5425	3e-04
TCGA-HT-7680-10A-01D-2252-01	11	116768654	116774270	2	-1.9781
TCGA-HT-7680-10A-01D-2252-01	11	116779499	126688694	7059	0.0023
TCGA-HT-7680-10A-01D-2252-01	11	126688711	126691069	5	-0.7588
TCGA-HT-7680-10A-01D-2252-01	11	126692197	126865035	146	-0.0207
TCGA-HT-7680-10A-01D-2252-01	11	126866859	126867225	2	1.3572
TCGA-HT-7680-10A-01D-2252-01	11	126867709	134944770	6241	9e-04
TCGA-HT-7680-10A-01D-2252-01	12	150442	865970	418	0.0322
TCGA-HT-7680-10A-01D-2252-01	12	869109	874029	18	-0.9209
TCGA-HT-7680-10A-01D-2252-01	12	875354	11220827	6839	0.0086
TCGA-HT-7680-10A-01D-2252-01	12	11222368	11241532	10	-1.4023
TCGA-HT-7680-10A-01D-2252-01	12	11251874	28094921	11742	0.0072
TCGA-HT-7680-10A-01D-2252-01	12	28095493	28097644	11	-0.6993
TCGA-HT-7680-10A-01D-2252-01	12	28103460	28508775	247	-0.0175
TCGA-HT-7680-10A-01D-2252-01	12	28509521	28515881	2	-1.917
TCGA-HT-7680-10A-01D-2252-01	12	28515954	28627069	72	-0.0978
TCGA-HT-7680-10A-01D-2252-01	12	28634201	28634638	2	-1.5651
TCGA-HT-7680-10A-01D-2252-01	12	28634772	31906672	2496	-0.0035
TCGA-HT-7680-10A-01D-2252-01	12	31907274	31909908	4	-1.3682
TCGA-HT-7680-10A-01D-2252-01	12	31917220	33294660	1017	-0.0042
TCGA-HT-7680-10A-01D-2252-01	12	33301406	33307374	26	-0.5317
TCGA-HT-7680-10A-01D-2252-01	12	33308360	33379966	44	0.1026
TCGA-HT-7680-10A-01D-2252-01	12	33385830	33395142	6	-0.8907
TCGA-HT-7680-10A-01D-2252-01	12	33395418	40816350	2264	0.0059
TCGA-HT-7680-10A-01D-2252-01	12	40816460	40829155	23	-0.6464
TCGA-HT-7680-10A-01D-2252-01	12	40829919	45899825	3292	1e-04
TCGA-HT-7680-10A-01D-2252-01	12	45904438	45909537	4	1.6074
TCGA-HT-7680-10A-01D-2252-01	12	45913292	46993782	610	-0.0035
TCGA-HT-7680-10A-01D-2252-01	12	46994006	46997382	2	-1.4242
TCGA-HT-7680-10A-01D-2252-01	12	46998430	81993966	21716	0.0066
TCGA-HT-7680-10A-01D-2252-01	12	81999396	82002650	2	-1.7684
TCGA-HT-7680-10A-01D-2252-01	12	82003174	97875708	10118	0.0076
TCGA-HT-7680-10A-01D-2252-01	12	97877305	97877688	4	-1.1345
TCGA-HT-7680-10A-01D-2252-01	12	97878411	99791814	1311	0.0025
TCGA-HT-7680-10A-01D-2252-01	12	99795293	99803118	33	-0.5847
TCGA-HT-7680-10A-01D-2252-01	12	99803133	127632381	18275	0.0037
TCGA-HT-7680-10A-01D-2252-01	12	127634136	127634546	7	-0.9229
TCGA-HT-7680-10A-01D-2252-01	12	127634847	133778189	4491	-0.007
TCGA-HT-7680-10A-01D-2252-01	13	19026949	25025917	4041	-0.0064
TCGA-HT-7680-10A-01D-2252-01	13	25028672	25039598	18	-0.4794
TCGA-HT-7680-10A-01D-2252-01	13	25039678	72476988	31113	0.0034
TCGA-HT-7680-10A-01D-2252-01	13	72477555	72486797	7	0.8295
TCGA-HT-7680-10A-01D-2252-01	13	72488331	84101191	7916	0.0053
TCGA-HT-7680-10A-01D-2252-01	13	84105849	84156012	44	-5.5285
TCGA-HT-7680-10A-01D-2252-01	13	84161129	115108397	21200	0.0038
TCGA-HT-7680-10A-01D-2252-01	14	19002124	20157843	81	0.0112
TCGA-HT-7680-10A-01D-2252-01	14	20200183	20423372	109	-0.4484
TCGA-HT-7680-10A-01D-2252-01	14	20424926	24445634	2739	-0.0053
TCGA-HT-7680-10A-01D-2252-01	14	24446631	24458943	11	-0.9281
TCGA-HT-7680-10A-01D-2252-01	14	24461854	74001123	31407	0.0025
TCGA-HT-7680-10A-01D-2252-01	14	74006707	74020979	8	-1.5112
TCGA-HT-7680-10A-01D-2252-01	14	74029900	86806145	8514	0.0044
TCGA-HT-7680-10A-01D-2252-01	14	86813568	86821691	17	-1.0368
TCGA-HT-7680-10A-01D-2252-01	14	86823575	106530364	12290	0.0011
TCGA-HT-7680-10A-01D-2252-01	14	106530687	106547314	7	-1.0742
TCGA-HT-7680-10A-01D-2252-01	14	106547507	106567100	10	-3.095
TCGA-HT-7680-10A-01D-2252-01	14	106569463	106750880	83	-0.0506
TCGA-HT-7680-10A-01D-2252-01	14	106751284	106753867	4	0.903
TCGA-HT-7680-10A-01D-2252-01	14	106754003	106874361	55	-0.104
TCGA-HT-7680-10A-01D-2252-01	14	106879831	106918094	50	0.2282
TCGA-HT-7680-10A-01D-2252-01	14	106918108	107285437	225	-0.0438
TCGA-HT-7680-10A-01D-2252-01	15	20016328	20395529	61	0.1115
TCGA-HT-7680-10A-01D-2252-01	15	20411378	21930553	241	-0.6195
TCGA-HT-7680-10A-01D-2252-01	15	21939823	21953711	2	-3.4481
TCGA-HT-7680-10A-01D-2252-01	15	22042518	22582902	115	-0.6468
TCGA-HT-7680-10A-01D-2252-01	15	22584431	23459202	318	0.5979
TCGA-HT-7680-10A-01D-2252-01	15	23478049	30561567	4409	-0.0064
TCGA-HT-7680-10A-01D-2252-01	15	30562770	30821758	64	-0.417
TCGA-HT-7680-10A-01D-2252-01	15	30887956	32512220	1070	-3e-04
TCGA-HT-7680-10A-01D-2252-01	15	32531316	32776211	32	-0.3767
TCGA-HT-7680-10A-01D-2252-01	15	32784174	102429125	45754	7e-04
TCGA-HT-7680-10A-01D-2252-01	15	102435009	102469040	5	0.8421
TCGA-HT-7680-10A-01D-2252-01	16	60777	22442020	14857	-6e-04
TCGA-HT-7680-10A-01D-2252-01	16	22557932	22720366	80	-0.3762
TCGA-HT-7680-10A-01D-2252-01	16	22721638	29342601	4250	0.0048
TCGA-HT-7680-10A-01D-2252-01	16	29345440	29347129	2	1.2797
TCGA-HT-7680-10A-01D-2252-01	16	29351778	32124331	914	0.022
TCGA-HT-7680-10A-01D-2252-01	16	32146886	32573476	66	-0.2118
TCGA-HT-7680-10A-01D-2252-01	16	32588619	32588909	8	-0.8209
TCGA-HT-7680-10A-01D-2252-01	16	32609274	32655523	25	-0.2525
TCGA-HT-7680-10A-01D-2252-01	16	32743289	33241953	52	0.0355
TCGA-HT-7680-10A-01D-2252-01	16	33300894	33645338	93	-0.3654
TCGA-HT-7680-10A-01D-2252-01	16	33648467	34459037	206	0.0028
TCGA-HT-7680-10A-01D-2252-01	16	34459527	34459709	3	1.0706
TCGA-HT-7680-10A-01D-2252-01	16	34466571	60076496	9466	-0.0018
TCGA-HT-7680-10A-01D-2252-01	16	60082606	60096986	6	-1.0122
TCGA-HT-7680-10A-01D-2252-01	16	60105718	70151527	6100	-0.0023
TCGA-HT-7680-10A-01D-2252-01	16	70151560	70211444	16	-0.5756
TCGA-HT-7680-10A-01D-2252-01	16	70213044	74384258	2428	-0.0054
TCGA-HT-7680-10A-01D-2252-01	16	74397058	74456601	9	-0.8034
TCGA-HT-7680-10A-01D-2252-01	16	74465396	78371608	3210	8e-04
TCGA-HT-7680-10A-01D-2252-01	16	78372440	78384738	16	-2.8053
TCGA-HT-7680-10A-01D-2252-01	16	78384765	86255890	8184	0.0036
TCGA-HT-7680-10A-01D-2252-01	16	86257108	86257213	2	-1.3573
TCGA-HT-7680-10A-01D-2252-01	16	86260764	88110422	1608	-0.003
TCGA-HT-7680-10A-01D-2252-01	16	88113663	88116130	5	-1.3181
TCGA-HT-7680-10A-01D-2252-01	16	88116483	90287535	848	0.0042
TCGA-HT-7680-10A-01D-2252-01	17	526	18355392	11449	-2e-04
TCGA-HT-7680-10A-01D-2252-01	17	18358946	18465221	28	0.5593
TCGA-HT-7680-10A-01D-2252-01	17	18469197	34485091	6959	3e-04
TCGA-HT-7680-10A-01D-2252-01	17	34528125	34535651	2	2.0534
TCGA-HT-7680-10A-01D-2252-01	17	34543343	39421708	2540	0.0109
TCGA-HT-7680-10A-01D-2252-01	17	39423014	39440956	42	-0.3116
TCGA-HT-7680-10A-01D-2252-01	17	39441219	43443234	2097	0.0138
TCGA-HT-7680-10A-01D-2252-01	17	43447511	43459770	8	-0.5076
TCGA-HT-7680-10A-01D-2252-01	17	43459903	43648540	45	0.0928
TCGA-HT-7680-10A-01D-2252-01	17	43655090	43659426	7	-0.9863
TCGA-HT-7680-10A-01D-2252-01	17	43664693	44170127	346	-0.0238
TCGA-HT-7680-10A-01D-2252-01	17	44176984	44364170	117	-0.3822
TCGA-HT-7680-10A-01D-2252-01	17	44394412	44752300	48	0.7063
TCGA-HT-7680-10A-01D-2252-01	17	44764994	56212100	7365	0.0034
TCGA-HT-7680-10A-01D-2252-01	17	56212514	56214094	4	-1.1084
TCGA-HT-7680-10A-01D-2252-01	17	56217398	68881570	7131	0.0025
TCGA-HT-7680-10A-01D-2252-01	17	68881579	68886333	2	-1.634
TCGA-HT-7680-10A-01D-2252-01	17	68886444	72522352	2776	-0.0019
TCGA-HT-7680-10A-01D-2252-01	17	72523224	72523259	2	-1.5017
TCGA-HT-7680-10A-01D-2252-01	17	72527718	81049726	4342	0.0162
TCGA-HT-7680-10A-01D-2252-01	18	11543	38260420	22852	4e-04
TCGA-HT-7680-10A-01D-2252-01	18	38260434	38265389	18	-1.8788
TCGA-HT-7680-10A-01D-2252-01	18	38268024	55930550	11915	0.0011
TCGA-HT-7680-10A-01D-2252-01	18	55930862	55935962	23	-0.9577
TCGA-HT-7680-10A-01D-2252-01	18	55938939	63762300	5641	0.0025
TCGA-HT-7680-10A-01D-2252-01	18	63767140	63767922	3	-2.4264
TCGA-HT-7680-10A-01D-2252-01	18	63775595	66746106	2171	0.0017
TCGA-HT-7680-10A-01D-2252-01	18	66746244	66757787	41	-0.8422
TCGA-HT-7680-10A-01D-2252-01	18	66758140	78015057	8175	-0.0034
TCGA-HT-7680-10A-01D-2252-01	19	90910	15038939	6135	0.0205
TCGA-HT-7680-10A-01D-2252-01	19	15045192	15049299	3	-1.3164
TCGA-HT-7680-10A-01D-2252-01	19	15051287	35849322	10692	0.0067
TCGA-HT-7680-10A-01D-2252-01	19	35849493	35861669	20	-0.5364
TCGA-HT-7680-10A-01D-2252-01	19	35861779	43712250	3927	0.0089
TCGA-HT-7680-10A-01D-2252-01	19	43712598	43756237	19	-0.7567
TCGA-HT-7680-10A-01D-2252-01	19	43766659	54797848	5970	0.0152
TCGA-HT-7680-10A-01D-2252-01	19	54805530	54806683	3	-1.9166
TCGA-HT-7680-10A-01D-2252-01	19	54811325	57117559	1370	0.015
TCGA-HT-7680-10A-01D-2252-01	19	57118407	57118891	2	-1.4568
TCGA-HT-7680-10A-01D-2252-01	19	57119434	59097854	1223	0.0163
TCGA-HT-7680-10A-01D-2252-01	2	12784	34691069	24122	3e-04
TCGA-HT-7680-10A-01D-2252-01	2	34699315	34708632	7	-2.61
TCGA-HT-7680-10A-01D-2252-01	2	34708650	34717908	22	-1.3639
TCGA-HT-7680-10A-01D-2252-01	2	34717974	34737057	17	-2.6923
TCGA-HT-7680-10A-01D-2252-01	2	34737163	35975973	877	-0.0087
TCGA-HT-7680-10A-01D-2252-01	2	35977790	35987947	7	0.7882
TCGA-HT-7680-10A-01D-2252-01	2	35997473	36335596	274	0.0016
TCGA-HT-7680-10A-01D-2252-01	2	36335597	36335606	6	-0.4885
TCGA-HT-7680-10A-01D-2252-01	2	36336619	36339554	13	-3.8135
TCGA-HT-7680-10A-01D-2252-01	2	36351103	51008693	10686	-7e-04
TCGA-HT-7680-10A-01D-2252-01	2	51008752	51015111	6	-0.8591
TCGA-HT-7680-10A-01D-2252-01	2	51016966	52741737	1177	-0.0063
TCGA-HT-7680-10A-01D-2252-01	2	52743925	52781374	35	0.4594
TCGA-HT-7680-10A-01D-2252-01	2	52781397	55285051	1950	-0.007
TCGA-HT-7680-10A-01D-2252-01	2	55289739	55329719	55	-0.9911
TCGA-HT-7680-10A-01D-2252-01	2	55329736	55340812	10	-0.6496
TCGA-HT-7680-10A-01D-2252-01	2	55343705	98118212	22085	0.002
TCGA-HT-7680-10A-01D-2252-01	2	98140747	98162189	9	1.1839
TCGA-HT-7680-10A-01D-2252-01	2	98166878	104458440	3822	0.0046
TCGA-HT-7680-10A-01D-2252-01	2	104459815	104462512	2	-1.4113
TCGA-HT-7680-10A-01D-2252-01	2	104463192	106880095	1757	0.0022
TCGA-HT-7680-10A-01D-2252-01	2	106880713	106885357	11	-2.2162
TCGA-HT-7680-10A-01D-2252-01	2	106887255	123477014	9555	-0.0031
TCGA-HT-7680-10A-01D-2252-01	2	123479899	123482241	9	-0.8099
TCGA-HT-7680-10A-01D-2252-01	2	123483653	146861404	14389	0
TCGA-HT-7680-10A-01D-2252-01	2	146861446	146865832	15	0.5726
TCGA-HT-7680-10A-01D-2252-01	2	146865974	146866934	11	1.1329
TCGA-HT-7680-10A-01D-2252-01	2	146877806	176924495	18288	0.0056
TCGA-HT-7680-10A-01D-2252-01	2	176926293	176929908	4	-1.1459
TCGA-HT-7680-10A-01D-2252-01	2	176933203	194569722	10567	0.0025
TCGA-HT-7680-10A-01D-2252-01	2	194587156	194598372	8	-1.0715
TCGA-HT-7680-10A-01D-2252-01	2	194601936	243089456	30320	0.0062
TCGA-HT-7680-10A-01D-2252-01	20	61305	1560999	1205	0.0168
TCGA-HT-7680-10A-01D-2252-01	20	1561580	1593893	41	2.1678
TCGA-HT-7680-10A-01D-2252-01	20	1597946	14792812	9944	-3e-04
TCGA-HT-7680-10A-01D-2252-01	20	14792834	14792838	2	-2.9133
TCGA-HT-7680-10A-01D-2252-01	20	14793415	37005352	12636	0.0026
TCGA-HT-7680-10A-01D-2252-01	20	37010785	37012294	5	-1.1116
TCGA-HT-7680-10A-01D-2252-01	20	37018652	52644868	11180	0.0084
TCGA-HT-7680-10A-01D-2252-01	20	52647808	52658651	38	-0.7505
TCGA-HT-7680-10A-01D-2252-01	20	52662574	59583107	5692	-6e-04
TCGA-HT-7680-10A-01D-2252-01	20	59583629	59583885	2	-1.3002
TCGA-HT-7680-10A-01D-2252-01	20	59584067	62956153	1765	-0.0021
TCGA-HT-7680-10A-01D-2252-01	21	10736871	10954189	39	0.4016
TCGA-HT-7680-10A-01D-2252-01	21	10956144	44968053	22615	0.0038
TCGA-HT-7680-10A-01D-2252-01	21	44970873	44972812	2	-2.5622
TCGA-HT-7680-10A-01D-2252-01	21	44973667	48096957	1766	-6e-04
TCGA-HT-7680-10A-01D-2252-01	22	16052528	16102419	9	0.0191
TCGA-HT-7680-10A-01D-2252-01	22	16102492	16152285	10	-0.6048
TCGA-HT-7680-10A-01D-2252-01	22	16205766	16386665	30	-0.075
TCGA-HT-7680-10A-01D-2252-01	22	16394605	16399151	5	-0.7844
TCGA-HT-7680-10A-01D-2252-01	22	16402835	17495551	321	-0.0137
TCGA-HT-7680-10A-01D-2252-01	22	17499034	17499508	2	1.5388
TCGA-HT-7680-10A-01D-2252-01	22	17499890	20491884	1777	0.0024
TCGA-HT-7680-10A-01D-2252-01	22	20499111	20717206	5	1.309
TCGA-HT-7680-10A-01D-2252-01	22	20723699	22485095	1154	0.0221
TCGA-HT-7680-10A-01D-2252-01	22	22485140	22485156	2	-1.912
TCGA-HT-7680-10A-01D-2252-01	22	22485271	39351466	12201	-2e-04
TCGA-HT-7680-10A-01D-2252-01	22	39363619	39375307	24	-0.6055
TCGA-HT-7680-10A-01D-2252-01	22	39389628	40793260	696	0.0196
TCGA-HT-7680-10A-01D-2252-01	22	40794590	40794820	2	-3.6747
TCGA-HT-7680-10A-01D-2252-01	22	40797672	51234455	7331	0
TCGA-HT-7680-10A-01D-2252-01	3	60345	11408063	9581	-0.0027
TCGA-HT-7680-10A-01D-2252-01	3	11412604	11413400	4	-1.3022
TCGA-HT-7680-10A-01D-2252-01	3	11417265	65185849	35812	4e-04
TCGA-HT-7680-10A-01D-2252-01	3	65188453	65210452	54	-0.7046
TCGA-HT-7680-10A-01D-2252-01	3	65216349	68077072	1957	-0.0071
TCGA-HT-7680-10A-01D-2252-01	3	68085387	68088712	2	-1.5139
TCGA-HT-7680-10A-01D-2252-01	3	68088949	68732028	465	0.0171
TCGA-HT-7680-10A-01D-2252-01	3	68746164	68747413	15	0.8783
TCGA-HT-7680-10A-01D-2252-01	3	68748758	129766586	34752	0.0061
TCGA-HT-7680-10A-01D-2252-01	3	129775858	129806236	50	0.656
TCGA-HT-7680-10A-01D-2252-01	3	129806924	131706696	1172	0.0012
TCGA-HT-7680-10A-01D-2252-01	3	131708157	131708471	2	-1.79
TCGA-HT-7680-10A-01D-2252-01	3	131714999	159275255	17126	0.0023
TCGA-HT-7680-10A-01D-2252-01	3	159275777	159284706	5	-1.2067
TCGA-HT-7680-10A-01D-2252-01	3	159286905	162545716	2011	-0.0011
TCGA-HT-7680-10A-01D-2252-01	3	162546229	162626603	49	-0.2875
TCGA-HT-7680-10A-01D-2252-01	3	162628614	175080611	7665	0.0115
TCGA-HT-7680-10A-01D-2252-01	3	175080747	175081226	4	-1.1023
TCGA-HT-7680-10A-01D-2252-01	3	175081325	192877902	11532	0.004
TCGA-HT-7680-10A-01D-2252-01	3	192877962	192882903	19	-0.4954
TCGA-HT-7680-10A-01D-2252-01	3	192886435	194634588	1160	-0.0041
TCGA-HT-7680-10A-01D-2252-01	3	194641316	194641845	5	-0.8657
TCGA-HT-7680-10A-01D-2252-01	3	194642480	197896118	1542	0.0119
TCGA-HT-7680-10A-01D-2252-01	4	12281	65978	57	0.2858
TCGA-HT-7680-10A-01D-2252-01	4	66719	4103344	1646	0.0064
TCGA-HT-7680-10A-01D-2252-01	4	4110230	4135581	8	-0.9513
TCGA-HT-7680-10A-01D-2252-01	4	4152760	9456977	3540	0.0044
TCGA-HT-7680-10A-01D-2252-01	4	9461230	9478849	6	1.7605
TCGA-HT-7680-10A-01D-2252-01	4	9479035	9859897	167	-0.0011
TCGA-HT-7680-10A-01D-2252-01	4	9859901	9865042	4	1.1224
TCGA-HT-7680-10A-01D-2252-01	4	9867502	9988337	111	0.0171
TCGA-HT-7680-10A-01D-2252-01	4	9988404	9988716	2	1.4093
TCGA-HT-7680-10A-01D-2252-01	4	9989233	10223416	265	0.0032
TCGA-HT-7680-10A-01D-2252-01	4	10223628	10235268	34	0.5888
TCGA-HT-7680-10A-01D-2252-01	4	10236142	34778975	16992	0.0015
TCGA-HT-7680-10A-01D-2252-01	4	34779004	34824183	41	0.5318
TCGA-HT-7680-10A-01D-2252-01	4	34824725	49267848	8994	0.0082
TCGA-HT-7680-10A-01D-2252-01	4	49291192	49291355	2	-1.7001
TCGA-HT-7680-10A-01D-2252-01	4	49297220	60278819	5061	0.0027
TCGA-HT-7680-10A-01D-2252-01	4	60290689	60300276	5	-0.9146
TCGA-HT-7680-10A-01D-2252-01	4	60300688	69261064	5432	0.0111
TCGA-HT-7680-10A-01D-2252-01	4	69282205	69288142	5	-1.2672
TCGA-HT-7680-10A-01D-2252-01	4	69294799	69360489	14	0.0701
TCGA-HT-7680-10A-01D-2252-01	4	69367142	69489335	68	-1.7355
TCGA-HT-7680-10A-01D-2252-01	4	69505115	70127644	327	-0.0209
TCGA-HT-7680-10A-01D-2252-01	4	70127652	70232124	55	-0.6028
TCGA-HT-7680-10A-01D-2252-01	4	70236151	102725955	19842	0.0024
TCGA-HT-7680-10A-01D-2252-01	4	102726005	102732100	4	-1.1129
TCGA-HT-7680-10A-01D-2252-01	4	102734730	122281973	11905	0.0049
TCGA-HT-7680-10A-01D-2252-01	4	122282468	122285135	28	-0.7101
TCGA-HT-7680-10A-01D-2252-01	4	122291131	130175749	4426	-0.0049
TCGA-HT-7680-10A-01D-2252-01	4	130176485	130178330	2	-1.6728
TCGA-HT-7680-10A-01D-2252-01	4	130179574	149238314	11439	0.0063
TCGA-HT-7680-10A-01D-2252-01	4	149239012	149254605	5	-1.2978
TCGA-HT-7680-10A-01D-2252-01	4	149254670	161874000	7798	0.0068
TCGA-HT-7680-10A-01D-2252-01	4	161880018	161884919	22	-0.7568
TCGA-HT-7680-10A-01D-2252-01	4	161884958	172369346	6674	0.003
TCGA-HT-7680-10A-01D-2252-01	4	172374884	172377776	12	0.7981
TCGA-HT-7680-10A-01D-2252-01	4	172380371	189221258	11357	0.0078
TCGA-HT-7680-10A-01D-2252-01	4	189221360	189221439	4	1.3283
TCGA-HT-7680-10A-01D-2252-01	4	189222813	191027923	1175	0.0333
TCGA-HT-7680-10A-01D-2252-01	5	15532	21376844	15733	-0.0045
TCGA-HT-7680-10A-01D-2252-01	5	21377839	21377853	2	-1.6413
TCGA-HT-7680-10A-01D-2252-01	5	21386066	21449276	45	0.0086
TCGA-HT-7680-10A-01D-2252-01	5	21451200	21452438	5	-2.4246
TCGA-HT-7680-10A-01D-2252-01	5	21452496	27524452	3557	0.0107
TCGA-HT-7680-10A-01D-2252-01	5	27525390	27525514	2	-2.1058
TCGA-HT-7680-10A-01D-2252-01	5	27525907	46271108	11477	0.0038
TCGA-HT-7680-10A-01D-2252-01	5	46271930	46273502	6	1.2141
TCGA-HT-7680-10A-01D-2252-01	5	46278212	57321646	5083	0.0048
TCGA-HT-7680-10A-01D-2252-01	5	57326027	57333533	32	-0.5769
TCGA-HT-7680-10A-01D-2252-01	5	57338357	103851221	26880	0.0034
TCGA-HT-7680-10A-01D-2252-01	5	103860373	103860604	4	-1.6744
TCGA-HT-7680-10A-01D-2252-01	5	103861049	103976475	125	-0.004
TCGA-HT-7680-10A-01D-2252-01	5	103978685	103979261	5	-1.3196
TCGA-HT-7680-10A-01D-2252-01	5	103980993	151514171	30690	0.0019
TCGA-HT-7680-10A-01D-2252-01	5	151515386	151518351	14	-2.5732
TCGA-HT-7680-10A-01D-2252-01	5	151520271	155475105	2663	0.0034
TCGA-HT-7680-10A-01D-2252-01	5	155476772	155495259	18	-0.6792
TCGA-HT-7680-10A-01D-2252-01	5	155500992	175346597	14075	0.0038
TCGA-HT-7680-10A-01D-2252-01	5	175346628	175346790	3	-1.5087
TCGA-HT-7680-10A-01D-2252-01	5	175348842	179061675	1805	-0.0032
TCGA-HT-7680-10A-01D-2252-01	5	179064445	179068463	5	-0.9717
TCGA-HT-7680-10A-01D-2252-01	5	179068955	180378888	759	0.0023
TCGA-HT-7680-10A-01D-2252-01	5	180380203	180418103	17	-2.6344
TCGA-HT-7680-10A-01D-2252-01	5	180433225	180790320	171	0.0021
TCGA-HT-7680-10A-01D-2252-01	6	149661	253861	99	-0.0262
TCGA-HT-7680-10A-01D-2252-01	6	254267	334825	44	-0.5739
TCGA-HT-7680-10A-01D-2252-01	6	336218	22563888	17224	0.006
TCGA-HT-7680-10A-01D-2252-01	6	22565090	22565152	3	-1.2673
TCGA-HT-7680-10A-01D-2252-01	6	22568063	26732406	2921	0.0037
TCGA-HT-7680-10A-01D-2252-01	6	26737032	26773509	27	0.4867
TCGA-HT-7680-10A-01D-2252-01	6	26783667	29850366	1454	0.0132
TCGA-HT-7680-10A-01D-2252-01	6	29850380	29898897	13	-0.9671
TCGA-HT-7680-10A-01D-2252-01	6	29899677	31337136	691	-0.0086
TCGA-HT-7680-10A-01D-2252-01	6	31337850	31340807	7	-0.9336
TCGA-HT-7680-10A-01D-2252-01	6	31343604	66394090	19360	0.0069
TCGA-HT-7680-10A-01D-2252-01	6	66399482	66403852	24	-0.8973
TCGA-HT-7680-10A-01D-2252-01	6	66407127	67038046	417	0.0064
TCGA-HT-7680-10A-01D-2252-01	6	67040913	67043192	7	0.713
TCGA-HT-7680-10A-01D-2252-01	6	67043235	69686629	1868	0.0086
TCGA-HT-7680-10A-01D-2252-01	6	69687698	69691368	4	-1.2811
TCGA-HT-7680-10A-01D-2252-01	6	69697406	74592225	3149	0.0082
TCGA-HT-7680-10A-01D-2252-01	6	74592457	74597341	8	-2.6442
TCGA-HT-7680-10A-01D-2252-01	6	74601410	77014948	1472	0.0028
TCGA-HT-7680-10A-01D-2252-01	6	77016900	77016926	3	-1.2361
TCGA-HT-7680-10A-01D-2252-01	6	77016993	77436532	296	-0.012
TCGA-HT-7680-10A-01D-2252-01	6	77439868	77452757	21	0.3878
TCGA-HT-7680-10A-01D-2252-01	6	77461073	103734829	16589	0.0071
TCGA-HT-7680-10A-01D-2252-01	6	103737976	103762061	46	-1.2078
TCGA-HT-7680-10A-01D-2252-01	6	103765470	135335429	19822	0.007
TCGA-HT-7680-10A-01D-2252-01	6	135342254	135343238	2	1.5691
TCGA-HT-7680-10A-01D-2252-01	6	135349570	165123636	20372	0.0059
TCGA-HT-7680-10A-01D-2252-01	6	165131018	165195092	42	1.007
TCGA-HT-7680-10A-01D-2252-01	6	165204063	171051005	4031	-0.0048
TCGA-HT-7680-10A-01D-2252-01	7	43355	6833877	3437	-0.0012
TCGA-HT-7680-10A-01D-2252-01	7	6837006	6838724	3	-1.5896
TCGA-HT-7680-10A-01D-2252-01	7	6854110	27320961	16157	0.0052
TCGA-HT-7680-10A-01D-2252-01	7	27322106	27336910	16	0.6453
TCGA-HT-7680-10A-01D-2252-01	7	27339322	38387443	7958	0.0012
TCGA-HT-7680-10A-01D-2252-01	7	38391365	38398047	5	0.8831
TCGA-HT-7680-10A-01D-2252-01	7	38400957	39077397	532	0.0136
TCGA-HT-7680-10A-01D-2252-01	7	39077405	39079473	2	-3.3604
TCGA-HT-7680-10A-01D-2252-01	7	39079600	54386505	10482	5e-04
TCGA-HT-7680-10A-01D-2252-01	7	54386509	54386517	5	-1.8682
TCGA-HT-7680-10A-01D-2252-01	7	54393488	84940786	14398	0.009
TCGA-HT-7680-10A-01D-2252-01	7	84943544	84955800	8	-1.3032
TCGA-HT-7680-10A-01D-2252-01	7	84955904	85895538	521	0.0082
TCGA-HT-7680-10A-01D-2252-01	7	85896002	85896021	2	-1.8651
TCGA-HT-7680-10A-01D-2252-01	7	85901637	91029468	3232	0.0022
TCGA-HT-7680-10A-01D-2252-01	7	91031342	91040727	28	-0.9234
TCGA-HT-7680-10A-01D-2252-01	7	91046993	97395462	3976	1e-04
TCGA-HT-7680-10A-01D-2252-01	7	97395465	97402475	14	-0.8308
TCGA-HT-7680-10A-01D-2252-01	7	97404240	109433798	6638	0.0066
TCGA-HT-7680-10A-01D-2252-01	7	109437092	109437774	16	-0.8932
TCGA-HT-7680-10A-01D-2252-01	7	109440917	109441212	8	-0.2976
TCGA-HT-7680-10A-01D-2252-01	7	109441244	109453910	11	-2.3111
TCGA-HT-7680-10A-01D-2252-01	7	109453982	126044974	10042	0.0113
TCGA-HT-7680-10A-01D-2252-01	7	126045482	126046543	10	0.8289
TCGA-HT-7680-10A-01D-2252-01	7	126046600	142167898	10236	0.0021
TCGA-HT-7680-10A-01D-2252-01	7	142168429	142168798	3	-1.2356
TCGA-HT-7680-10A-01D-2252-01	7	142171965	143909445	1070	-0.0106
TCGA-HT-7680-10A-01D-2252-01	7	143911624	144027576	31	0.4228
TCGA-HT-7680-10A-01D-2252-01	7	144033851	150285104	3862	0.001
TCGA-HT-7680-10A-01D-2252-01	7	150285801	150301569	8	-1.327
TCGA-HT-7680-10A-01D-2252-01	7	150307922	154389895	2588	-0.0014
TCGA-HT-7680-10A-01D-2252-01	7	154393171	154399613	4	-2.2558
TCGA-HT-7680-10A-01D-2252-01	7	154400830	155464029	918	0.0119
TCGA-HT-7680-10A-01D-2252-01	7	155465863	155466938	2	1.4725
TCGA-HT-7680-10A-01D-2252-01	7	155469636	159127004	2326	-0.0017
TCGA-HT-7680-10A-01D-2252-01	8	31254	5647692	6175	-0.0043
TCGA-HT-7680-10A-01D-2252-01	8	5649051	5649063	2	-2.365
TCGA-HT-7680-10A-01D-2252-01	8	5649112	12646389	5339	-0.0122
TCGA-HT-7680-10A-01D-2252-01	8	12648728	12652526	4	-1.7074
TCGA-HT-7680-10A-01D-2252-01	8	12653533	14509568	1857	0.0052
TCGA-HT-7680-10A-01D-2252-01	8	14510032	14510396	4	1.042
TCGA-HT-7680-10A-01D-2252-01	8	14510405	16197191	1510	-1e-04
TCGA-HT-7680-10A-01D-2252-01	8	16206954	16207123	8	-0.9129
TCGA-HT-7680-10A-01D-2252-01	8	16212084	19645339	3119	-0.0017
TCGA-HT-7680-10A-01D-2252-01	8	19646515	19646706	2	-1.5347
TCGA-HT-7680-10A-01D-2252-01	8	19647864	21241044	1385	0.0013
TCGA-HT-7680-10A-01D-2252-01	8	21241707	21242233	3	-0.8082
TCGA-HT-7680-10A-01D-2252-01	8	21242276	23402308	1291	-0.0066
TCGA-HT-7680-10A-01D-2252-01	8	23407740	23407905	6	-0.9917
TCGA-HT-7680-10A-01D-2252-01	8	23410325	24974476	1142	-0.0093
TCGA-HT-7680-10A-01D-2252-01	8	24974522	24984333	25	0.7603
TCGA-HT-7680-10A-01D-2252-01	8	24991104	51030772	13695	0.0032
TCGA-HT-7680-10A-01D-2252-01	8	51032011	51033423	9	-0.7447
TCGA-HT-7680-10A-01D-2252-01	8	51038578	60591613	6318	0.0026
TCGA-HT-7680-10A-01D-2252-01	8	60595880	60598517	2	-2.2772
TCGA-HT-7680-10A-01D-2252-01	8	60599115	64848636	2740	-0.0046
TCGA-HT-7680-10A-01D-2252-01	8	64848897	64849118	6	1.4228
TCGA-HT-7680-10A-01D-2252-01	8	64849510	68547669	1881	0.0061
TCGA-HT-7680-10A-01D-2252-01	8	68548132	68548400	6	-0.736
TCGA-HT-7680-10A-01D-2252-01	8	68548491	70954354	1661	0.0075
TCGA-HT-7680-10A-01D-2252-01	8	70954676	70954720	3	1.0686
TCGA-HT-7680-10A-01D-2252-01	8	70954834	79183818	5156	0.0068
TCGA-HT-7680-10A-01D-2252-01	8	79185324	79210244	16	-1.0061
TCGA-HT-7680-10A-01D-2252-01	8	79210761	112291494	19675	0.003
TCGA-HT-7680-10A-01D-2252-01	8	112294279	112295245	9	1.7508
TCGA-HT-7680-10A-01D-2252-01	8	112295260	120152010	4969	0.0061
TCGA-HT-7680-10A-01D-2252-01	8	120154784	120159446	4	-1.0698
TCGA-HT-7680-10A-01D-2252-01	8	120162854	132989067	8934	8e-04
TCGA-HT-7680-10A-01D-2252-01	8	132991085	132991125	2	-1.4842
TCGA-HT-7680-10A-01D-2252-01	8	132994576	146298155	9031	0.005
TCGA-HT-7680-10A-01D-2252-01	9	46587	2147099	2324	-0.0013
TCGA-HT-7680-10A-01D-2252-01	9	2148837	2150662	6	-1.403
TCGA-HT-7680-10A-01D-2252-01	9	2152115	5317534	3113	0.0034
TCGA-HT-7680-10A-01D-2252-01	9	5322057	5337707	10	-1.3053
TCGA-HT-7680-10A-01D-2252-01	9	5340984	23361805	15019	0.0018
TCGA-HT-7680-10A-01D-2252-01	9	23363115	23373484	8	-2.5151
TCGA-HT-7680-10A-01D-2252-01	9	23378488	41846811	10893	8e-04
TCGA-HT-7680-10A-01D-2252-01	9	41892866	41985187	7	0.8536
TCGA-HT-7680-10A-01D-2252-01	9	42023107	43187967	24	-0.7208
TCGA-HT-7680-10A-01D-2252-01	9	43315670	44241817	69	0.0369
TCGA-HT-7680-10A-01D-2252-01	9	44243434	44273241	13	-0.689
TCGA-HT-7680-10A-01D-2252-01	9	44385979	47217176	139	-0.0354
TCGA-HT-7680-10A-01D-2252-01	9	65616971	65672607	4	-1.6782
TCGA-HT-7680-10A-01D-2252-01	9	66323059	113024442	30275	-5e-04
TCGA-HT-7680-10A-01D-2252-01	9	113024789	113028169	2	-2.7688
TCGA-HT-7680-10A-01D-2252-01	9	113032431	134258779	14406	0.0064
TCGA-HT-7680-10A-01D-2252-01	9	134260926	134265704	5	-1.0416
TCGA-HT-7680-10A-01D-2252-01	9	134272015	141091394	3648	0.0032
TCGA-HT-7680-10A-01D-2252-01	X	168477	53157987	31265	0.0028
TCGA-HT-7680-10A-01D-2252-01	X	53161812	53169933	8	-1.1275
TCGA-HT-7680-10A-01D-2252-01	X	53171482	76353650	8885	0.0057
TCGA-HT-7680-10A-01D-2252-01	X	76362292	76378656	2	-2.2576
TCGA-HT-7680-10A-01D-2252-01	X	76378658	89895048	7130	0.0133
TCGA-HT-7680-10A-01D-2252-01	X	89895059	89895289	5	-1.6323
TCGA-HT-7680-10A-01D-2252-01	X	89895299	116536997	14416	-0.0019
TCGA-HT-7680-10A-01D-2252-01	X	116542166	116547925	11	-0.6413
TCGA-HT-7680-10A-01D-2252-01	X	116548562	150292898	20454	-4e-04
TCGA-HT-7680-10A-01D-2252-01	X	150293934	150295459	2	-2.5465
TCGA-HT-7680-10A-01D-2252-01	X	150296555	155182354	2433	0.0059
TCGA-HT-7680-10A-01D-2252-01	Y	2650438	6101425	872	-2.6854
TCGA-HT-7680-10A-01D-2252-01	Y	6107901	6424299	128	-4.0256
TCGA-HT-7680-10A-01D-2252-01	Y	6426233	19063565	4424	-3.2811
TCGA-HT-7680-10A-01D-2252-01	Y	19068122	19307944	101	-3.8492
TCGA-HT-7680-10A-01D-2252-01	Y	19309755	19574890	140	-3.2128
TCGA-HT-7680-10A-01D-2252-01	Y	19576544	20970746	648	-3.8449
TCGA-HT-7680-10A-01D-2252-01	Y	20971498	20972173	2	-8.4011
TCGA-HT-7680-10A-01D-2252-01	Y	20972409	21088297	53	-3.8689
TCGA-HT-7680-10A-01D-2252-01	Y	21088485	23859163	1052	-3.3334
TCGA-HT-7680-10A-01D-2252-01	Y	23859468	24370546	120	-3.8728
TCGA-HT-7680-10A-01D-2252-01	Y	24372686	24484825	59	-3.0291
TCGA-HT-7680-10A-01D-2252-01	Y	24484918	26190025	327	-3.9237
TCGA-HT-7680-10A-01D-2252-01	Y	26193050	26408766	50	-3.1031
TCGA-HT-7680-10A-01D-2252-01	Y	26409789	26430674	11	-4.5301
TCGA-HT-7680-10A-01D-2252-01	Y	26430908	26510575	26	-2.3624
TCGA-HT-7680-10A-01D-2252-01	Y	26510799	27315972	94	-4.313
TCGA-HT-7680-10A-01D-2252-01	Y	27367487	27695095	88	-2.8679
TCGA-HT-7680-10A-01D-2252-01	Y	27717799	28423938	256	-3.9593
TCGA-HT-7680-10A-01D-2252-01	Y	28438116	59018259	183	-2.8092
