barcode	chromosome	start	stop	num.mark	seg.mean
TCGA-HT-7873-01B-11D-2391-01	1	61735	25583341	14118	-0.0033
TCGA-HT-7873-01B-11D-2391-01	1	25593128	25646946	27	-1.5527
TCGA-HT-7873-01B-11D-2391-01	1	25646986	35091674	4957	-0.0094
TCGA-HT-7873-01B-11D-2391-01	1	35102654	35104491	20	-0.5053
TCGA-HT-7873-01B-11D-2391-01	1	35114268	72768916	23757	0.0044
TCGA-HT-7873-01B-11D-2391-01	1	72768936	72811133	44	-1.3232
TCGA-HT-7873-01B-11D-2391-01	1	72811148	87140602	9324	0.0167
TCGA-HT-7873-01B-11D-2391-01	1	87140644	87141222	2	-1.8438
TCGA-HT-7873-01B-11D-2391-01	1	87158129	108766355	13528	0.0104
TCGA-HT-7873-01B-11D-2391-01	1	108769302	108817179	2	-2.6596
TCGA-HT-7873-01B-11D-2391-01	1	108828957	110232974	705	0.0016
TCGA-HT-7873-01B-11D-2391-01	1	110233037	110233571	6	0.968
TCGA-HT-7873-01B-11D-2391-01	1	110234231	110790156	364	0.0197
TCGA-HT-7873-01B-11D-2391-01	1	110790640	110790977	2	-2.6119
TCGA-HT-7873-01B-11D-2391-01	1	110791366	144842558	6829	0.0104
TCGA-HT-7873-01B-11D-2391-01	1	144849539	144868360	5	1.0189
TCGA-HT-7873-01B-11D-2391-01	1	144869084	148585337	1085	0.0672
TCGA-HT-7873-01B-11D-2391-01	1	148627569	148636769	4	-1.2936
TCGA-HT-7873-01B-11D-2391-01	1	148636891	152555706	1689	0.022
TCGA-HT-7873-01B-11D-2391-01	1	152555767	152586238	30	2.031
TCGA-HT-7873-01B-11D-2391-01	1	152586278	152756308	168	0.0103
TCGA-HT-7873-01B-11D-2391-01	1	152756410	152768259	38	0.381
TCGA-HT-7873-01B-11D-2391-01	1	152768281	161517939	5257	-0.0075
TCGA-HT-7873-01B-11D-2391-01	1	161523550	161617639	19	0.6454
TCGA-HT-7873-01B-11D-2391-01	1	161617658	161618820	6	-0.0558
TCGA-HT-7873-01B-11D-2391-01	1	161618859	161638201	20	0.8042
TCGA-HT-7873-01B-11D-2391-01	1	161638480	192554715	21229	0.0113
TCGA-HT-7873-01B-11D-2391-01	1	192556525	192557002	2	-1.5983
TCGA-HT-7873-01B-11D-2391-01	1	192557503	196714873	2831	0.0071
TCGA-HT-7873-01B-11D-2391-01	1	196727850	196824600	102	0.4742
TCGA-HT-7873-01B-11D-2391-01	1	196827855	199111363	1361	0.0045
TCGA-HT-7873-01B-11D-2391-01	1	199111426	199113011	7	-1.0676
TCGA-HT-7873-01B-11D-2391-01	1	199113840	210071062	7384	0.0065
TCGA-HT-7873-01B-11D-2391-01	1	210081613	210083984	3	-2.2786
TCGA-HT-7873-01B-11D-2391-01	1	210086552	249224388	26981	0.0129
TCGA-HT-7873-01B-11D-2391-01	10	72809	2314655	1682	0.6405
TCGA-HT-7873-01B-11D-2391-01	10	2317738	6393610	3686	0.9224
TCGA-HT-7873-01B-11D-2391-01	10	6398978	6398984	5	-0.2087
TCGA-HT-7873-01B-11D-2391-01	10	6404210	23886088	13416	0.9241
TCGA-HT-7873-01B-11D-2391-01	10	23889209	23889224	2	-0.8604
TCGA-HT-7873-01B-11D-2391-01	10	23889510	24377674	363	0.9148
TCGA-HT-7873-01B-11D-2391-01	10	24377675	24378908	11	0.1176
TCGA-HT-7873-01B-11D-2391-01	10	24378951	29550514	3656	0.7714
TCGA-HT-7873-01B-11D-2391-01	10	29553470	44627180	7507	0.0028
TCGA-HT-7873-01B-11D-2391-01	10	44627832	57072305	7091	0.4955
TCGA-HT-7873-01B-11D-2391-01	10	57073531	57075825	2	-1.7208
TCGA-HT-7873-01B-11D-2391-01	10	57075840	58760152	1200	0.5372
TCGA-HT-7873-01B-11D-2391-01	10	58762979	67307951	5905	0.1298
TCGA-HT-7873-01B-11D-2391-01	10	67308017	67314401	23	0.6718
TCGA-HT-7873-01B-11D-2391-01	10	67314430	89480785	14631	0.1342
TCGA-HT-7873-01B-11D-2391-01	10	89482833	89552283	50	-1.8196
TCGA-HT-7873-01B-11D-2391-01	10	89555714	89716107	194	0.1082
TCGA-HT-7873-01B-11D-2391-01	10	89716172	89717066	14	0.5782
TCGA-HT-7873-01B-11D-2391-01	10	89717182	89872203	164	-0.5384
TCGA-HT-7873-01B-11D-2391-01	10	89875683	89876255	2	-2.0117
TCGA-HT-7873-01B-11D-2391-01	10	89878442	89967240	53	0.1153
TCGA-HT-7873-01B-11D-2391-01	10	89970531	135506704	30895	-0.544
TCGA-HT-7873-01B-11D-2391-01	11	198510	4962752	2439	-0.7375
TCGA-HT-7873-01B-11D-2391-01	11	4962933	4970367	26	-0.2554
TCGA-HT-7873-01B-11D-2391-01	11	4972005	4976814	31	0.2287
TCGA-HT-7873-01B-11D-2391-01	11	4976865	4976892	3	-0.2933
TCGA-HT-7873-01B-11D-2391-01	11	4976907	5778471	768	-0.7194
TCGA-HT-7873-01B-11D-2391-01	11	5778523	5816232	47	-0.2745
TCGA-HT-7873-01B-11D-2391-01	11	5816285	6554069	495	-0.7505
TCGA-HT-7873-01B-11D-2391-01	11	6554941	6555365	2	-2.8456
TCGA-HT-7873-01B-11D-2391-01	11	6555735	18952811	8846	-0.7425
TCGA-HT-7873-01B-11D-2391-01	11	18952989	18961988	34	-0.3577
TCGA-HT-7873-01B-11D-2391-01	11	18962016	18970748	5	0.4504
TCGA-HT-7873-01B-11D-2391-01	11	18971175	43488577	17471	-0.7283
TCGA-HT-7873-01B-11D-2391-01	11	43489215	89550224	24044	0.0141
TCGA-HT-7873-01B-11D-2391-01	11	89567541	89776846	12	0.6425
TCGA-HT-7873-01B-11D-2391-01	11	89791833	131835596	29937	0.0205
TCGA-HT-7873-01B-11D-2391-01	11	131836607	134601791	2072	-0.7249
TCGA-HT-7873-01B-11D-2391-01	11	134602280	134618405	20	-1.4223
TCGA-HT-7873-01B-11D-2391-01	11	134619154	134944770	261	-0.7438
TCGA-HT-7873-01B-11D-2391-01	12	150442	8442285	5564	0.4815
TCGA-HT-7873-01B-11D-2391-01	12	8449112	8449217	2	2.2397
TCGA-HT-7873-01B-11D-2391-01	12	8453466	8558488	39	0.5715
TCGA-HT-7873-01B-11D-2391-01	12	8558636	8581141	20	0.037
TCGA-HT-7873-01B-11D-2391-01	12	8584672	10580460	1218	0.4719
TCGA-HT-7873-01B-11D-2391-01	12	10583367	10586795	2	-1.0679
TCGA-HT-7873-01B-11D-2391-01	12	10587320	17632938	4831	0.4813
TCGA-HT-7873-01B-11D-2391-01	12	17634105	17634357	3	-1.124
TCGA-HT-7873-01B-11D-2391-01	12	17637071	18737882	670	0.4955
TCGA-HT-7873-01B-11D-2391-01	12	18741306	18741730	2	-1.1784
TCGA-HT-7873-01B-11D-2391-01	12	18742410	19380045	415	0.4978
TCGA-HT-7873-01B-11D-2391-01	12	19380759	25869768	4571	1.0841
TCGA-HT-7873-01B-11D-2391-01	12	25877205	27659544	1267	0.8124
TCGA-HT-7873-01B-11D-2391-01	12	27659669	27659699	2	1.5849
TCGA-HT-7873-01B-11D-2391-01	12	27659726	28420370	528	0.4574
TCGA-HT-7873-01B-11D-2391-01	12	28426036	29330059	675	0.0153
TCGA-HT-7873-01B-11D-2391-01	12	29330204	29334439	19	0.8892
TCGA-HT-7873-01B-11D-2391-01	12	29334493	31265057	1530	0.4932
TCGA-HT-7873-01B-11D-2391-01	12	31269298	31407123	91	1.2038
TCGA-HT-7873-01B-11D-2391-01	12	31409879	31456888	34	0.4855
TCGA-HT-7873-01B-11D-2391-01	12	31458547	45899825	6872	0.0147
TCGA-HT-7873-01B-11D-2391-01	12	45904438	45909537	4	1.3443
TCGA-HT-7873-01B-11D-2391-01	12	45913292	129228886	53197	0.0051
TCGA-HT-7873-01B-11D-2391-01	12	129230513	129232545	7	-0.9966
TCGA-HT-7873-01B-11D-2391-01	12	129233988	130678895	1296	0.0253
TCGA-HT-7873-01B-11D-2391-01	12	130679553	130679876	2	-1.7215
TCGA-HT-7873-01B-11D-2391-01	12	130680175	132120247	1190	0.0066
TCGA-HT-7873-01B-11D-2391-01	12	132120586	132133269	11	0.7164
TCGA-HT-7873-01B-11D-2391-01	12	132133298	133778189	573	0.0161
TCGA-HT-7873-01B-11D-2391-01	13	19026949	38071135	13481	0.0181
TCGA-HT-7873-01B-11D-2391-01	13	38072036	38084757	16	1.0012
TCGA-HT-7873-01B-11D-2391-01	13	38088330	45885603	5410	0.0044
TCGA-HT-7873-01B-11D-2391-01	13	45889912	75021897	17880	-0.5376
TCGA-HT-7873-01B-11D-2391-01	13	75022003	75022661	2	-3.7718
TCGA-HT-7873-01B-11D-2391-01	13	75024613	96032829	13481	-0.537
TCGA-HT-7873-01B-11D-2391-01	13	96036065	104634437	6044	0.0143
TCGA-HT-7873-01B-11D-2391-01	13	104637882	104678742	38	0.799
TCGA-HT-7873-01B-11D-2391-01	13	104680802	104704849	20	-0.0038
TCGA-HT-7873-01B-11D-2391-01	13	104707804	105257235	439	0.5233
TCGA-HT-7873-01B-11D-2391-01	13	105262057	105866918	494	0.0401
TCGA-HT-7873-01B-11D-2391-01	13	105870231	105870842	2	-1.4529
TCGA-HT-7873-01B-11D-2391-01	13	105871088	107000922	924	0.0224
TCGA-HT-7873-01B-11D-2391-01	13	107004360	107897610	666	0.8406
TCGA-HT-7873-01B-11D-2391-01	13	107901037	107901981	2	-2.1123
TCGA-HT-7873-01B-11D-2391-01	13	107902147	110910450	2453	0.8486
TCGA-HT-7873-01B-11D-2391-01	13	110912401	110938813	28	-0.1405
TCGA-HT-7873-01B-11D-2391-01	13	110942006	110974058	31	0.8628
TCGA-HT-7873-01B-11D-2391-01	13	110978725	115108397	2391	0.0213
TCGA-HT-7873-01B-11D-2391-01	14	19002124	40608928	13035	0.0316
TCGA-HT-7873-01B-11D-2391-01	14	40613922	40616919	2	-2.6328
TCGA-HT-7873-01B-11D-2391-01	14	40618165	106874361	42032	0.0142
TCGA-HT-7873-01B-11D-2391-01	14	106879831	106918069	49	-0.3991
TCGA-HT-7873-01B-11D-2391-01	14	106918094	107285437	226	0.0251
TCGA-HT-7873-01B-11D-2391-01	15	20016328	20392821	60	0.0997
TCGA-HT-7873-01B-11D-2391-01	15	20395529	22673399	361	0.8021
TCGA-HT-7873-01B-11D-2391-01	15	22681076	61684205	24684	-0.0232
TCGA-HT-7873-01B-11D-2391-01	15	61688169	61697981	17	-1.0357
TCGA-HT-7873-01B-11D-2391-01	15	61700384	76891511	9059	-0.0413
TCGA-HT-7873-01B-11D-2391-01	15	76891627	76895775	20	-1.9233
TCGA-HT-7873-01B-11D-2391-01	15	76902179	102469040	17607	-0.0199
TCGA-HT-7873-01B-11D-2391-01	16	60777	11620747	8670	0.017
TCGA-HT-7873-01B-11D-2391-01	16	11623190	11623369	2	-1.7097
TCGA-HT-7873-01B-11D-2391-01	16	11629464	12843210	978	0.0027
TCGA-HT-7873-01B-11D-2391-01	16	12843226	12846364	4	-1.2219
TCGA-HT-7873-01B-11D-2391-01	16	12846672	14835067	1429	0.0157
TCGA-HT-7873-01B-11D-2391-01	16	14888595	15129905	84	0.4667
TCGA-HT-7873-01B-11D-2391-01	16	15129940	16633572	599	0.0417
TCGA-HT-7873-01B-11D-2391-01	16	16635048	16657460	6	-1.003
TCGA-HT-7873-01B-11D-2391-01	16	16663576	18198717	991	0.0562
TCGA-HT-7873-01B-11D-2391-01	16	18228118	18243036	4	1.2542
TCGA-HT-7873-01B-11D-2391-01	16	18247290	32588622	7335	0.0022
TCGA-HT-7873-01B-11D-2391-01	16	32588901	32588909	5	-3.552
TCGA-HT-7873-01B-11D-2391-01	16	32609274	33631830	166	-0.217
TCGA-HT-7873-01B-11D-2391-01	16	33643399	55795214	6977	0.0342
TCGA-HT-7873-01B-11D-2391-01	16	55796389	55816646	18	-0.8018
TCGA-HT-7873-01B-11D-2391-01	16	55816705	78371608	14359	0.0204
TCGA-HT-7873-01B-11D-2391-01	16	78372440	78384738	15	-1.9325
TCGA-HT-7873-01B-11D-2391-01	16	78384765	84389520	6641	0.0291
TCGA-HT-7873-01B-11D-2391-01	16	84390658	84391427	2	-1.8784
TCGA-HT-7873-01B-11D-2391-01	16	84394171	88958282	3405	0.033
TCGA-HT-7873-01B-11D-2391-01	16	88963600	88967053	2	-1.6675
TCGA-HT-7873-01B-11D-2391-01	16	88970318	90287535	551	0.0062
TCGA-HT-7873-01B-11D-2391-01	17	526	5904510	3213	-0.0112
TCGA-HT-7873-01B-11D-2391-01	17	5905521	5906109	2	-4.02
TCGA-HT-7873-01B-11D-2391-01	17	5906442	7258027	871	-0.0121
TCGA-HT-7873-01B-11D-2391-01	17	7265349	7265806	2	-1.7428
TCGA-HT-7873-01B-11D-2391-01	17	7266476	18355392	7310	-0.0026
TCGA-HT-7873-01B-11D-2391-01	17	18358946	18469197	29	0.4908
TCGA-HT-7873-01B-11D-2391-01	17	18474646	39421708	9472	-3e-04
TCGA-HT-7873-01B-11D-2391-01	17	39423014	39430531	24	-0.6752
TCGA-HT-7873-01B-11D-2391-01	17	39432724	81049726	24225	-0.0045
TCGA-HT-7873-01B-11D-2391-01	18	11543	38258705	22732	0.0148
TCGA-HT-7873-01B-11D-2391-01	18	38258727	38265389	20	0.6131
TCGA-HT-7873-01B-11D-2391-01	18	38268024	47554353	6238	0.0235
TCGA-HT-7873-01B-11D-2391-01	18	47554670	47555007	3	-2.6364
TCGA-HT-7873-01B-11D-2391-01	18	47555635	51266861	2685	0.0291
TCGA-HT-7873-01B-11D-2391-01	18	51267097	51267210	4	-1.3101
TCGA-HT-7873-01B-11D-2391-01	18	51267350	75831848	17558	0.0275
TCGA-HT-7873-01B-11D-2391-01	18	75832975	78015057	1287	-0.5069
TCGA-HT-7873-01B-11D-2391-01	19	90910	715430	147	0.4101
TCGA-HT-7873-01B-11D-2391-01	19	750173	939777	36	1.0822
TCGA-HT-7873-01B-11D-2391-01	19	967584	1033226	27	0.3366
TCGA-HT-7873-01B-11D-2391-01	19	1033298	12692001	4846	-0.0834
TCGA-HT-7873-01B-11D-2391-01	19	12697366	12698102	2	1.4909
TCGA-HT-7873-01B-11D-2391-01	19	12700523	13070042	130	-0.1099
TCGA-HT-7873-01B-11D-2391-01	19	13077365	14115718	471	0.7183
TCGA-HT-7873-01B-11D-2391-01	19	14123115	14145893	11	1.3369
TCGA-HT-7873-01B-11D-2391-01	19	14147263	14875917	293	0.7451
TCGA-HT-7873-01B-11D-2391-01	19	14881038	15293824	346	1.234
TCGA-HT-7873-01B-11D-2391-01	19	15293877	15294001	5	0.0552
TCGA-HT-7873-01B-11D-2391-01	19	15296307	15824071	330	1.202
TCGA-HT-7873-01B-11D-2391-01	19	15824942	15824943	2	-0.7253
TCGA-HT-7873-01B-11D-2391-01	19	15825598	15839910	15	1.3058
TCGA-HT-7873-01B-11D-2391-01	19	15840071	15840220	3	2.2626
TCGA-HT-7873-01B-11D-2391-01	19	15842966	17153149	750	1.055
TCGA-HT-7873-01B-11D-2391-01	19	17158694	17973620	353	0.6971
TCGA-HT-7873-01B-11D-2391-01	19	17975630	19073249	404	0.3783
TCGA-HT-7873-01B-11D-2391-01	19	19073912	43243670	12329	6e-04
TCGA-HT-7873-01B-11D-2391-01	19	43247525	43354452	41	0.5264
TCGA-HT-7873-01B-11D-2391-01	19	43362652	52144370	4344	-0.0175
TCGA-HT-7873-01B-11D-2391-01	19	52144590	52148197	7	-0.9215
TCGA-HT-7873-01B-11D-2391-01	19	52154905	59097854	4368	-5e-04
TCGA-HT-7873-01B-11D-2391-01	2	12784	13513329	10095	-0.567
TCGA-HT-7873-01B-11D-2391-01	2	13514213	21104631	5553	0.0273
TCGA-HT-7873-01B-11D-2391-01	2	21104834	21109278	2	-1.6497
TCGA-HT-7873-01B-11D-2391-01	2	21114153	35975973	9217	0.0194
TCGA-HT-7873-01B-11D-2391-01	2	35977790	35987947	7	0.9374
TCGA-HT-7873-01B-11D-2391-01	2	35997473	52754881	12095	0.0134
TCGA-HT-7873-01B-11D-2391-01	2	52758753	52781542	33	-0.5127
TCGA-HT-7873-01B-11D-2391-01	2	52787949	154889809	58260	0.0187
TCGA-HT-7873-01B-11D-2391-01	2	154895975	154896482	2	-3.2204
TCGA-HT-7873-01B-11D-2391-01	2	154900223	243089456	53975	0.0141
TCGA-HT-7873-01B-11D-2391-01	20	61305	1560999	1202	0.047
TCGA-HT-7873-01B-11D-2391-01	20	1561580	1593893	40	1.6684
TCGA-HT-7873-01B-11D-2391-01	20	1597946	12083942	8007	0.0181
TCGA-HT-7873-01B-11D-2391-01	20	12092465	12709062	521	-0.7399
TCGA-HT-7873-01B-11D-2391-01	20	12714054	38034463	14564	0.008
TCGA-HT-7873-01B-11D-2391-01	20	38038991	38042046	3	-1.1775
TCGA-HT-7873-01B-11D-2391-01	20	38046128	45300096	5207	0.0189
TCGA-HT-7873-01B-11D-2391-01	20	45300389	45303721	2	-1.6232
TCGA-HT-7873-01B-11D-2391-01	20	45303887	59564812	10975	0.0151
TCGA-HT-7873-01B-11D-2391-01	20	59565245	59576867	12	0.507
TCGA-HT-7873-01B-11D-2391-01	20	59576902	59577347	3	1.6578
TCGA-HT-7873-01B-11D-2391-01	20	59577451	59590559	39	0.5363
TCGA-HT-7873-01B-11D-2391-01	20	59590595	62956153	1740	0.0303
TCGA-HT-7873-01B-11D-2391-01	21	10736871	48096957	24264	0.0111
TCGA-HT-7873-01B-11D-2391-01	22	16052528	16239487	30	0.0653
TCGA-HT-7873-01B-11D-2391-01	22	16239968	16407899	27	-0.448
TCGA-HT-7873-01B-11D-2391-01	22	16410179	24344422	4548	0.028
TCGA-HT-7873-01B-11D-2391-01	22	24350529	24370430	9	-1.2802
TCGA-HT-7873-01B-11D-2391-01	22	24371070	24385546	4	-3.6064
TCGA-HT-7873-01B-11D-2391-01	22	24386631	24396814	6	-1.1643
TCGA-HT-7873-01B-11D-2391-01	22	24401529	25663985	821	-0.0172
TCGA-HT-7873-01B-11D-2391-01	22	25664249	25911314	283	0.5926
TCGA-HT-7873-01B-11D-2391-01	22	25911336	49503943	16768	3e-04
TCGA-HT-7873-01B-11D-2391-01	22	49504256	49504535	2	-2.0735
TCGA-HT-7873-01B-11D-2391-01	22	49504707	51234455	1005	0.0047
TCGA-HT-7873-01B-11D-2391-01	3	60345	224602	157	0.5473
TCGA-HT-7873-01B-11D-2391-01	3	230022	232800	4	-1.0518
TCGA-HT-7873-01B-11D-2391-01	3	234877	8231490	7053	0.5094
TCGA-HT-7873-01B-11D-2391-01	3	8236852	28950059	14315	0.0139
TCGA-HT-7873-01B-11D-2391-01	3	28959211	29014766	35	-0.818
TCGA-HT-7873-01B-11D-2391-01	3	29018196	46793377	11518	0.0094
TCGA-HT-7873-01B-11D-2391-01	3	46801817	46859479	41	-0.7409
TCGA-HT-7873-01B-11D-2391-01	3	46859832	68746164	14498	0.0166
TCGA-HT-7873-01B-11D-2391-01	3	68746259	68747413	14	-1.3487
TCGA-HT-7873-01B-11D-2391-01	3	68748758	76542160	5363	0.0095
TCGA-HT-7873-01B-11D-2391-01	3	76542783	76543455	2	-1.8528
TCGA-HT-7873-01B-11D-2391-01	3	76544171	98944598	10505	0.026
TCGA-HT-7873-01B-11D-2391-01	3	98944619	98949421	33	-0.5744
TCGA-HT-7873-01B-11D-2391-01	3	98950964	129786739	18660	0.01
TCGA-HT-7873-01B-11D-2391-01	3	129786753	129806236	42	-1.2054
TCGA-HT-7873-01B-11D-2391-01	3	129806924	131708471	1173	0.0067
TCGA-HT-7873-01B-11D-2391-01	3	131714999	131725537	8	-1.5826
TCGA-HT-7873-01B-11D-2391-01	3	131726392	162123366	18729	0.0133
TCGA-HT-7873-01B-11D-2391-01	3	162137600	162144248	15	-0.78
TCGA-HT-7873-01B-11D-2391-01	3	162144388	192873704	19417	0.0146
TCGA-HT-7873-01B-11D-2391-01	3	192873807	192882903	22	0.8737
TCGA-HT-7873-01B-11D-2391-01	3	192886435	197851225	2689	0.0033
TCGA-HT-7873-01B-11D-2391-01	3	197851471	197896118	8	0.4572
TCGA-HT-7873-01B-11D-2391-01	4	12281	9456977	5232	0.0269
TCGA-HT-7873-01B-11D-2391-01	4	9461230	9479345	9	1.7683
TCGA-HT-7873-01B-11D-2391-01	4	9486087	10210390	542	0.0481
TCGA-HT-7873-01B-11D-2391-01	4	10214160	10231249	28	1.3393
TCGA-HT-7873-01B-11D-2391-01	4	10231498	10235268	8	0.4855
TCGA-HT-7873-01B-11D-2391-01	4	10236142	10392354	171	-0.0011
TCGA-HT-7873-01B-11D-2391-01	4	10393154	10400668	15	-2.3602
TCGA-HT-7873-01B-11D-2391-01	4	10402718	34779054	16711	0.0177
TCGA-HT-7873-01B-11D-2391-01	4	34786500	34841442	51	0.3541
TCGA-HT-7873-01B-11D-2391-01	4	34841483	45005755	6597	0.0087
TCGA-HT-7873-01B-11D-2391-01	4	45006192	45006335	3	-1.3316
TCGA-HT-7873-01B-11D-2391-01	4	45010969	69220383	12745	0.0194
TCGA-HT-7873-01B-11D-2391-01	4	69226848	69284591	12	0.6346
TCGA-HT-7873-01B-11D-2391-01	4	69288138	69288142	3	-1.6642
TCGA-HT-7873-01B-11D-2391-01	4	69294799	69367142	15	-0.1211
TCGA-HT-7873-01B-11D-2391-01	4	69372003	69582483	76	0.4436
TCGA-HT-7873-01B-11D-2391-01	4	69591782	115173700	27570	-0.0041
TCGA-HT-7873-01B-11D-2391-01	4	115175323	115182175	23	1.0109
TCGA-HT-7873-01B-11D-2391-01	4	115184229	145311138	17900	-0.0029
TCGA-HT-7873-01B-11D-2391-01	4	145318718	145320000	2	1.6323
TCGA-HT-7873-01B-11D-2391-01	4	145326410	152791637	4121	-0.0174
TCGA-HT-7873-01B-11D-2391-01	4	152791654	152792567	10	-1.0462
TCGA-HT-7873-01B-11D-2391-01	4	152792891	172369346	12492	-0.0079
TCGA-HT-7873-01B-11D-2391-01	4	172374884	172377444	8	1.5761
TCGA-HT-7873-01B-11D-2391-01	4	172377458	172987928	393	0.0158
TCGA-HT-7873-01B-11D-2391-01	4	172989148	172989533	12	-1.8049
TCGA-HT-7873-01B-11D-2391-01	4	172995979	191027923	12060	0.0023
TCGA-HT-7873-01B-11D-2391-01	5	15532	46793	16	-0.1881
TCGA-HT-7873-01B-11D-2391-01	5	48785	685748	290	-0.5454
TCGA-HT-7873-01B-11D-2391-01	5	698371	809806	43	0.5088
TCGA-HT-7873-01B-11D-2391-01	5	817850	12815865	9787	-0.5433
TCGA-HT-7873-01B-11D-2391-01	5	12819313	12838533	12	-1.538
TCGA-HT-7873-01B-11D-2391-01	5	12849201	21296859	5412	-0.5297
TCGA-HT-7873-01B-11D-2391-01	5	21302096	21573620	136	-0.2746
TCGA-HT-7873-01B-11D-2391-01	5	21573686	26271937	2770	-0.5311
TCGA-HT-7873-01B-11D-2391-01	5	26273730	28215737	1102	0.0186
TCGA-HT-7873-01B-11D-2391-01	5	28218887	28222685	4	-0.8819
TCGA-HT-7873-01B-11D-2391-01	5	28225395	29018199	454	0.0318
TCGA-HT-7873-01B-11D-2391-01	5	29018262	29020617	6	-0.82
TCGA-HT-7873-01B-11D-2391-01	5	29023304	30161958	732	0.0326
TCGA-HT-7873-01B-11D-2391-01	5	30163953	30165106	2	1.6224
TCGA-HT-7873-01B-11D-2391-01	5	30165752	33615552	2433	0.007
TCGA-HT-7873-01B-11D-2391-01	5	33628171	35024618	867	0.4287
TCGA-HT-7873-01B-11D-2391-01	5	35025524	57321646	11589	0.0178
TCGA-HT-7873-01B-11D-2391-01	5	57326027	57333515	31	1.8256
TCGA-HT-7873-01B-11D-2391-01	5	57333533	155475104	60033	0.0179
TCGA-HT-7873-01B-11D-2391-01	5	155475105	155495259	19	-0.5383
TCGA-HT-7873-01B-11D-2391-01	5	155500992	177227551	14760	0.0155
TCGA-HT-7873-01B-11D-2391-01	5	177228579	177232605	2	1.9313
TCGA-HT-7873-01B-11D-2391-01	5	177254965	180790320	1994	0.027
TCGA-HT-7873-01B-11D-2391-01	6	149661	157371	9	-0.3152
TCGA-HT-7873-01B-11D-2391-01	6	157474	3354261	2603	-0.7628
TCGA-HT-7873-01B-11D-2391-01	6	3354307	26732406	17564	0.0096
TCGA-HT-7873-01B-11D-2391-01	6	26737032	26773509	27	-0.5379
TCGA-HT-7873-01B-11D-2391-01	6	26783667	32497206	2645	0.003
TCGA-HT-7873-01B-11D-2391-01	6	32501299	32518769	6	-1.3838
TCGA-HT-7873-01B-11D-2391-01	6	32527284	32601317	30	-0.0841
TCGA-HT-7873-01B-11D-2391-01	6	32602107	32626618	14	-0.5997
TCGA-HT-7873-01B-11D-2391-01	6	32650612	65336942	18022	0.0083
TCGA-HT-7873-01B-11D-2391-01	6	65347544	65348992	2	-1.5916
TCGA-HT-7873-01B-11D-2391-01	6	65350776	72862925	5039	0.0349
TCGA-HT-7873-01B-11D-2391-01	6	72866524	72866872	2	-2.0846
TCGA-HT-7873-01B-11D-2391-01	6	72868563	74591858	1081	0.0089
TCGA-HT-7873-01B-11D-2391-01	6	74592225	74601410	10	1.0795
TCGA-HT-7873-01B-11D-2391-01	6	74603555	78962889	2750	0.0343
TCGA-HT-7873-01B-11D-2391-01	6	78969065	79035174	110	0.5654
TCGA-HT-7873-01B-11D-2391-01	6	79035185	91342472	7707	0.0147
TCGA-HT-7873-01B-11D-2391-01	6	91342937	91356921	15	0.5342
TCGA-HT-7873-01B-11D-2391-01	6	91360309	91531952	124	0.0325
TCGA-HT-7873-01B-11D-2391-01	6	91537437	91604859	65	0.512
TCGA-HT-7873-01B-11D-2391-01	6	91614289	92733329	722	0.0541
TCGA-HT-7873-01B-11D-2391-01	6	92733343	93420422	442	0.5075
TCGA-HT-7873-01B-11D-2391-01	6	93420822	94104527	543	0.0421
TCGA-HT-7873-01B-11D-2391-01	6	94105528	94245774	98	0.5008
TCGA-HT-7873-01B-11D-2391-01	6	94252622	94419845	100	0.0038
TCGA-HT-7873-01B-11D-2391-01	6	94432259	94574631	94	0.5393
TCGA-HT-7873-01B-11D-2391-01	6	94575069	94589929	12	-0.0193
TCGA-HT-7873-01B-11D-2391-01	6	94592955	95502078	603	0.5603
TCGA-HT-7873-01B-11D-2391-01	6	95504274	96614914	574	0.0219
TCGA-HT-7873-01B-11D-2391-01	6	96615187	97014557	226	0.4975
TCGA-HT-7873-01B-11D-2391-01	6	97024163	97212059	147	0.0305
TCGA-HT-7873-01B-11D-2391-01	6	97223025	97571053	223	0.5087
TCGA-HT-7873-01B-11D-2391-01	6	97575196	124431774	16390	0.0124
TCGA-HT-7873-01B-11D-2391-01	6	124435941	124473999	22	0.6771
TCGA-HT-7873-01B-11D-2391-01	6	124474111	125785596	912	0.0055
TCGA-HT-7873-01B-11D-2391-01	6	125789302	125789649	2	-1.6509
TCGA-HT-7873-01B-11D-2391-01	6	125791022	161032565	23191	0.0031
TCGA-HT-7873-01B-11D-2391-01	6	161032719	161033283	5	1.2449
TCGA-HT-7873-01B-11D-2391-01	6	161068042	167696510	5182	0.0336
TCGA-HT-7873-01B-11D-2391-01	6	167698769	167699402	2	-1.7182
TCGA-HT-7873-01B-11D-2391-01	6	167699704	169350060	953	0.0448
TCGA-HT-7873-01B-11D-2391-01	6	169351545	169351980	2	-2.3365
TCGA-HT-7873-01B-11D-2391-01	6	169352091	171051005	1100	0.0424
TCGA-HT-7873-01B-11D-2391-01	7	43355	11307854	6949	0.0163
TCGA-HT-7873-01B-11D-2391-01	7	11307868	11308106	5	-1.0564
TCGA-HT-7873-01B-11D-2391-01	7	11310485	19747624	6999	0.0362
TCGA-HT-7873-01B-11D-2391-01	7	19751086	20053347	211	-0.7605
TCGA-HT-7873-01B-11D-2391-01	7	20053828	38284199	13091	0.0126
TCGA-HT-7873-01B-11D-2391-01	7	38286205	38396476	130	0.3099
TCGA-HT-7873-01B-11D-2391-01	7	38398047	54386505	10961	0.018
TCGA-HT-7873-01B-11D-2391-01	7	54386509	54386517	5	2.6183
TCGA-HT-7873-01B-11D-2391-01	7	54393488	55494008	961	0.0376
TCGA-HT-7873-01B-11D-2391-01	7	55497494	55498417	2	-1.5196
TCGA-HT-7873-01B-11D-2391-01	7	55498605	64568852	2165	0.0403
TCGA-HT-7873-01B-11D-2391-01	7	64594065	64637128	7	-1.3382
TCGA-HT-7873-01B-11D-2391-01	7	64638157	66629240	743	0.0187
TCGA-HT-7873-01B-11D-2391-01	7	66629329	66645232	8	-1.8955
TCGA-HT-7873-01B-11D-2391-01	7	66647639	66690571	14	-0.1223
TCGA-HT-7873-01B-11D-2391-01	7	66695108	66698934	2	-2.2166
TCGA-HT-7873-01B-11D-2391-01	7	66699784	70420438	2377	0.0024
TCGA-HT-7873-01B-11D-2391-01	7	70423250	70426141	2	-2.063
TCGA-HT-7873-01B-11D-2391-01	7	70428243	95202079	14377	0.0242
TCGA-HT-7873-01B-11D-2391-01	7	95204007	95208652	3	-1.633
TCGA-HT-7873-01B-11D-2391-01	7	95210358	126044974	18024	0.0175
TCGA-HT-7873-01B-11D-2391-01	7	126045482	126046615	12	0.994
TCGA-HT-7873-01B-11D-2391-01	7	126046876	133785211	4701	0.0127
TCGA-HT-7873-01B-11D-2391-01	7	133785309	133795634	23	-1.7486
TCGA-HT-7873-01B-11D-2391-01	7	133795665	143909249	6536	0.0179
TCGA-HT-7873-01B-11D-2391-01	7	143909445	144066947	40	0.8776
TCGA-HT-7873-01B-11D-2391-01	7	144074929	156391790	8025	0.0219
TCGA-HT-7873-01B-11D-2391-01	7	156393168	156394179	3	-1.5029
TCGA-HT-7873-01B-11D-2391-01	7	156394908	156533780	79	0.0225
TCGA-HT-7873-01B-11D-2391-01	7	156537276	159127004	1540	-0.7365
TCGA-HT-7873-01B-11D-2391-01	8	31254	5598735	6060	0.0401
TCGA-HT-7873-01B-11D-2391-01	8	5598764	5607156	27	-0.793
TCGA-HT-7873-01B-11D-2391-01	8	5607214	7238019	1720	0.0378
TCGA-HT-7873-01B-11D-2391-01	8	7250380	7787962	146	0.605
TCGA-HT-7873-01B-11D-2391-01	8	7798758	7978187	50	0.177
TCGA-HT-7873-01B-11D-2391-01	8	7989963	8092025	23	0.5418
TCGA-HT-7873-01B-11D-2391-01	8	8093182	11895245	3207	0.012
TCGA-HT-7873-01B-11D-2391-01	8	11934660	12240182	30	0.3674
TCGA-HT-7873-01B-11D-2391-01	8	12240318	12242155	10	0.9946
TCGA-HT-7873-01B-11D-2391-01	8	12242515	12443055	81	0.4058
TCGA-HT-7873-01B-11D-2391-01	8	12473543	24974443	10368	0.0161
TCGA-HT-7873-01B-11D-2391-01	8	24974476	24984333	26	0.7829
TCGA-HT-7873-01B-11D-2391-01	8	24991104	51032011	13616	0.0047
TCGA-HT-7873-01B-11D-2391-01	8	51032024	51033423	8	-2.0257
TCGA-HT-7873-01B-11D-2391-01	8	51038578	87411509	22267	0.013
TCGA-HT-7873-01B-11D-2391-01	8	87429001	112291494	15010	0.5132
TCGA-HT-7873-01B-11D-2391-01	8	112294279	112295260	9	-0.6423
TCGA-HT-7873-01B-11D-2391-01	8	112300281	139317100	19054	0.5102
TCGA-HT-7873-01B-11D-2391-01	8	139317797	139319766	2	-1.0922
TCGA-HT-7873-01B-11D-2391-01	8	139320235	144299106	3149	0.5385
TCGA-HT-7873-01B-11D-2391-01	8	144299158	144310617	14	-0.0988
TCGA-HT-7873-01B-11D-2391-01	8	144314377	146298155	631	0.5202
TCGA-HT-7873-01B-11D-2391-01	9	46587	6655056	6316	0.0237
TCGA-HT-7873-01B-11D-2391-01	9	6657192	6661406	2	-1.7415
TCGA-HT-7873-01B-11D-2391-01	9	6661613	11684502	4649	0.0308
TCGA-HT-7873-01B-11D-2391-01	9	11684511	11687981	2	-1.9843
TCGA-HT-7873-01B-11D-2391-01	9	11688155	39776828	20113	0.0194
TCGA-HT-7873-01B-11D-2391-01	9	39778631	40585775	13	-0.6137
TCGA-HT-7873-01B-11D-2391-01	9	40588269	43315974	83	0.0932
TCGA-HT-7873-01B-11D-2391-01	9	43472537	43790346	38	-1.4167
TCGA-HT-7873-01B-11D-2391-01	9	43800186	44241817	29	0.124
TCGA-HT-7873-01B-11D-2391-01	9	44243434	44385979	14	-0.4158
TCGA-HT-7873-01B-11D-2391-01	9	44396699	44469328	6	0.1154
TCGA-HT-7873-01B-11D-2391-01	9	44629223	44855737	37	-1.0327
TCGA-HT-7873-01B-11D-2391-01	9	44866028	111870223	29274	0.0162
TCGA-HT-7873-01B-11D-2391-01	9	111874065	112401674	423	0.4141
TCGA-HT-7873-01B-11D-2391-01	9	112408136	113024442	529	0.016
TCGA-HT-7873-01B-11D-2391-01	9	113024789	113028169	2	-2.9344
TCGA-HT-7873-01B-11D-2391-01	9	113032431	123260264	7987	0.0207
TCGA-HT-7873-01B-11D-2391-01	9	123265291	123816062	342	0.3824
TCGA-HT-7873-01B-11D-2391-01	9	123823635	127322091	2179	0.0207
TCGA-HT-7873-01B-11D-2391-01	9	127324767	139257287	6791	0.3812
TCGA-HT-7873-01B-11D-2391-01	9	139269135	140012771	226	-0.0082
TCGA-HT-7873-01B-11D-2391-01	9	140018910	140188668	22	0.5444
TCGA-HT-7873-01B-11D-2391-01	9	140219855	140309073	41	0.0712
TCGA-HT-7873-01B-11D-2391-01	9	140310046	140418074	28	0.422
TCGA-HT-7873-01B-11D-2391-01	9	140419362	141091394	367	0.758
TCGA-HT-7873-01B-11D-2391-01	X	168477	155182354	83865	0.0038
TCGA-HT-7873-01B-11D-2391-01	Y	2650438	59018259	8625	-0.9824
