barcode	chromosome	start	stop	num.mark	seg.mean
TCGA-DU-6397-01A-11D-1704-01	1	3218610	18460469	7922	-0.6369
TCGA-DU-6397-01A-11D-1704-01	1	18460526	18467284	5	-3.9283
TCGA-DU-6397-01A-11D-1704-01	1	18468754	109727284	52514	-0.629
TCGA-DU-6397-01A-11D-1704-01	1	109727475	109727529	2	-3.5966
TCGA-DU-6397-01A-11D-1704-01	1	109727832	120523902	6676	-0.655
TCGA-DU-6397-01A-11D-1704-01	1	120523955	219631862	43535	0.0589
TCGA-DU-6397-01A-11D-1704-01	1	219633869	219634380	2	-1.0956
TCGA-DU-6397-01A-11D-1704-01	1	219634787	247813706	17720	0.0575
TCGA-DU-6397-01A-11D-1704-01	10	415240	135225087	80738	0.0523
TCGA-DU-6397-01A-11D-1704-01	11	456120	9869786	5013	0.4822
TCGA-DU-6397-01A-11D-1704-01	11	9871016	9874306	6	-0.3341
TCGA-DU-6397-01A-11D-1704-01	11	9874505	19832523	7129	0.4686
TCGA-DU-6397-01A-11D-1704-01	11	19834736	45326848	16479	0.0443
TCGA-DU-6397-01A-11D-1704-01	11	45327637	45327651	2	-1.041
TCGA-DU-6397-01A-11D-1704-01	11	45332579	134142530	48516	0.1264
TCGA-DU-6397-01A-11D-1704-01	12	889902	133161346	73846	0.0527
TCGA-DU-6397-01A-11D-1704-01	13	19450806	19617898	110	0.0196
TCGA-DU-6397-01A-11D-1704-01	13	19618140	19626941	14	0.4676
TCGA-DU-6397-01A-11D-1704-01	13	19630760	73303459	30290	0.04
TCGA-DU-6397-01A-11D-1704-01	13	73307527	73308030	2	-1.7952
TCGA-DU-6397-01A-11D-1704-01	13	73308901	114987458	26163	0.0525
TCGA-DU-6397-01A-11D-1704-01	14	20501368	22101409	884	0.0616
TCGA-DU-6397-01A-11D-1704-01	14	22101482	22102374	2	-0.8907
TCGA-DU-6397-01A-11D-1704-01	14	22102745	79215835	32250	-0.0976
TCGA-DU-6397-01A-11D-1704-01	14	79216557	79218437	2	-1.2227
TCGA-DU-6397-01A-11D-1704-01	14	79222377	105988038	16176	-0.0997
TCGA-DU-6397-01A-11D-1704-01	15	23687685	101884307	44472	0.0641
TCGA-DU-6397-01A-11D-1704-01	16	653459	73381706	29948	0.0729
TCGA-DU-6397-01A-11D-1704-01	16	73390284	73391142	5	-0.6695
TCGA-DU-6397-01A-11D-1704-01	16	73393321	86418554	9375	0.0667
TCGA-DU-6397-01A-11D-1704-01	16	86418561	86422112	4	-1.2961
TCGA-DU-6397-01A-11D-1704-01	16	86422256	89379936	1403	0.0891
TCGA-DU-6397-01A-11D-1704-01	17	987221	48403410	19637	0.1035
TCGA-DU-6397-01A-11D-1704-01	17	48406251	48407190	3	-0.838
TCGA-DU-6397-01A-11D-1704-01	17	48407495	80917016	17286	0.0961
TCGA-DU-6397-01A-11D-1704-01	18	329586	77109240	42605	0.0438
TCGA-DU-6397-01A-11D-1704-01	19	284018	24052992	8957	0.1342
TCGA-DU-6397-01A-11D-1704-01	19	28240494	58878226	14803	-0.5909
TCGA-DU-6397-01A-11D-1704-01	2	484222	53859679	31510	0.0458
TCGA-DU-6397-01A-11D-1704-01	2	53860911	53861427	3	-1.4989
TCGA-DU-6397-01A-11D-1704-01	2	53861561	205821188	77373	0.0303
TCGA-DU-6397-01A-11D-1704-01	2	205821326	205827781	7	-1.0064
TCGA-DU-6397-01A-11D-1704-01	2	205828756	224068836	11316	0.0318
TCGA-DU-6397-01A-11D-1704-01	2	224069500	224070608	3	-1.0319
TCGA-DU-6397-01A-11D-1704-01	2	224070682	240975751	10128	0.0482
TCGA-DU-6397-01A-11D-1704-01	2	240975986	240976330	2	-1.0186
TCGA-DU-6397-01A-11D-1704-01	2	240981179	242476062	769	0.0871
TCGA-DU-6397-01A-11D-1704-01	20	455764	62219837	37217	0.0707
TCGA-DU-6397-01A-11D-1704-01	21	15347621	47678774	20563	0.0546
TCGA-DU-6397-01A-11D-1704-01	22	17423930	40196754	11036	0.1037
TCGA-DU-6397-01A-11D-1704-01	22	40196951	40197683	4	-0.8817
TCGA-DU-6397-01A-11D-1704-01	22	40198732	49331012	5858	0.1747
TCGA-DU-6397-01A-11D-1704-01	3	2212571	7341229	2552	0.0558
TCGA-DU-6397-01A-11D-1704-01	3	7341994	7350891	8	-0.4905
TCGA-DU-6397-01A-11D-1704-01	3	7351373	181037276	95271	0.0467
TCGA-DU-6397-01A-11D-1704-01	3	181047241	181487115	203	0.3465
TCGA-DU-6397-01A-11D-1704-01	3	181488235	197538677	8234	0.0538
TCGA-DU-6397-01A-11D-1704-01	4	1053934	188763651	102645	0.0335
TCGA-DU-6397-01A-11D-1704-01	5	914233	4012303	1927	0.0297
TCGA-DU-6397-01A-11D-1704-01	5	4012694	4012700	2	-1.3467
TCGA-DU-6397-01A-11D-1704-01	5	4013641	180360469	98478	0.0425
TCGA-DU-6397-01A-11D-1704-01	6	1014281	149885760	84187	0.0458
TCGA-DU-6397-01A-11D-1704-01	6	149886768	149903629	9	0.7798
TCGA-DU-6397-01A-11D-1704-01	6	149907540	155540230	3879	0.0508
TCGA-DU-6397-01A-11D-1704-01	6	155541146	155541886	2	1.338
TCGA-DU-6397-01A-11D-1704-01	6	155542602	170903919	8294	0.046
TCGA-DU-6397-01A-11D-1704-01	7	705284	25671784	13437	-0.5937
TCGA-DU-6397-01A-11D-1704-01	7	25672505	119785776	47209	0.0448
TCGA-DU-6397-01A-11D-1704-01	7	119785784	119786285	2	-2.5632
TCGA-DU-6397-01A-11D-1704-01	7	119788157	125719132	3291	0.0372
TCGA-DU-6397-01A-11D-1704-01	7	125719450	125719456	2	-1.4395
TCGA-DU-6397-01A-11D-1704-01	7	125721818	158385118	17214	0.0582
TCGA-DU-6397-01A-11D-1704-01	8	617667	121826822	66832	0.0403
TCGA-DU-6397-01A-11D-1704-01	8	121827468	121827497	3	-0.7489
TCGA-DU-6397-01A-11D-1704-01	8	121828919	145232496	14612	0.0859
TCGA-DU-6397-01A-11D-1704-01	9	789932	37033159	22142	-0.0989
TCGA-DU-6397-01A-11D-1704-01	9	37033361	37034669	3	-1.1852
TCGA-DU-6397-01A-11D-1704-01	9	37035181	107371880	24911	-0.0224
TCGA-DU-6397-01A-11D-1704-01	9	107372135	126981390	13801	-0.3074
TCGA-DU-6397-01A-11D-1704-01	9	126982944	126984182	3	-1.5021
TCGA-DU-6397-01A-11D-1704-01	9	126984382	128169340	575	-0.389
TCGA-DU-6397-01A-11D-1704-01	9	128169657	128174437	2	-1.9087
TCGA-DU-6397-01A-11D-1704-01	9	128175143	134213219	3275	-0.3668
TCGA-DU-6397-01A-11D-1704-01	9	134214319	140938752	3132	-0.0662
TCGA-DU-6397-01A-11D-1704-01	X	3157107	9259978	1245	-0.0047
TCGA-DU-6397-01A-11D-1704-01	X	9260045	9261210	2	-2.5589
TCGA-DU-6397-01A-11D-1704-01	X	9263909	16553644	4035	0.0059
TCGA-DU-6397-01A-11D-1704-01	X	16554542	16557589	3	-2.8702
TCGA-DU-6397-01A-11D-1704-01	X	16557645	110297200	37995	0.0045
TCGA-DU-6397-01A-11D-1704-01	X	110297273	110297826	3	3.2133
TCGA-DU-6397-01A-11D-1704-01	X	110300659	134193050	11256	0.0023
TCGA-DU-6397-01A-11D-1704-01	X	134193750	134195570	4	-2.5542
TCGA-DU-6397-01A-11D-1704-01	X	134195844	154905589	8956	-0.0018
