barcode	chromosome	start	stop	num.mark	seg.mean
TCGA-DH-5140-01A-01D-1466-01	1	61735	108729759	66112	0.1541
TCGA-DH-5140-01A-01D-1466-01	1	108734235	108734877	2	-3.1812
TCGA-DH-5140-01A-01D-1466-01	1	108737496	110233053	729	0.1382
TCGA-DH-5140-01A-01D-1466-01	1	110233118	110240178	14	-0.796
TCGA-DH-5140-01A-01D-1466-01	1	110242953	148585337	8321	0.1285
TCGA-DH-5140-01A-01D-1466-01	1	148627569	149834455	277	-0.3718
TCGA-DH-5140-01A-01D-1466-01	1	149834470	152555706	1424	0.1065
TCGA-DH-5140-01A-01D-1466-01	1	152555767	152590565	36	-0.3663
TCGA-DH-5140-01A-01D-1466-01	1	152590663	169216937	11553	0.1233
TCGA-DH-5140-01A-01D-1466-01	1	169233974	169241766	7	-1.749
TCGA-DH-5140-01A-01D-1466-01	1	169242401	196731610	18217	0.1315
TCGA-DH-5140-01A-01D-1466-01	1	196732086	196815791	93	-0.3499
TCGA-DH-5140-01A-01D-1466-01	1	196816730	213615508	11098	0.1284
TCGA-DH-5140-01A-01D-1466-01	1	213616063	213617738	3	-1.8906
TCGA-DH-5140-01A-01D-1466-01	1	213617930	248725234	24682	0.1329
TCGA-DH-5140-01A-01D-1466-01	1	248736075	248808557	37	-0.5858
TCGA-DH-5140-01A-01D-1466-01	1	248808864	249224388	143	0.0773
TCGA-DH-5140-01A-01D-1466-01	10	72759	111148	9	-0.5033
TCGA-DH-5140-01A-01D-1466-01	10	111955	4287070	3579	-0.1934
TCGA-DH-5140-01A-01D-1466-01	10	4290814	4291016	4	1.0016
TCGA-DH-5140-01A-01D-1466-01	10	4294071	20784248	13404	-0.2123
TCGA-DH-5140-01A-01D-1466-01	10	20790084	20811443	23	0.3596
TCGA-DH-5140-01A-01D-1466-01	10	20815705	26158590	3500	-0.1698
TCGA-DH-5140-01A-01D-1466-01	10	26158795	26162766	6	-0.9598
TCGA-DH-5140-01A-01D-1466-01	10	26164407	47055711	11144	-0.1359
TCGA-DH-5140-01A-01D-1466-01	10	47058792	47059821	22	0.5544
TCGA-DH-5140-01A-01D-1466-01	10	47062311	51822399	2035	-0.1687
TCGA-DH-5140-01A-01D-1466-01	10	51830360	51891920	5	-1.4593
TCGA-DH-5140-01A-01D-1466-01	10	51903768	83886535	21891	-0.293
TCGA-DH-5140-01A-01D-1466-01	10	83886963	83888343	2	-2.8439
TCGA-DH-5140-01A-01D-1466-01	10	83888667	112033151	18469	-0.3957
TCGA-DH-5140-01A-01D-1466-01	10	112041579	112801809	516	1.6206
TCGA-DH-5140-01A-01D-1466-01	10	112808168	124341534	8568	-0.302
TCGA-DH-5140-01A-01D-1466-01	10	124343951	124346978	6	-1.3121
TCGA-DH-5140-01A-01D-1466-01	10	124356812	127930067	2534	-0.2418
TCGA-DH-5140-01A-01D-1466-01	10	127930135	127930820	5	-1.248
TCGA-DH-5140-01A-01D-1466-01	10	127931456	134692110	5047	-0.2658
TCGA-DH-5140-01A-01D-1466-01	10	134694685	134792280	51	0.3677
TCGA-DH-5140-01A-01D-1466-01	10	134798249	135506704	287	-0.3024
TCGA-DH-5140-01A-01D-1466-01	11	198510	18940093	12762	-0.0884
TCGA-DH-5140-01A-01D-1466-01	11	18940322	18962363	63	0.3428
TCGA-DH-5140-01A-01D-1466-01	11	18970705	72505815	30761	-0.0928
TCGA-DH-5140-01A-01D-1466-01	11	72510361	73134580	284	0.4124
TCGA-DH-5140-01A-01D-1466-01	11	73135886	134944770	43301	-0.0763
TCGA-DH-5140-01A-01D-1466-01	12	150442	9633870	6207	0.1337
TCGA-DH-5140-01A-01D-1466-01	12	9637909	9728292	24	-1.1571
TCGA-DH-5140-01A-01D-1466-01	12	9734969	24393754	9966	0.1322
TCGA-DH-5140-01A-01D-1466-01	12	24395202	24395272	3	-1.3283
TCGA-DH-5140-01A-01D-1466-01	12	24396944	33386757	6753	0.129
TCGA-DH-5140-01A-01D-1466-01	12	33388829	33395142	4	-3.8377
TCGA-DH-5140-01A-01D-1466-01	12	33395418	34250696	540	0.1053
TCGA-DH-5140-01A-01D-1466-01	12	34256709	34275406	12	-0.6056
TCGA-DH-5140-01A-01D-1466-01	12	34275794	45905840	5029	0.1294
TCGA-DH-5140-01A-01D-1466-01	12	45908740	45909537	2	-1.8609
TCGA-DH-5140-01A-01D-1466-01	12	45913292	90483350	27296	0.1214
TCGA-DH-5140-01A-01D-1466-01	12	90491669	90492074	7	-1.0035
TCGA-DH-5140-01A-01D-1466-01	12	90493557	99791814	6456	0.126
TCGA-DH-5140-01A-01D-1466-01	12	99795293	99798734	31	-0.3695
TCGA-DH-5140-01A-01D-1466-01	12	99803093	132120715	22191	0.13
TCGA-DH-5140-01A-01D-1466-01	12	132132584	132133335	13	-1.2286
TCGA-DH-5140-01A-01D-1466-01	12	132142331	133778189	572	0.1275
TCGA-DH-5140-01A-01D-1466-01	13	19026949	32532121	9644	-0.0343
TCGA-DH-5140-01A-01D-1466-01	13	32532622	32538423	18	-0.8824
TCGA-DH-5140-01A-01D-1466-01	13	32540047	115108397	54674	-0.0332
TCGA-DH-5140-01A-01D-1466-01	14	19002124	20263276	110	-0.0841
TCGA-DH-5140-01A-01D-1466-01	14	20264019	106526966	55000	-0.5908
TCGA-DH-5140-01A-01D-1466-01	14	106530364	106569463	19	0.2021
TCGA-DH-5140-01A-01D-1466-01	14	106574118	106868286	138	-0.5906
TCGA-DH-5140-01A-01D-1466-01	14	106868554	106918094	53	-1.3115
TCGA-DH-5140-01A-01D-1466-01	14	106918108	107285437	225	-0.6683
TCGA-DH-5140-01A-01D-1466-01	15	20016328	32504264	6273	-0.0548
TCGA-DH-5140-01A-01D-1466-01	15	32509892	32512220	8	-1.126
TCGA-DH-5140-01A-01D-1466-01	15	32531316	102469040	45799	-0.0648
TCGA-DH-5140-01A-01D-1466-01	16	60777	21412403	14471	0.1675
TCGA-DH-5140-01A-01D-1466-01	16	21515074	21593634	24	-0.7929
TCGA-DH-5140-01A-01D-1466-01	16	21596313	22442020	364	0.1856
TCGA-DH-5140-01A-01D-1466-01	16	22557932	22710742	69	-0.8688
TCGA-DH-5140-01A-01D-1466-01	16	22712979	32655523	5271	0.1437
TCGA-DH-5140-01A-01D-1466-01	16	32743289	32954725	41	-0.5384
TCGA-DH-5140-01A-01D-1466-01	16	32956070	34617523	395	0.0524
TCGA-DH-5140-01A-01D-1466-01	16	34623189	34633021	13	-0.3859
TCGA-DH-5140-01A-01D-1466-01	16	34636431	55796594	6686	0.1893
TCGA-DH-5140-01A-01D-1466-01	16	55798222	55798779	3	1.9788
TCGA-DH-5140-01A-01D-1466-01	16	55804348	75242729	11712	0.1772
TCGA-DH-5140-01A-01D-1466-01	16	75246042	75248767	3	-1.4102
TCGA-DH-5140-01A-01D-1466-01	16	75252306	90287535	13400	0.202
TCGA-DH-5140-01A-01D-1466-01	17	526	18361686	11451	0.152
TCGA-DH-5140-01A-01D-1466-01	17	18364842	18464586	24	0.762
TCGA-DH-5140-01A-01D-1466-01	17	18465221	21276726	1201	0.147
TCGA-DH-5140-01A-01D-1466-01	17	21283507	22235650	352	0.697
TCGA-DH-5140-01A-01D-1466-01	17	25270411	33369517	4738	0.1443
TCGA-DH-5140-01A-01D-1466-01	17	33374431	34884383	751	0.762
TCGA-DH-5140-01A-01D-1466-01	17	34884487	39423153	2468	0.1261
TCGA-DH-5140-01A-01D-1466-01	17	39423210	39430531	17	-0.5837
TCGA-DH-5140-01A-01D-1466-01	17	39432724	44195725	2533	0.1244
TCGA-DH-5140-01A-01D-1466-01	17	44197603	44364170	103	-0.1781
TCGA-DH-5140-01A-01D-1466-01	17	44394412	44737622	43	0.7854
TCGA-DH-5140-01A-01D-1466-01	17	44741425	49141732	2285	0.1303
TCGA-DH-5140-01A-01D-1466-01	17	49147550	50162197	717	0.8141
TCGA-DH-5140-01A-01D-1466-01	17	50162698	52945174	1847	0.1816
TCGA-DH-5140-01A-01D-1466-01	17	52945725	52947422	3	-2.0476
TCGA-DH-5140-01A-01D-1466-01	17	52948507	56212100	2525	0.1746
TCGA-DH-5140-01A-01D-1466-01	17	56212514	56214094	3	-2.7608
TCGA-DH-5140-01A-01D-1466-01	17	56217398	67119593	5898	0.2095
TCGA-DH-5140-01A-01D-1466-01	17	67120025	71746986	3525	0.927
TCGA-DH-5140-01A-01D-1466-01	17	71747124	71974758	160	0.3912
TCGA-DH-5140-01A-01D-1466-01	17	71974771	71976954	3	1.555
TCGA-DH-5140-01A-01D-1466-01	17	71978931	76281368	2330	0.3441
TCGA-DH-5140-01A-01D-1466-01	17	76282132	76282968	2	-1.8376
TCGA-DH-5140-01A-01D-1466-01	17	76286743	81049726	2336	0.3404
TCGA-DH-5140-01A-01D-1466-01	18	11543	14343094	10115	-0.5432
TCGA-DH-5140-01A-01D-1466-01	18	14346001	14348385	2	-3.2539
TCGA-DH-5140-01A-01D-1466-01	18	14348468	43414078	16188	-0.5279
TCGA-DH-5140-01A-01D-1466-01	18	43414729	43415245	2	-3.1385
TCGA-DH-5140-01A-01D-1466-01	18	43415970	63200045	13667	-0.5303
TCGA-DH-5140-01A-01D-1466-01	18	63200065	63207196	23	0.3738
TCGA-DH-5140-01A-01D-1466-01	18	63207211	63906866	519	-0.5398
TCGA-DH-5140-01A-01D-1466-01	18	63907434	63908092	3	-2.8292
TCGA-DH-5140-01A-01D-1466-01	18	63908561	63909717	3	-6.4745
TCGA-DH-5140-01A-01D-1466-01	18	63910456	63911361	3	-2.3198
TCGA-DH-5140-01A-01D-1466-01	18	63911589	78015057	10274	-0.5302
TCGA-DH-5140-01A-01D-1466-01	19	90910	21153058	9304	0.0349
TCGA-DH-5140-01A-01D-1466-01	19	21153079	21153474	2	-1.9065
TCGA-DH-5140-01A-01D-1466-01	19	21154168	43712250	11469	0.0677
TCGA-DH-5140-01A-01D-1466-01	19	43712598	43756237	19	-0.6003
TCGA-DH-5140-01A-01D-1466-01	19	43766659	53925653	5437	0.0573
TCGA-DH-5140-01A-01D-1466-01	19	53928764	53930317	3	-1.4296
TCGA-DH-5140-01A-01D-1466-01	19	53938333	55508705	910	0.0551
TCGA-DH-5140-01A-01D-1466-01	19	55509307	55509688	2	-2.6187
TCGA-DH-5140-01A-01D-1466-01	19	55509865	58940514	2159	0.0618
TCGA-DH-5140-01A-01D-1466-01	19	58943408	58944375	2	-3.3639
TCGA-DH-5140-01A-01D-1466-01	19	58946056	59097854	52	0.1529
TCGA-DH-5140-01A-01D-1466-01	2	12784	4205687	2991	0.1775
TCGA-DH-5140-01A-01D-1466-01	2	4213864	4224019	42	-0.5904
TCGA-DH-5140-01A-01D-1466-01	2	4230062	18179797	10548	0.1733
TCGA-DH-5140-01A-01D-1466-01	2	18180002	18180103	2	-1.6
TCGA-DH-5140-01A-01D-1466-01	2	18180370	34691069	10544	0.163
TCGA-DH-5140-01A-01D-1466-01	2	34699315	34737057	46	-1.3256
TCGA-DH-5140-01A-01D-1466-01	2	34737163	52741737	13047	0.1683
TCGA-DH-5140-01A-01D-1466-01	2	52743925	52781497	38	0.6174
TCGA-DH-5140-01A-01D-1466-01	2	52781504	91618895	23065	0.1589
TCGA-DH-5140-01A-01D-1466-01	2	91622015	91860032	57	-0.4263
TCGA-DH-5140-01A-01D-1466-01	2	91864571	208354955	67576	0.1575
TCGA-DH-5140-01A-01D-1466-01	2	208355178	208359336	16	-2.7318
TCGA-DH-5140-01A-01D-1466-01	2	208359476	230845079	14645	0.1619
TCGA-DH-5140-01A-01D-1466-01	2	230846721	230853000	2	-1.7811
TCGA-DH-5140-01A-01D-1466-01	2	230853043	243089456	7506	0.1441
TCGA-DH-5140-01A-01D-1466-01	20	61305	1581768	1240	0.1342
TCGA-DH-5140-01A-01D-1466-01	20	1582092	1593893	7	-0.6774
TCGA-DH-5140-01A-01D-1466-01	20	1597946	62956153	41268	0.1435
TCGA-DH-5140-01A-01D-1466-01	21	10736871	10907195	18	-0.7103
TCGA-DH-5140-01A-01D-1466-01	21	10907356	15087734	376	-0.1818
TCGA-DH-5140-01A-01D-1466-01	21	15087846	16048334	534	-0.5698
TCGA-DH-5140-01A-01D-1466-01	21	16051665	16436211	265	-0.0153
TCGA-DH-5140-01A-01D-1466-01	21	16440381	16637835	155	-0.5756
TCGA-DH-5140-01A-01D-1466-01	21	16637872	18041319	983	-5e-04
TCGA-DH-5140-01A-01D-1466-01	21	18046232	20756513	1973	-0.5479
TCGA-DH-5140-01A-01D-1466-01	21	20759062	20792146	25	0.007
TCGA-DH-5140-01A-01D-1466-01	21	20795500	21076998	195	-0.6017
TCGA-DH-5140-01A-01D-1466-01	21	21081872	21293970	147	0.0244
TCGA-DH-5140-01A-01D-1466-01	21	21294200	21306742	17	0.5379
TCGA-DH-5140-01A-01D-1466-01	21	21306863	21624451	180	0.0212
TCGA-DH-5140-01A-01D-1466-01	21	21626091	22048977	364	0.3866
TCGA-DH-5140-01A-01D-1466-01	21	22049351	22257845	168	0.001
TCGA-DH-5140-01A-01D-1466-01	21	22257895	22484195	189	0.4042
TCGA-DH-5140-01A-01D-1466-01	21	22485212	24412882	1414	-0.0089
TCGA-DH-5140-01A-01D-1466-01	21	24412952	24414295	3	-1.4386
TCGA-DH-5140-01A-01D-1466-01	21	24414492	25491543	922	-0.0023
TCGA-DH-5140-01A-01D-1466-01	21	25496212	26400212	704	-0.5423
TCGA-DH-5140-01A-01D-1466-01	21	26410442	26803181	251	0.0093
TCGA-DH-5140-01A-01D-1466-01	21	26805400	26850777	33	-0.4202
TCGA-DH-5140-01A-01D-1466-01	21	26851523	26866666	10	7e-04
TCGA-DH-5140-01A-01D-1466-01	21	26866812	27175780	189	-0.551
TCGA-DH-5140-01A-01D-1466-01	21	27176172	28057937	682	0.0143
TCGA-DH-5140-01A-01D-1466-01	21	28058794	28588212	529	0.377
TCGA-DH-5140-01A-01D-1466-01	21	28590778	28674346	63	-0.006
TCGA-DH-5140-01A-01D-1466-01	21	28679820	28897405	195	-0.5835
TCGA-DH-5140-01A-01D-1466-01	21	28899260	28950699	39	0.0191
TCGA-DH-5140-01A-01D-1466-01	21	28951287	29521895	357	0.3513
TCGA-DH-5140-01A-01D-1466-01	21	29522668	31515646	1475	-0.0191
TCGA-DH-5140-01A-01D-1466-01	21	31525149	32314020	506	-0.5233
TCGA-DH-5140-01A-01D-1466-01	21	32314514	33451102	811	0.1291
TCGA-DH-5140-01A-01D-1466-01	21	33452089	34657806	834	-0.5825
TCGA-DH-5140-01A-01D-1466-01	21	34658366	35841186	788	-0.0516
TCGA-DH-5140-01A-01D-1466-01	21	35841279	36512847	525	0.3436
TCGA-DH-5140-01A-01D-1466-01	21	36514652	36952887	370	-0.0064
TCGA-DH-5140-01A-01D-1466-01	21	36953167	37622102	503	-0.5803
TCGA-DH-5140-01A-01D-1466-01	21	37622915	37935985	174	0.294
TCGA-DH-5140-01A-01D-1466-01	21	37936188	37987432	51	-0.0096
TCGA-DH-5140-01A-01D-1466-01	21	37987916	38807105	488	0.3504
TCGA-DH-5140-01A-01D-1466-01	21	38808862	39051681	166	0.0021
TCGA-DH-5140-01A-01D-1466-01	21	39052584	40039169	979	-0.5736
TCGA-DH-5140-01A-01D-1466-01	21	40041069	40628765	524	-0.017
TCGA-DH-5140-01A-01D-1466-01	21	40633631	40965327	226	0.3163
TCGA-DH-5140-01A-01D-1466-01	21	40965342	41118643	110	-0.0331
TCGA-DH-5140-01A-01D-1466-01	21	41119411	43261076	1912	0.3711
TCGA-DH-5140-01A-01D-1466-01	21	43264361	43545213	241	-0.0139
TCGA-DH-5140-01A-01D-1466-01	21	43545709	43663318	97	0.3269
TCGA-DH-5140-01A-01D-1466-01	21	43666849	44391175	527	-0.0549
TCGA-DH-5140-01A-01D-1466-01	21	44391810	44716050	190	-0.5824
TCGA-DH-5140-01A-01D-1466-01	21	44716095	44766920	26	-0.1277
TCGA-DH-5140-01A-01D-1466-01	21	44767472	44791743	25	-0.5189
TCGA-DH-5140-01A-01D-1466-01	21	44791843	44793448	3	-1.8467
TCGA-DH-5140-01A-01D-1466-01	21	44794741	45065179	160	-0.5271
TCGA-DH-5140-01A-01D-1466-01	21	45070896	45151874	44	-0.0933
TCGA-DH-5140-01A-01D-1466-01	21	45152129	45512356	212	0.2652
TCGA-DH-5140-01A-01D-1466-01	21	45515545	45568703	20	-0.0898
TCGA-DH-5140-01A-01D-1466-01	21	45571336	46009264	206	-0.5922
TCGA-DH-5140-01A-01D-1466-01	21	46014639	46121910	90	0.0133
TCGA-DH-5140-01A-01D-1466-01	21	46126135	46220682	62	-0.6098
TCGA-DH-5140-01A-01D-1466-01	21	46221167	46344711	77	-0.1338
TCGA-DH-5140-01A-01D-1466-01	21	46346837	46434301	34	0.3624
TCGA-DH-5140-01A-01D-1466-01	21	46435610	46749883	204	-0.0511
TCGA-DH-5140-01A-01D-1466-01	21	46750190	47466352	394	0.3234
TCGA-DH-5140-01A-01D-1466-01	21	47466706	47601961	47	-0.1215
TCGA-DH-5140-01A-01D-1466-01	21	47608580	48096957	328	-0.5358
TCGA-DH-5140-01A-01D-1466-01	22	16052528	16683416	96	-0.1714
TCGA-DH-5140-01A-01D-1466-01	22	16864898	23262981	3823	0.1973
TCGA-DH-5140-01A-01D-1466-01	22	23263242	23263257	2	-2.0846
TCGA-DH-5140-01A-01D-1466-01	22	23263274	24344422	701	0.1827
TCGA-DH-5140-01A-01D-1466-01	22	24350529	24396814	19	-1.204
TCGA-DH-5140-01A-01D-1466-01	22	24401529	25736340	873	0.1811
TCGA-DH-5140-01A-01D-1466-01	22	25736345	25745901	8	1.0057
TCGA-DH-5140-01A-01D-1466-01	22	25745916	38387727	9477	0.2027
TCGA-DH-5140-01A-01D-1466-01	22	38387933	38873878	255	0.582
TCGA-DH-5140-01A-01D-1466-01	22	38874227	51234455	8314	0.1872
TCGA-DH-5140-01A-01D-1466-01	3	60345	21142588	15865	0.1343
TCGA-DH-5140-01A-01D-1466-01	3	21145832	21149381	3	-1.3375
TCGA-DH-5140-01A-01D-1466-01	3	21149723	36283731	10710	0.1366
TCGA-DH-5140-01A-01D-1466-01	3	36283957	36285030	3	-2.0647
TCGA-DH-5140-01A-01D-1466-01	3	36285279	65188453	18821	0.1261
TCGA-DH-5140-01A-01D-1466-01	3	65189235	65210452	53	-0.4419
TCGA-DH-5140-01A-01D-1466-01	3	65216349	68746284	2427	0.1472
TCGA-DH-5140-01A-01D-1466-01	3	68746446	68747413	12	-0.7592
TCGA-DH-5140-01A-01D-1466-01	3	68748758	162514627	55109	0.1283
TCGA-DH-5140-01A-01D-1466-01	3	162516259	162623897	62	0.5016
TCGA-DH-5140-01A-01D-1466-01	3	162625980	168730180	3449	0.1116
TCGA-DH-5140-01A-01D-1466-01	3	168733402	168738628	2	-1.6417
TCGA-DH-5140-01A-01D-1466-01	3	168739827	197896118	18479	0.1207
TCGA-DH-5140-01A-01D-1466-01	4	12281	65978	56	-0.6421
TCGA-DH-5140-01A-01D-1466-01	4	66719	9464537	5196	0.1035
TCGA-DH-5140-01A-01D-1466-01	4	9464972	9478849	4	1.8132
TCGA-DH-5140-01A-01D-1466-01	4	9479035	9859897	167	0.0973
TCGA-DH-5140-01A-01D-1466-01	4	9859901	9864227	3	1.4039
TCGA-DH-5140-01A-01D-1466-01	4	9865042	10223416	380	0.1154
TCGA-DH-5140-01A-01D-1466-01	4	10223628	10231498	27	-1.1509
TCGA-DH-5140-01A-01D-1466-01	4	10234214	34779040	17004	0.1269
TCGA-DH-5140-01A-01D-1466-01	4	34779054	34824725	39	-1.5972
TCGA-DH-5140-01A-01D-1466-01	4	34829872	49089374	8972	0.1074
TCGA-DH-5140-01A-01D-1466-01	4	49093786	49161758	9	-0.6101
TCGA-DH-5140-01A-01D-1466-01	4	49169946	49206439	4	0.5693
TCGA-DH-5140-01A-01D-1466-01	4	49216534	49503785	11	-0.5191
TCGA-DH-5140-01A-01D-1466-01	4	49510399	69344612	10504	0.1188
TCGA-DH-5140-01A-01D-1466-01	4	69360488	69505115	71	0.5061
TCGA-DH-5140-01A-01D-1466-01	4	69506334	77289786	4651	0.1052
TCGA-DH-5140-01A-01D-1466-01	4	77292076	77292366	4	-1.3014
TCGA-DH-5140-01A-01D-1466-01	4	77292801	93569306	10127	0.1192
TCGA-DH-5140-01A-01D-1466-01	4	93573799	93606583	13	-0.4551
TCGA-DH-5140-01A-01D-1466-01	4	93606763	130062751	21726	0.1151
TCGA-DH-5140-01A-01D-1466-01	4	130067546	130068160	2	-2.4247
TCGA-DH-5140-01A-01D-1466-01	4	130072563	138089547	4518	0.103
TCGA-DH-5140-01A-01D-1466-01	4	138092103	138092938	14	-0.5896
TCGA-DH-5140-01A-01D-1466-01	4	138093064	161041304	14148	0.1244
TCGA-DH-5140-01A-01D-1466-01	4	161052774	161070767	39	-0.7535
TCGA-DH-5140-01A-01D-1466-01	4	161070789	165568736	3012	0.1244
TCGA-DH-5140-01A-01D-1466-01	4	165569182	165604889	15	-0.8423
TCGA-DH-5140-01A-01D-1466-01	4	165605068	191027923	16818	0.1129
TCGA-DH-5140-01A-01D-1466-01	5	15532	46271108	30819	-0.2033
TCGA-DH-5140-01A-01D-1466-01	5	46271930	46273502	6	-1.9628
TCGA-DH-5140-01A-01D-1466-01	5	46278212	57321586	5082	-0.2004
TCGA-DH-5140-01A-01D-1466-01	5	57321646	57332397	25	0.3306
TCGA-DH-5140-01A-01D-1466-01	5	57332516	81419278	14234	-0.2004
TCGA-DH-5140-01A-01D-1466-01	5	81419290	81427482	2	-2.4332
TCGA-DH-5140-01A-01D-1466-01	5	81428038	99332834	10052	-0.2111
TCGA-DH-5140-01A-01D-1466-01	5	99333298	99342071	15	-0.925
TCGA-DH-5140-01A-01D-1466-01	5	99342478	113023439	8759	-0.2178
TCGA-DH-5140-01A-01D-1466-01	5	113025015	113025721	2	-1.9895
TCGA-DH-5140-01A-01D-1466-01	5	113026605	117386617	3237	-0.2257
TCGA-DH-5140-01A-01D-1466-01	5	117388422	117404340	12	-1.0859
TCGA-DH-5140-01A-01D-1466-01	5	117406805	137805120	12765	-0.2353
TCGA-DH-5140-01A-01D-1466-01	5	137807961	137815711	17	-1.818
TCGA-DH-5140-01A-01D-1466-01	5	137816468	152573965	9303	-0.2477
TCGA-DH-5140-01A-01D-1466-01	5	152576097	152576315	2	-2.816
TCGA-DH-5140-01A-01D-1466-01	5	152579790	180790320	18830	-0.2462
TCGA-DH-5140-01A-01D-1466-01	6	149661	9212227	7416	0.1397
TCGA-DH-5140-01A-01D-1466-01	6	9212240	9244211	3	-1.7689
TCGA-DH-5140-01A-01D-1466-01	6	9257157	29843434	14346	0.1333
TCGA-DH-5140-01A-01D-1466-01	6	29844034	29849267	7	-1.1261
TCGA-DH-5140-01A-01D-1466-01	6	29850196	31286276	675	0.1664
TCGA-DH-5140-01A-01D-1466-01	6	31286305	31296451	10	-1.0888
TCGA-DH-5140-01A-01D-1466-01	6	31309924	32448129	505	0.2186
TCGA-DH-5140-01A-01D-1466-01	6	32449050	32626618	71	-0.2756
TCGA-DH-5140-01A-01D-1466-01	6	32650612	44064064	7244	0.1186
TCGA-DH-5140-01A-01D-1466-01	6	44064694	44065072	2	-1.3389
TCGA-DH-5140-01A-01D-1466-01	6	44073077	170918031	79742	0.1575
TCGA-DH-5140-01A-01D-1466-01	6	170919495	171051005	5	-0.853
TCGA-DH-5140-01A-01D-1466-01	7	43355	54380373	38591	0.1458
TCGA-DH-5140-01A-01D-1466-01	7	54386505	54386517	6	-1.8737
TCGA-DH-5140-01A-01D-1466-01	7	54393488	64651310	3146	0.1093
TCGA-DH-5140-01A-01D-1466-01	7	64651349	65148412	225	-0.6341
TCGA-DH-5140-01A-01D-1466-01	7	65149206	70420438	2926	0.1313
TCGA-DH-5140-01A-01D-1466-01	7	70423250	70426141	2	-1.5333
TCGA-DH-5140-01A-01D-1466-01	7	70428243	102102164	17937	0.134
TCGA-DH-5140-01A-01D-1466-01	7	102235712	102355428	26	-0.2839
TCGA-DH-5140-01A-01D-1466-01	7	102355446	103627907	740	0.1573
TCGA-DH-5140-01A-01D-1466-01	7	103628036	104271093	454	0.602
TCGA-DH-5140-01A-01D-1466-01	7	104276200	133778468	18157	0.1413
TCGA-DH-5140-01A-01D-1466-01	7	133778637	133798558	38	0.5542
TCGA-DH-5140-01A-01D-1466-01	7	133798846	142817711	5961	0.1501
TCGA-DH-5140-01A-01D-1466-01	7	142819849	142888530	33	-0.818
TCGA-DH-5140-01A-01D-1466-01	7	142891214	153663138	6591	0.1268
TCGA-DH-5140-01A-01D-1466-01	7	153663622	153665853	3	-1.5696
TCGA-DH-5140-01A-01D-1466-01	7	153666948	158117595	3074	0.1569
TCGA-DH-5140-01A-01D-1466-01	7	158128588	158132165	2	2.2342
TCGA-DH-5140-01A-01D-1466-01	7	158136986	159127004	639	0.1093
TCGA-DH-5140-01A-01D-1466-01	8	31254	7744064	7972	-0.1282
TCGA-DH-5140-01A-01D-1466-01	8	7745979	7747699	4	0.7579
TCGA-DH-5140-01A-01D-1466-01	8	7752048	7832054	39	-0.4955
TCGA-DH-5140-01A-01D-1466-01	8	7838543	12001123	3290	-0.1439
TCGA-DH-5140-01A-01D-1466-01	8	12034307	12327522	76	-0.5331
TCGA-DH-5140-01A-01D-1466-01	8	12327833	89684433	47832	-0.1336
TCGA-DH-5140-01A-01D-1466-01	8	89684895	89713071	10	-1.3384
TCGA-DH-5140-01A-01D-1466-01	8	89716151	146298155	36784	-0.1118
TCGA-DH-5140-01A-01D-1466-01	9	46587	21797135	19446	0.1621
TCGA-DH-5140-01A-01D-1466-01	9	21800513	22446297	414	-0.5549
TCGA-DH-5140-01A-01D-1466-01	9	22448738	22492889	26	0.1801
TCGA-DH-5140-01A-01D-1466-01	9	22501913	22502699	2	-2.369
TCGA-DH-5140-01A-01D-1466-01	9	22509340	41985187	11490	0.1444
TCGA-DH-5140-01A-01D-1466-01	9	42023107	42065266	4	-1.8272
TCGA-DH-5140-01A-01D-1466-01	9	42065343	44629223	110	0.1778
TCGA-DH-5140-01A-01D-1466-01	9	44727859	44855737	36	-0.8455
TCGA-DH-5140-01A-01D-1466-01	9	44866028	141091394	48435	0.1404
TCGA-DH-5140-01A-01D-1466-01	X	168477	155182354	84619	0.016
TCGA-DH-5140-01A-01D-1466-01	Y	2650438	6117910	876	-2.1576
TCGA-DH-5140-01A-01D-1466-01	Y	6120432	6313572	86	-3.3802
TCGA-DH-5140-01A-01D-1466-01	Y	6315579	15590276	2615	-2.5017
TCGA-DH-5140-01A-01D-1466-01	Y	15590342	15594523	3	-7.6595
TCGA-DH-5140-01A-01D-1466-01	Y	15594889	19491401	2048	-2.5375
TCGA-DH-5140-01A-01D-1466-01	Y	19492258	20970746	681	-3.0657
TCGA-DH-5140-01A-01D-1466-01	Y	20971498	20972173	2	-7.2826
TCGA-DH-5140-01A-01D-1466-01	Y	20972409	21024613	21	-3.4531
TCGA-DH-5140-01A-01D-1466-01	Y	21025062	23653771	1009	-2.4877
TCGA-DH-5140-01A-01D-1466-01	Y	23683731	23690350	2	-7.8808
TCGA-DH-5140-01A-01D-1466-01	Y	23715701	24510518	263	-2.6604
TCGA-DH-5140-01A-01D-1466-01	Y	24514859	27600323	553	-3.0748
TCGA-DH-5140-01A-01D-1466-01	Y	27601827	27720551	37	-2.0807
TCGA-DH-5140-01A-01D-1466-01	Y	27721084	28423938	251	-3.1013
TCGA-DH-5140-01A-01D-1466-01	Y	28438116	59018259	183	-2.3509
