barcode	chromosome	start	stop	num.mark	seg.mean
TCGA-HT-7620-10A-01D-2252-01	1	61735	5347439	2279	0.089
TCGA-HT-7620-10A-01D-2252-01	1	5352492	5393490	42	0.3096
TCGA-HT-7620-10A-01D-2252-01	1	5402870	13187370	4252	0.012
TCGA-HT-7620-10A-01D-2252-01	1	13214448	13376489	8	-0.7694
TCGA-HT-7620-10A-01D-2252-01	1	13377047	16797756	2127	0.0062
TCGA-HT-7620-10A-01D-2252-01	1	16803776	16846035	18	0.3984
TCGA-HT-7620-10A-01D-2252-01	1	16851514	16931329	16	0.0969
TCGA-HT-7620-10A-01D-2252-01	1	16931526	17005978	31	0.5655
TCGA-HT-7620-10A-01D-2252-01	1	17011450	17012226	8	-0.5508
TCGA-HT-7620-10A-01D-2252-01	1	17012314	17177965	49	0.3431
TCGA-HT-7620-10A-01D-2252-01	1	17182437	17262247	64	-0.3103
TCGA-HT-7620-10A-01D-2252-01	1	17276241	30738534	7704	0.0219
TCGA-HT-7620-10A-01D-2252-01	1	30739299	30739796	3	-1.2653
TCGA-HT-7620-10A-01D-2252-01	1	30741496	30749660	6	0.521
TCGA-HT-7620-10A-01D-2252-01	1	30749757	35083065	2551	0.0097
TCGA-HT-7620-10A-01D-2252-01	1	35087725	35091674	8	0.465
TCGA-HT-7620-10A-01D-2252-01	1	35102654	35104479	19	-0.382
TCGA-HT-7620-10A-01D-2252-01	1	35104491	39451857	2409	0.0153
TCGA-HT-7620-10A-01D-2252-01	1	39458110	39458881	4	-1.0393
TCGA-HT-7620-10A-01D-2252-01	1	39459560	55090200	8637	0.0133
TCGA-HT-7620-10A-01D-2252-01	1	55093291	55094389	2	-2.3689
TCGA-HT-7620-10A-01D-2252-01	1	55096450	72768916	12828	0
TCGA-HT-7620-10A-01D-2252-01	1	72768936	72811148	45	-1.315
TCGA-HT-7620-10A-01D-2252-01	1	72811904	104257579	20117	0.0025
TCGA-HT-7620-10A-01D-2252-01	1	104259444	104260032	2	-1.609
TCGA-HT-7620-10A-01D-2252-01	1	104260239	106012754	921	0.0199
TCGA-HT-7620-10A-01D-2252-01	1	106013376	106022375	18	0.9867
TCGA-HT-7620-10A-01D-2252-01	1	106024055	109497201	2314	-0.0031
TCGA-HT-7620-10A-01D-2252-01	1	109497282	109509386	20	0.4026
TCGA-HT-7620-10A-01D-2252-01	1	109509529	110220739	322	0.0271
TCGA-HT-7620-10A-01D-2252-01	1	110221727	110226487	10	-0.5137
TCGA-HT-7620-10A-01D-2252-01	1	110226743	110227515	6	0.3068
TCGA-HT-7620-10A-01D-2252-01	1	110232974	110240178	17	-1.2572
TCGA-HT-7620-10A-01D-2252-01	1	110242953	110244998	2	-0.2758
TCGA-HT-7620-10A-01D-2252-01	1	110246126	110256624	19	0.5508
TCGA-HT-7620-10A-01D-2252-01	1	110260742	112690326	1938	0.0093
TCGA-HT-7620-10A-01D-2252-01	1	112695965	112697012	18	-0.4187
TCGA-HT-7620-10A-01D-2252-01	1	112697174	152540158	8030	0.0146
TCGA-HT-7620-10A-01D-2252-01	1	152540282	152590494	56	0.374
TCGA-HT-7620-10A-01D-2252-01	1	152590565	153665610	830	0.0118
TCGA-HT-7620-10A-01D-2252-01	1	153672043	153678097	6	0.8647
TCGA-HT-7620-10A-01D-2252-01	1	153680016	158866573	2995	-0.0063
TCGA-HT-7620-10A-01D-2252-01	1	158868501	158869759	2	3.0726
TCGA-HT-7620-10A-01D-2252-01	1	158874818	158875543	3	-0.3286
TCGA-HT-7620-10A-01D-2252-01	1	158876474	158886778	8	0.623
TCGA-HT-7620-10A-01D-2252-01	1	158887208	160146173	834	-0.009
TCGA-HT-7620-10A-01D-2252-01	1	160146494	160146803	3	-1.2959
TCGA-HT-7620-10A-01D-2252-01	1	160146943	169216937	6875	-5e-04
TCGA-HT-7620-10A-01D-2252-01	1	169233974	169241766	7	-1.8625
TCGA-HT-7620-10A-01D-2252-01	1	169242401	174795938	3526	-0.0034
TCGA-HT-7620-10A-01D-2252-01	1	174796266	174801854	19	0.5059
TCGA-HT-7620-10A-01D-2252-01	1	174801872	175729585	701	0.0079
TCGA-HT-7620-10A-01D-2252-01	1	175729659	175760752	25	0.3575
TCGA-HT-7620-10A-01D-2252-01	1	175763022	179323738	2355	0.0034
TCGA-HT-7620-10A-01D-2252-01	1	179330528	179333315	4	-1.284
TCGA-HT-7620-10A-01D-2252-01	1	179339206	189648157	6835	0.0018
TCGA-HT-7620-10A-01D-2252-01	1	189648483	189648527	2	-1.909
TCGA-HT-7620-10A-01D-2252-01	1	189652047	194448234	3287	0.0015
TCGA-HT-7620-10A-01D-2252-01	1	194451411	194455018	2	3.2924
TCGA-HT-7620-10A-01D-2252-01	1	194457016	195828511	872	0.0336
TCGA-HT-7620-10A-01D-2252-01	1	195830332	195874907	41	-1.1029
TCGA-HT-7620-10A-01D-2252-01	1	195876060	196709760	538	0.0139
TCGA-HT-7620-10A-01D-2252-01	1	196711067	196789001	55	0.4643
TCGA-HT-7620-10A-01D-2252-01	1	196789044	199090061	1397	0.0123
TCGA-HT-7620-10A-01D-2252-01	1	199091139	199093876	5	-0.6971
TCGA-HT-7620-10A-01D-2252-01	1	199094550	199111363	22	-0.0016
TCGA-HT-7620-10A-01D-2252-01	1	199111426	199112471	5	-0.8922
TCGA-HT-7620-10A-01D-2252-01	1	199112524	220940469	15006	0.0028
TCGA-HT-7620-10A-01D-2252-01	1	220940873	220941444	2	-2.1693
TCGA-HT-7620-10A-01D-2252-01	1	220941918	226006098	3241	-0.0033
TCGA-HT-7620-10A-01D-2252-01	1	226007490	226064846	40	0.3447
TCGA-HT-7620-10A-01D-2252-01	1	226066690	228497470	1418	0.0026
TCGA-HT-7620-10A-01D-2252-01	1	228500181	228511700	6	0.8059
TCGA-HT-7620-10A-01D-2252-01	1	228512715	243055544	11023	0.0056
TCGA-HT-7620-10A-01D-2252-01	1	243055546	243062601	33	0.3654
TCGA-HT-7620-10A-01D-2252-01	1	243062627	249224388	3814	0.0124
TCGA-HT-7620-10A-01D-2252-01	10	72759	2741665	2101	0.03
TCGA-HT-7620-10A-01D-2252-01	10	2742172	2763733	32	0.3883
TCGA-HT-7620-10A-01D-2252-01	10	2765576	3044099	308	0.0721
TCGA-HT-7620-10A-01D-2252-01	10	3044831	3045615	4	-0.9246
TCGA-HT-7620-10A-01D-2252-01	10	3046852	7015814	3611	-0.0043
TCGA-HT-7620-10A-01D-2252-01	10	7015936	7016064	2	-1.5257
TCGA-HT-7620-10A-01D-2252-01	10	7016698	9791973	2309	-5e-04
TCGA-HT-7620-10A-01D-2252-01	10	9795231	9795833	3	-1.0519
TCGA-HT-7620-10A-01D-2252-01	10	9795916	15012535	4371	0.0044
TCGA-HT-7620-10A-01D-2252-01	10	15020417	15070145	20	0.4659
TCGA-HT-7620-10A-01D-2252-01	10	15070533	27680581	8765	0.004
TCGA-HT-7620-10A-01D-2252-01	10	27681526	27686156	14	0.5408
TCGA-HT-7620-10A-01D-2252-01	10	27688407	33103440	3959	-8e-04
TCGA-HT-7620-10A-01D-2252-01	10	33103931	33127703	10	-0.6508
TCGA-HT-7620-10A-01D-2252-01	10	33133595	44806054	5096	0.0089
TCGA-HT-7620-10A-01D-2252-01	10	44809197	44810629	6	-0.831
TCGA-HT-7620-10A-01D-2252-01	10	44811095	46148326	948	0.0075
TCGA-HT-7620-10A-01D-2252-01	10	46148407	46189527	10	0.4483
TCGA-HT-7620-10A-01D-2252-01	10	46206639	46256781	13	0.0879
TCGA-HT-7620-10A-01D-2252-01	10	46293619	46511281	6	1.2243
TCGA-HT-7620-10A-01D-2252-01	10	46527677	49731201	954	0.0922
TCGA-HT-7620-10A-01D-2252-01	10	49732975	49732988	2	-1.5182
TCGA-HT-7620-10A-01D-2252-01	10	49733261	67306276	12219	0.0098
TCGA-HT-7620-10A-01D-2252-01	10	67307923	67322795	29	0.8092
TCGA-HT-7620-10A-01D-2252-01	10	67322926	72424452	3481	0.0089
TCGA-HT-7620-10A-01D-2252-01	10	72425740	72543471	109	0.2928
TCGA-HT-7620-10A-01D-2252-01	10	72554382	78252851	3212	0.0062
TCGA-HT-7620-10A-01D-2252-01	10	78257061	78257610	2	1.7987
TCGA-HT-7620-10A-01D-2252-01	10	78261267	80689033	1987	2e-04
TCGA-HT-7620-10A-01D-2252-01	10	80689109	80732413	26	0.4274
TCGA-HT-7620-10A-01D-2252-01	10	80740272	90963395	7088	0.0099
TCGA-HT-7620-10A-01D-2252-01	10	90964395	90967431	15	-0.5634
TCGA-HT-7620-10A-01D-2252-01	10	90970627	123441192	21809	0.0029
TCGA-HT-7620-10A-01D-2252-01	10	123442720	123442999	12	0.5105
TCGA-HT-7620-10A-01D-2252-01	10	123443013	126854297	2427	0.0104
TCGA-HT-7620-10A-01D-2252-01	10	126856255	126857576	2	-1.4614
TCGA-HT-7620-10A-01D-2252-01	10	126862606	132703646	4596	0.0114
TCGA-HT-7620-10A-01D-2252-01	10	132705055	132706450	4	-1.0496
TCGA-HT-7620-10A-01D-2252-01	10	132709309	135229141	1413	0.0611
TCGA-HT-7620-10A-01D-2252-01	10	135229719	135229868	2	-2.8222
TCGA-HT-7620-10A-01D-2252-01	10	135232654	135506704	151	0.0684
TCGA-HT-7620-10A-01D-2252-01	11	198510	5788092	3308	0.0155
TCGA-HT-7620-10A-01D-2252-01	11	5789601	5809139	30	0.496
TCGA-HT-7620-10A-01D-2252-01	11	5809338	5836109	21	-0.0843
TCGA-HT-7620-10A-01D-2252-01	11	5836403	5836999	3	-1.2025
TCGA-HT-7620-10A-01D-2252-01	11	5837546	6029788	163	-0.0098
TCGA-HT-7620-10A-01D-2252-01	11	6030224	6122094	62	0.3092
TCGA-HT-7620-10A-01D-2252-01	11	6122503	8896255	2003	-0.0117
TCGA-HT-7620-10A-01D-2252-01	11	8899400	8899668	3	-1.109
TCGA-HT-7620-10A-01D-2252-01	11	8900394	18957733	7204	-0.0046
TCGA-HT-7620-10A-01D-2252-01	11	18958667	18960115	4	-0.8694
TCGA-HT-7620-10A-01D-2252-01	11	18960750	18961988	21	0.011
TCGA-HT-7620-10A-01D-2252-01	11	18962016	18970705	4	0.7131
TCGA-HT-7620-10A-01D-2252-01	11	18970748	21186995	2029	0.0013
TCGA-HT-7620-10A-01D-2252-01	11	21191016	21201992	25	0.3543
TCGA-HT-7620-10A-01D-2252-01	11	21202207	22471601	927	-0.0064
TCGA-HT-7620-10A-01D-2252-01	11	22471917	22472335	2	-1.6301
TCGA-HT-7620-10A-01D-2252-01	11	22472758	55374048	18869	0.0158
TCGA-HT-7620-10A-01D-2252-01	11	55374188	55429973	40	0.5603
TCGA-HT-7620-10A-01D-2252-01	11	55431064	65425490	5443	0.02
TCGA-HT-7620-10A-01D-2252-01	11	65429295	65458197	11	-0.3539
TCGA-HT-7620-10A-01D-2252-01	11	65460957	79967513	7864	0.0147
TCGA-HT-7620-10A-01D-2252-01	11	79967548	79967564	2	-3.4366
TCGA-HT-7620-10A-01D-2252-01	11	79967686	132824371	37537	0.0013
TCGA-HT-7620-10A-01D-2252-01	11	132824474	132831391	7	-0.5919
TCGA-HT-7620-10A-01D-2252-01	11	132831526	133056307	176	0.0656
TCGA-HT-7620-10A-01D-2252-01	11	133057966	133062408	10	-0.6703
TCGA-HT-7620-10A-01D-2252-01	11	133064782	134944770	1407	0.0505
TCGA-HT-7620-10A-01D-2252-01	12	150442	2246116	1268	0.0528
TCGA-HT-7620-10A-01D-2252-01	12	2247432	2257920	38	-0.6067
TCGA-HT-7620-10A-01D-2252-01	12	2258023	8317835	4233	0.012
TCGA-HT-7620-10A-01D-2252-01	12	8320899	8362716	13	0.5717
TCGA-HT-7620-10A-01D-2252-01	12	8364904	9630556	650	0.0068
TCGA-HT-7620-10A-01D-2252-01	12	9633870	9728292	25	-1.4735
TCGA-HT-7620-10A-01D-2252-01	12	9734969	10571475	632	-0.0253
TCGA-HT-7620-10A-01D-2252-01	12	10573000	10598802	10	-0.6156
TCGA-HT-7620-10A-01D-2252-01	12	10599481	11165643	363	-0.0232
TCGA-HT-7620-10A-01D-2252-01	12	11166635	11185548	18	0.3419
TCGA-HT-7620-10A-01D-2252-01	12	11185584	11219423	20	0.0469
TCGA-HT-7620-10A-01D-2252-01	12	11220724	11241532	12	0.7604
TCGA-HT-7620-10A-01D-2252-01	12	11251874	31269298	14201	-7e-04
TCGA-HT-7620-10A-01D-2252-01	12	31278031	31308761	15	-0.5328
TCGA-HT-7620-10A-01D-2252-01	12	31308803	33301520	1381	0.0144
TCGA-HT-7620-10A-01D-2252-01	12	33301534	33307078	22	-0.5581
TCGA-HT-7620-10A-01D-2252-01	12	33307374	34426711	685	0.0716
TCGA-HT-7620-10A-01D-2252-01	12	34427785	34550987	55	0.5066
TCGA-HT-7620-10A-01D-2252-01	12	34552585	34718921	36	0.1096
TCGA-HT-7620-10A-01D-2252-01	12	34730353	34760979	14	0.6428
TCGA-HT-7620-10A-01D-2252-01	12	34761268	34775885	3	-0.5283
TCGA-HT-7620-10A-01D-2252-01	12	34776386	38207042	102	0.1661
TCGA-HT-7620-10A-01D-2252-01	12	38219293	38219777	3	-1.0273
TCGA-HT-7620-10A-01D-2252-01	12	38268840	38381218	17	0.1413
TCGA-HT-7620-10A-01D-2252-01	12	38384100	38393660	6	-0.695
TCGA-HT-7620-10A-01D-2252-01	12	38424982	45899504	4708	0.0052
TCGA-HT-7620-10A-01D-2252-01	12	45899825	45909537	5	1.7827
TCGA-HT-7620-10A-01D-2252-01	12	45913292	52691103	3724	0.0065
TCGA-HT-7620-10A-01D-2252-01	12	52691324	52732289	40	0.3673
TCGA-HT-7620-10A-01D-2252-01	12	52732506	53420281	624	-0.0052
TCGA-HT-7620-10A-01D-2252-01	12	53421507	53471218	31	0.3659
TCGA-HT-7620-10A-01D-2252-01	12	53482169	63932963	6246	-0.0049
TCGA-HT-7620-10A-01D-2252-01	12	63939724	64128225	64	0.4612
TCGA-HT-7620-10A-01D-2252-01	12	64134805	96252833	20560	-0.0038
TCGA-HT-7620-10A-01D-2252-01	12	96253375	96254584	2	-1.7232
TCGA-HT-7620-10A-01D-2252-01	12	96254880	99795293	2479	-0.0026
TCGA-HT-7620-10A-01D-2252-01	12	99795468	99798062	23	0.5148
TCGA-HT-7620-10A-01D-2252-01	12	99798152	112121870	7894	0.0055
TCGA-HT-7620-10A-01D-2252-01	12	112123284	112123564	2	-1.8669
TCGA-HT-7620-10A-01D-2252-01	12	112125404	112190438	30	0.1622
TCGA-HT-7620-10A-01D-2252-01	12	112193487	112195338	2	1.7837
TCGA-HT-7620-10A-01D-2252-01	12	112197622	126991922	9776	0.0236
TCGA-HT-7620-10A-01D-2252-01	12	126993860	126994227	2	-1.3722
TCGA-HT-7620-10A-01D-2252-01	12	126994913	127371667	313	0.035
TCGA-HT-7620-10A-01D-2252-01	12	127373663	127373739	2	-2.6266
TCGA-HT-7620-10A-01D-2252-01	12	127375213	132120715	4178	0.0279
TCGA-HT-7620-10A-01D-2252-01	12	132132584	132133335	13	-2.1225
TCGA-HT-7620-10A-01D-2252-01	12	132142331	133778189	572	0.1336
TCGA-HT-7620-10A-01D-2252-01	13	19026949	23629187	2898	0.0213
TCGA-HT-7620-10A-01D-2252-01	13	23629210	23633515	13	-2.3446
TCGA-HT-7620-10A-01D-2252-01	13	23638195	24479941	647	-0.0073
TCGA-HT-7620-10A-01D-2252-01	13	24481926	24495912	12	-0.6994
TCGA-HT-7620-10A-01D-2252-01	13	24497118	30029818	4201	0.0031
TCGA-HT-7620-10A-01D-2252-01	13	30031562	30033228	2	-1.4383
TCGA-HT-7620-10A-01D-2252-01	13	30036193	31310989	929	-0.0042
TCGA-HT-7620-10A-01D-2252-01	13	31311112	31312178	5	-0.9023
TCGA-HT-7620-10A-01D-2252-01	13	31312508	38076267	4870	0.0055
TCGA-HT-7620-10A-01D-2252-01	13	38076287	38084732	10	0.6651
TCGA-HT-7620-10A-01D-2252-01	13	38084757	57763147	12555	0.0038
TCGA-HT-7620-10A-01D-2252-01	13	57763290	57778380	28	-0.6136
TCGA-HT-7620-10A-01D-2252-01	13	57789714	64224205	3807	0.0207
TCGA-HT-7620-10A-01D-2252-01	13	64224792	64236692	9	-0.9528
TCGA-HT-7620-10A-01D-2252-01	13	64239563	64307213	42	0.1401
TCGA-HT-7620-10A-01D-2252-01	13	64307261	64392255	52	0.5398
TCGA-HT-7620-10A-01D-2252-01	13	64394120	72804900	5381	0.0143
TCGA-HT-7620-10A-01D-2252-01	13	72808482	72810336	3	-1.2739
TCGA-HT-7620-10A-01D-2252-01	13	72813062	114782232	28738	0.005
TCGA-HT-7620-10A-01D-2252-01	13	114782481	114817588	8	0.766
TCGA-HT-7620-10A-01D-2252-01	13	114820990	115108397	137	0.0143
TCGA-HT-7620-10A-01D-2252-01	14	19002124	20201117	85	0.2254
TCGA-HT-7620-10A-01D-2252-01	14	20203466	20234516	15	-0.3882
TCGA-HT-7620-10A-01D-2252-01	14	20234586	20259950	8	0.2537
TCGA-HT-7620-10A-01D-2252-01	14	20259963	20422583	81	-0.4094
TCGA-HT-7620-10A-01D-2252-01	14	20423372	22840016	1752	-0.0215
TCGA-HT-7620-10A-01D-2252-01	14	22842517	22851141	8	-1.1453
TCGA-HT-7620-10A-01D-2252-01	14	22851242	47696260	15438	0.01
TCGA-HT-7620-10A-01D-2252-01	14	47707336	47716283	7	-1.2605
TCGA-HT-7620-10A-01D-2252-01	14	47716983	59183573	7545	-0.0065
TCGA-HT-7620-10A-01D-2252-01	14	59184536	59185143	3	-1.1951
TCGA-HT-7620-10A-01D-2252-01	14	59188098	68864311	5965	-0.0069
TCGA-HT-7620-10A-01D-2252-01	14	68864457	68871423	6	-1.4221
TCGA-HT-7620-10A-01D-2252-01	14	68871549	106342792	24216	0.0078
TCGA-HT-7620-10A-01D-2252-01	14	106342902	106448062	26	0.3572
TCGA-HT-7620-10A-01D-2252-01	14	106448080	106597423	65	-0.0227
TCGA-HT-7620-10A-01D-2252-01	14	106600147	106751284	69	0.2798
TCGA-HT-7620-10A-01D-2252-01	14	106753859	106753867	3	1.6343
TCGA-HT-7620-10A-01D-2252-01	14	106754003	106923081	109	0.3206
TCGA-HT-7620-10A-01D-2252-01	14	106927582	107285437	221	-0.0225
TCGA-HT-7620-10A-01D-2252-01	15	20016328	20206939	48	0.2343
TCGA-HT-7620-10A-01D-2252-01	15	20216955	20262236	5	-1.0614
TCGA-HT-7620-10A-01D-2252-01	15	20264286	24675133	1377	0.0621
TCGA-HT-7620-10A-01D-2252-01	15	24680392	24718173	36	-0.354
TCGA-HT-7620-10A-01D-2252-01	15	24718596	25417458	459	0.0475
TCGA-HT-7620-10A-01D-2252-01	15	25419992	25433912	11	0.714
TCGA-HT-7620-10A-01D-2252-01	15	25436068	34670527	5874	0.0131
TCGA-HT-7620-10A-01D-2252-01	15	34671002	34723576	16	0.5413
TCGA-HT-7620-10A-01D-2252-01	15	34727172	56787114	13746	5e-04
TCGA-HT-7620-10A-01D-2252-01	15	56787193	56800977	33	0.3317
TCGA-HT-7620-10A-01D-2252-01	15	56801623	57906706	682	-0.0166
TCGA-HT-7620-10A-01D-2252-01	15	57908316	57909186	2	-1.4124
TCGA-HT-7620-10A-01D-2252-01	15	57909539	61683961	2944	0
TCGA-HT-7620-10A-01D-2252-01	15	61684205	61697967	17	-0.7767
TCGA-HT-7620-10A-01D-2252-01	15	61697981	63171009	1163	-0.0123
TCGA-HT-7620-10A-01D-2252-01	15	63171589	63171840	4	-1.0251
TCGA-HT-7620-10A-01D-2252-01	15	63172467	76878362	7947	0.0011
TCGA-HT-7620-10A-01D-2252-01	15	76891241	76895775	22	1.1794
TCGA-HT-7620-10A-01D-2252-01	15	76902179	92765755	10243	0.0125
TCGA-HT-7620-10A-01D-2252-01	15	92765874	92766294	3	1.9145
TCGA-HT-7620-10A-01D-2252-01	15	92766758	102469040	7443	0.0068
TCGA-HT-7620-10A-01D-2252-01	16	60777	6827134	4153	0.0372
TCGA-HT-7620-10A-01D-2252-01	16	6827654	6827916	2	-1.6538
TCGA-HT-7620-10A-01D-2252-01	16	6828023	16090615	7462	0.0308
TCGA-HT-7620-10A-01D-2252-01	16	16095626	16096133	2	-2.4154
TCGA-HT-7620-10A-01D-2252-01	16	16098162	19944363	1914	0.0506
TCGA-HT-7620-10A-01D-2252-01	16	19945650	19970254	30	-0.7808
TCGA-HT-7620-10A-01D-2252-01	16	19970490	20628688	477	0.027
TCGA-HT-7620-10A-01D-2252-01	16	20629078	20633345	4	1.1094
TCGA-HT-7620-10A-01D-2252-01	16	20635985	24420539	2058	0.0426
TCGA-HT-7620-10A-01D-2252-01	16	24423490	24430066	3	1.1796
TCGA-HT-7620-10A-01D-2252-01	16	24430250	32012955	3976	0.0325
TCGA-HT-7620-10A-01D-2252-01	16	32013278	32588619	89	0.4742
TCGA-HT-7620-10A-01D-2252-01	16	32588621	32588909	7	1.4029
TCGA-HT-7620-10A-01D-2252-01	16	32609274	33835319	195	0.4901
TCGA-HT-7620-10A-01D-2252-01	16	33836801	34459709	184	0.1994
TCGA-HT-7620-10A-01D-2252-01	16	34466571	34768011	175	0.6756
TCGA-HT-7620-10A-01D-2252-01	16	34768247	55796575	6606	0.0066
TCGA-HT-7620-10A-01D-2252-01	16	55796594	55810021	12	1.4416
TCGA-HT-7620-10A-01D-2252-01	16	55810207	78371608	14442	0.0068
TCGA-HT-7620-10A-01D-2252-01	16	78372440	78384738	16	1.2733
TCGA-HT-7620-10A-01D-2252-01	16	78384765	84776071	7039	0.0056
TCGA-HT-7620-10A-01D-2252-01	16	84776178	84788328	13	-0.7688
TCGA-HT-7620-10A-01D-2252-01	16	84789909	89481274	3266	0.0283
TCGA-HT-7620-10A-01D-2252-01	16	89483899	89484179	4	0.7454
TCGA-HT-7620-10A-01D-2252-01	16	89490147	89560178	36	-0.1324
TCGA-HT-7620-10A-01D-2252-01	16	89560707	90287535	291	0.1669
TCGA-HT-7620-10A-01D-2252-01	17	526	425099	173	0.154
TCGA-HT-7620-10A-01D-2252-01	17	428071	430192	6	-0.7638
TCGA-HT-7620-10A-01D-2252-01	17	430502	537943	76	0.1668
TCGA-HT-7620-10A-01D-2252-01	17	559158	559601	3	1.4947
TCGA-HT-7620-10A-01D-2252-01	17	559784	7253001	3843	0.0294
TCGA-HT-7620-10A-01D-2252-01	17	7257185	7258027	3	1.1702
TCGA-HT-7620-10A-01D-2252-01	17	7265349	10857443	2292	0.0038
TCGA-HT-7620-10A-01D-2252-01	17	10861103	10862553	3	-1.0593
TCGA-HT-7620-10A-01D-2252-01	17	10864011	14197374	2584	0.0176
TCGA-HT-7620-10A-01D-2252-01	17	14208324	14209562	3	-1.1806
TCGA-HT-7620-10A-01D-2252-01	17	14210482	16722801	1540	0.02
TCGA-HT-7620-10A-01D-2252-01	17	16735532	16741784	6	1.025
TCGA-HT-7620-10A-01D-2252-01	17	16757147	18860763	1090	0.0146
TCGA-HT-7620-10A-01D-2252-01	17	18861310	19004063	35	0.358
TCGA-HT-7620-10A-01D-2252-01	17	19015652	19467899	180	-0.0061
TCGA-HT-7620-10A-01D-2252-01	17	19468012	19502198	23	0.397
TCGA-HT-7620-10A-01D-2252-01	17	19502258	34485091	6578	0.031
TCGA-HT-7620-10A-01D-2252-01	17	34528125	34543343	3	1.339
TCGA-HT-7620-10A-01D-2252-01	17	34586294	39421708	2540	0.0045
TCGA-HT-7620-10A-01D-2252-01	17	39423014	39423090	5	0.5888
TCGA-HT-7620-10A-01D-2252-01	17	39423103	39430450	18	1.7155
TCGA-HT-7620-10A-01D-2252-01	17	39430531	39515557	78	0.102
TCGA-HT-7620-10A-01D-2252-01	17	39517028	39520354	19	0.6114
TCGA-HT-7620-10A-01D-2252-01	17	39522222	44267702	2503	0.0353
TCGA-HT-7620-10A-01D-2252-01	17	44267863	44272000	4	-1.2746
TCGA-HT-7620-10A-01D-2252-01	17	44276383	44364170	34	0.193
TCGA-HT-7620-10A-01D-2252-01	17	44394412	44798498	65	0.483
TCGA-HT-7620-10A-01D-2252-01	17	44798717	49404102	2371	0.0153
TCGA-HT-7620-10A-01D-2252-01	17	49404387	49413378	5	0.8085
TCGA-HT-7620-10A-01D-2252-01	17	49414190	49491237	72	0.0306
TCGA-HT-7620-10A-01D-2252-01	17	49493090	49493197	2	-1.3572
TCGA-HT-7620-10A-01D-2252-01	17	49496239	51237830	1291	0.0164
TCGA-HT-7620-10A-01D-2252-01	17	51237941	51238481	3	-1.0425
TCGA-HT-7620-10A-01D-2252-01	17	51240370	64410796	7729	0.0046
TCGA-HT-7620-10A-01D-2252-01	17	64411414	64417142	9	-1.4967
TCGA-HT-7620-10A-01D-2252-01	17	64417246	64419745	4	-4.4936
TCGA-HT-7620-10A-01D-2252-01	17	64420325	64423204	4	-1.1593
TCGA-HT-7620-10A-01D-2252-01	17	64427863	71965714	5431	0.0166
TCGA-HT-7620-10A-01D-2252-01	17	71965954	71966531	3	-0.6328
TCGA-HT-7620-10A-01D-2252-01	17	71969117	78601416	3692	0.0419
TCGA-HT-7620-10A-01D-2252-01	17	78604201	78613507	13	0.8472
TCGA-HT-7620-10A-01D-2252-01	17	78614824	79390201	338	0.0342
TCGA-HT-7620-10A-01D-2252-01	17	79390213	79392672	9	0.5649
TCGA-HT-7620-10A-01D-2252-01	17	79392686	81049726	627	0.0249
TCGA-HT-7620-10A-01D-2252-01	18	11543	38258616	22847	0.0038
TCGA-HT-7620-10A-01D-2252-01	18	38258705	38265389	21	0.4961
TCGA-HT-7620-10A-01D-2252-01	18	38268024	38680257	283	0.0359
TCGA-HT-7620-10A-01D-2252-01	18	38680404	38680474	3	0.9759
TCGA-HT-7620-10A-01D-2252-01	18	38680519	63762300	17293	0.0026
TCGA-HT-7620-10A-01D-2252-01	18	63767140	63767288	2	-1.4807
TCGA-HT-7620-10A-01D-2252-01	18	63767922	64953271	769	0.0079
TCGA-HT-7620-10A-01D-2252-01	18	64953649	64972638	31	0.3842
TCGA-HT-7620-10A-01D-2252-01	18	64972656	78015057	9590	0.0043
TCGA-HT-7620-10A-01D-2252-01	19	90910	22424418	10048	0.0306
TCGA-HT-7620-10A-01D-2252-01	19	22425159	22428862	8	0.8133
TCGA-HT-7620-10A-01D-2252-01	19	22431837	24460818	1188	0.0688
TCGA-HT-7620-10A-01D-2252-01	19	24461420	24464137	6	-1.0267
TCGA-HT-7620-10A-01D-2252-01	19	24464844	28195027	88	0.215
TCGA-HT-7620-10A-01D-2252-01	19	28196220	29269681	799	0.0012
TCGA-HT-7620-10A-01D-2252-01	19	29277208	29282209	3	-0.968
TCGA-HT-7620-10A-01D-2252-01	19	29282427	31284806	1540	0.0067
TCGA-HT-7620-10A-01D-2252-01	19	31288118	31288540	2	-1.895
TCGA-HT-7620-10A-01D-2252-01	19	31290599	35658728	2975	-4e-04
TCGA-HT-7620-10A-01D-2252-01	19	35663774	35664043	6	0.8789
TCGA-HT-7620-10A-01D-2252-01	19	35666047	35849322	168	-0.0041
TCGA-HT-7620-10A-01D-2252-01	19	35849493	35861848	22	0.3921
TCGA-HT-7620-10A-01D-2252-01	19	35866744	36830311	442	0.0149
TCGA-HT-7620-10A-01D-2252-01	19	36845875	36847498	11	-0.5986
TCGA-HT-7620-10A-01D-2252-01	19	36847637	38410042	801	0.0244
TCGA-HT-7620-10A-01D-2252-01	19	38415814	38417384	2	-1.3175
TCGA-HT-7620-10A-01D-2252-01	19	38418205	43247525	2463	0.0073
TCGA-HT-7620-10A-01D-2252-01	19	43255217	43370656	44	0.5559
TCGA-HT-7620-10A-01D-2252-01	19	43374601	46876217	1838	0.0194
TCGA-HT-7620-10A-01D-2252-01	19	46876941	46877902	2	-1.7588
TCGA-HT-7620-10A-01D-2252-01	19	46881415	55298580	4580	0.047
TCGA-HT-7620-10A-01D-2252-01	19	55300069	55383051	49	-0.6129
TCGA-HT-7620-10A-01D-2252-01	19	55393722	56278050	425	0.0254
TCGA-HT-7620-10A-01D-2252-01	19	56282070	56283029	4	-1.8634
TCGA-HT-7620-10A-01D-2252-01	19	56283067	59097854	1850	0.0467
TCGA-HT-7620-10A-01D-2252-01	2	12784	3201417	2252	0.034
TCGA-HT-7620-10A-01D-2252-01	2	3202997	3270959	65	0.3593
TCGA-HT-7620-10A-01D-2252-01	2	3272829	3732546	256	-0.0214
TCGA-HT-7620-10A-01D-2252-01	2	3732587	3733273	3	-1.4233
TCGA-HT-7620-10A-01D-2252-01	2	3736538	7612962	3332	0.0066
TCGA-HT-7620-10A-01D-2252-01	2	7613356	7614263	3	-1.2017
TCGA-HT-7620-10A-01D-2252-01	2	7614707	33139360	16990	0.0091
TCGA-HT-7620-10A-01D-2252-01	2	33144085	33170801	20	-0.4667
TCGA-HT-7620-10A-01D-2252-01	2	33173552	33762963	467	0.0056
TCGA-HT-7620-10A-01D-2252-01	2	33765768	33768112	2	-2.1694
TCGA-HT-7620-10A-01D-2252-01	2	33770267	35967385	1656	0.0062
TCGA-HT-7620-10A-01D-2252-01	2	35968036	35997504	11	0.8119
TCGA-HT-7620-10A-01D-2252-01	2	36000419	52754881	12168	0.0055
TCGA-HT-7620-10A-01D-2252-01	2	52758753	52781295	25	-0.6792
TCGA-HT-7620-10A-01D-2252-01	2	52781326	89565217	22890	0.0063
TCGA-HT-7620-10A-01D-2252-01	2	89568468	91774023	200	0.5445
TCGA-HT-7620-10A-01D-2252-01	2	91778641	91790700	16	-0.0348
TCGA-HT-7620-10A-01D-2252-01	2	91790731	92283071	86	0.2477
TCGA-HT-7620-10A-01D-2252-01	2	92285930	106138125	5847	-7e-04
TCGA-HT-7620-10A-01D-2252-01	2	106138812	106139216	2	-1.9435
TCGA-HT-7620-10A-01D-2252-01	2	106140211	106874722	653	-0.0068
TCGA-HT-7620-10A-01D-2252-01	2	106880095	106885357	12	0.9578
TCGA-HT-7620-10A-01D-2252-01	2	106887255	121590687	8343	0.0062
TCGA-HT-7620-10A-01D-2252-01	2	121591268	121591475	2	-1.2268
TCGA-HT-7620-10A-01D-2252-01	2	121591708	126442223	3167	0.0242
TCGA-HT-7620-10A-01D-2252-01	2	126451651	126451913	2	-2.7588
TCGA-HT-7620-10A-01D-2252-01	2	126451932	205436787	47536	0.0037
TCGA-HT-7620-10A-01D-2252-01	2	205438485	205438767	2	-2.231
TCGA-HT-7620-10A-01D-2252-01	2	205439783	208354955	1948	-0.0111
TCGA-HT-7620-10A-01D-2252-01	2	208355178	208358754	12	-0.4899
TCGA-HT-7620-10A-01D-2252-01	2	208358949	208359336	4	-1.3044
TCGA-HT-7620-10A-01D-2252-01	2	208359476	208359796	4	-0.3153
TCGA-HT-7620-10A-01D-2252-01	2	208360146	208414975	38	0.1034
TCGA-HT-7620-10A-01D-2252-01	2	208418828	208419660	2	-0.5083
TCGA-HT-7620-10A-01D-2252-01	2	208422327	208424547	2	-1.3213
TCGA-HT-7620-10A-01D-2252-01	2	208425463	221566081	8410	0.0011
TCGA-HT-7620-10A-01D-2252-01	2	221570900	221571162	3	-1.327
TCGA-HT-7620-10A-01D-2252-01	2	221574105	227345873	3883	0.0051
TCGA-HT-7620-10A-01D-2252-01	2	227346034	227347799	3	-1.6171
TCGA-HT-7620-10A-01D-2252-01	2	227348073	243089456	9807	0.0033
TCGA-HT-7620-10A-01D-2252-01	20	61305	1552503	1185	0.0492
TCGA-HT-7620-10A-01D-2252-01	20	1557190	1568006	28	-0.7263
TCGA-HT-7620-10A-01D-2252-01	20	1568083	3838807	1616	0.0074
TCGA-HT-7620-10A-01D-2252-01	20	3842984	3873454	20	0.4659
TCGA-HT-7620-10A-01D-2252-01	20	3874008	26197899	17179	0.0047
TCGA-HT-7620-10A-01D-2252-01	20	26197931	26305491	44	0.3448
TCGA-HT-7620-10A-01D-2252-01	20	26305579	35035835	2545	0.0084
TCGA-HT-7620-10A-01D-2252-01	20	35037865	35058133	15	0.462
TCGA-HT-7620-10A-01D-2252-01	20	35059397	38034463	1842	0.0156
TCGA-HT-7620-10A-01D-2252-01	20	38038991	38042046	3	-1.3275
TCGA-HT-7620-10A-01D-2252-01	20	38046128	41224315	2380	0.028
TCGA-HT-7620-10A-01D-2252-01	20	41225020	41226314	2	-1.3195
TCGA-HT-7620-10A-01D-2252-01	20	41227592	41260538	47	0.078
TCGA-HT-7620-10A-01D-2252-01	20	41260658	41268334	17	0.5166
TCGA-HT-7620-10A-01D-2252-01	20	41268362	62385446	15369	0.0111
TCGA-HT-7620-10A-01D-2252-01	20	62385558	62388095	6	-0.6513
TCGA-HT-7620-10A-01D-2252-01	20	62396730	62856121	176	0.2463
TCGA-HT-7620-10A-01D-2252-01	20	62857534	62956153	47	-0.0551
TCGA-HT-7620-10A-01D-2252-01	21	10736871	15302350	466	0.2611
TCGA-HT-7620-10A-01D-2252-01	21	15302752	18424750	2134	1e-04
TCGA-HT-7620-10A-01D-2252-01	21	18425043	18426662	2	-1.5804
TCGA-HT-7620-10A-01D-2252-01	21	18430559	18821468	207	0.041
TCGA-HT-7620-10A-01D-2252-01	21	18821898	18839021	16	-0.4825
TCGA-HT-7620-10A-01D-2252-01	21	18843965	21306863	1870	0.0109
TCGA-HT-7620-10A-01D-2252-01	21	21307939	21344569	17	0.5061
TCGA-HT-7620-10A-01D-2252-01	21	21345779	43349716	16794	0.0046
TCGA-HT-7620-10A-01D-2252-01	21	43353610	43355463	4	-1.0804
TCGA-HT-7620-10A-01D-2252-01	21	43359169	44968053	1146	0.0306
TCGA-HT-7620-10A-01D-2252-01	21	44970873	44972812	2	1.7355
TCGA-HT-7620-10A-01D-2252-01	21	44973667	45583922	326	0.0023
TCGA-HT-7620-10A-01D-2252-01	21	45586002	45608685	9	-0.4807
TCGA-HT-7620-10A-01D-2252-01	21	45610369	45805408	97	0.0347
TCGA-HT-7620-10A-01D-2252-01	21	45808987	45868239	16	0.3806
TCGA-HT-7620-10A-01D-2252-01	21	45868352	46725024	536	-0.0397
TCGA-HT-7620-10A-01D-2252-01	21	46726038	46797024	31	0.2404
TCGA-HT-7620-10A-01D-2252-01	21	46797389	46821128	18	-0.2279
TCGA-HT-7620-10A-01D-2252-01	21	46821491	46950178	53	0.3205
TCGA-HT-7620-10A-01D-2252-01	21	46952750	47749657	433	0.0076
TCGA-HT-7620-10A-01D-2252-01	21	47754863	47755888	2	-1.4581
TCGA-HT-7620-10A-01D-2252-01	21	47757792	48096957	245	0.1614
TCGA-HT-7620-10A-01D-2252-01	22	16052528	17670224	499	0.1117
TCGA-HT-7620-10A-01D-2252-01	22	17670256	17671133	2	1.4449
TCGA-HT-7620-10A-01D-2252-01	22	17678642	24330218	4117	0.1265
TCGA-HT-7620-10A-01D-2252-01	22	24330269	24331967	2	-2.2292
TCGA-HT-7620-10A-01D-2252-01	22	24332625	24370430	14	0.3476
TCGA-HT-7620-10A-01D-2252-01	22	24371070	24385546	4	1.7052
TCGA-HT-7620-10A-01D-2252-01	22	24386631	24406386	15	0.4547
TCGA-HT-7620-10A-01D-2252-01	22	24406778	24793892	201	0.037
TCGA-HT-7620-10A-01D-2252-01	22	24798527	24852984	27	0.513
TCGA-HT-7620-10A-01D-2252-01	22	24855182	39290920	10596	0.0106
TCGA-HT-7620-10A-01D-2252-01	22	39295255	39300205	6	0.9687
TCGA-HT-7620-10A-01D-2252-01	22	39305921	51234455	8090	0.0333
TCGA-HT-7620-10A-01D-2252-01	3	60345	53031945	35815	0.0073
TCGA-HT-7620-10A-01D-2252-01	3	53032011	53033559	6	1.0523
TCGA-HT-7620-10A-01D-2252-01	3	53033650	60204763	5191	0.0074
TCGA-HT-7620-10A-01D-2252-01	3	60209622	60216250	14	-0.5052
TCGA-HT-7620-10A-01D-2252-01	3	60217897	68746164	6858	0.0101
TCGA-HT-7620-10A-01D-2252-01	3	68746259	68747413	14	-1.5582
TCGA-HT-7620-10A-01D-2252-01	3	68748758	84102222	9640	0.007
TCGA-HT-7620-10A-01D-2252-01	3	84105433	84106166	2	-3.0431
TCGA-HT-7620-10A-01D-2252-01	3	84110967	98937784	6314	0.0079
TCGA-HT-7620-10A-01D-2252-01	3	98944458	98949421	38	0.37
TCGA-HT-7620-10A-01D-2252-01	3	98950964	100342202	752	-0.0205
TCGA-HT-7620-10A-01D-2252-01	3	100350244	100350745	2	-1.1079
TCGA-HT-7620-10A-01D-2252-01	3	100351194	100789979	320	0.0019
TCGA-HT-7620-10A-01D-2252-01	3	100792256	100792285	2	-1.4477
TCGA-HT-7620-10A-01D-2252-01	3	100792347	102967549	1164	0.012
TCGA-HT-7620-10A-01D-2252-01	3	102967804	102969321	2	-1.3695
TCGA-HT-7620-10A-01D-2252-01	3	102972704	108746276	3709	0.0043
TCGA-HT-7620-10A-01D-2252-01	3	108751270	108755743	2	-1.8342
TCGA-HT-7620-10A-01D-2252-01	3	108756579	122031819	8139	0.0044
TCGA-HT-7620-10A-01D-2252-01	3	122032128	122032789	3	-1.1705
TCGA-HT-7620-10A-01D-2252-01	3	122032834	128391626	4023	0.0046
TCGA-HT-7620-10A-01D-2252-01	3	128391789	128414161	13	0.6577
TCGA-HT-7620-10A-01D-2252-01	3	128421166	129762859	624	0.0441
TCGA-HT-7620-10A-01D-2252-01	3	129763698	129806236	52	-0.9379
TCGA-HT-7620-10A-01D-2252-01	3	129806924	129808811	5	0.0134
TCGA-HT-7620-10A-01D-2252-01	3	129811213	129844552	15	0.5228
TCGA-HT-7620-10A-01D-2252-01	3	129848417	162534730	20292	0.0026
TCGA-HT-7620-10A-01D-2252-01	3	162536583	162540490	5	1.1378
TCGA-HT-7620-10A-01D-2252-01	3	162545716	186696444	14739	0.0135
TCGA-HT-7620-10A-01D-2252-01	3	186697823	186708804	5	-0.7731
TCGA-HT-7620-10A-01D-2252-01	3	186710618	187595294	672	-0.0034
TCGA-HT-7620-10A-01D-2252-01	3	187595378	187596829	26	0.3798
TCGA-HT-7620-10A-01D-2252-01	3	187596984	192877902	3810	0.0043
TCGA-HT-7620-10A-01D-2252-01	3	192877962	192882903	19	-0.5695
TCGA-HT-7620-10A-01D-2252-01	3	192886435	193573931	464	0.0077
TCGA-HT-7620-10A-01D-2252-01	3	193578961	193579657	3	-1.2371
TCGA-HT-7620-10A-01D-2252-01	3	193580386	194709026	757	0.0077
TCGA-HT-7620-10A-01D-2252-01	3	194710263	194715431	6	0.6629
TCGA-HT-7620-10A-01D-2252-01	3	194716087	195285664	255	0.0222
TCGA-HT-7620-10A-01D-2252-01	3	195285898	195446922	29	0.7095
TCGA-HT-7620-10A-01D-2252-01	3	195455508	195700482	100	-0.0163
TCGA-HT-7620-10A-01D-2252-01	3	195701115	195701328	3	1.3846
TCGA-HT-7620-10A-01D-2252-01	3	195709662	197896118	1088	0.0521
TCGA-HT-7620-10A-01D-2252-01	4	12281	1309762	555	0.126
TCGA-HT-7620-10A-01D-2252-01	4	1311976	1330035	10	0.6001
TCGA-HT-7620-10A-01D-2252-01	4	1334721	3463882	891	0.0053
TCGA-HT-7620-10A-01D-2252-01	4	3469443	3505448	15	0.5309
TCGA-HT-7620-10A-01D-2252-01	4	3505490	10210390	4333	0.0195
TCGA-HT-7620-10A-01D-2252-01	4	10223416	10231498	28	-1.7668
TCGA-HT-7620-10A-01D-2252-01	4	10234214	10236142	8	-0.2856
TCGA-HT-7620-10A-01D-2252-01	4	10238436	10273836	47	0.0777
TCGA-HT-7620-10A-01D-2252-01	4	10274125	10275982	6	-0.5394
TCGA-HT-7620-10A-01D-2252-01	4	10276352	10390715	117	0.0272
TCGA-HT-7620-10A-01D-2252-01	4	10392354	10402718	17	0.3649
TCGA-HT-7620-10A-01D-2252-01	4	10402746	12381087	1621	0.0071
TCGA-HT-7620-10A-01D-2252-01	4	12381535	12381717	7	0.7939
TCGA-HT-7620-10A-01D-2252-01	4	12383806	34779054	15182	0.0099
TCGA-HT-7620-10A-01D-2252-01	4	34786500	34831818	44	0.6758
TCGA-HT-7620-10A-01D-2252-01	4	34831867	35146222	199	0.0196
TCGA-HT-7620-10A-01D-2252-01	4	35147513	35150164	5	-1.0117
TCGA-HT-7620-10A-01D-2252-01	4	35156721	49089374	8765	0.0024
TCGA-HT-7620-10A-01D-2252-01	4	49093786	52685993	43	0.6663
TCGA-HT-7620-10A-01D-2252-01	4	52686044	60622017	5267	0.006
TCGA-HT-7620-10A-01D-2252-01	4	60622851	60630470	2	-1.4442
TCGA-HT-7620-10A-01D-2252-01	4	60630547	61327312	409	0.0099
TCGA-HT-7620-10A-01D-2252-01	4	61329994	61331617	2	1.3186
TCGA-HT-7620-10A-01D-2252-01	4	61335564	61936938	398	0.0206
TCGA-HT-7620-10A-01D-2252-01	4	61940935	61941952	2	-1.5771
TCGA-HT-7620-10A-01D-2252-01	4	61945686	70120699	4804	0.0193
TCGA-HT-7620-10A-01D-2252-01	4	70120893	70278449	82	0.3317
TCGA-HT-7620-10A-01D-2252-01	4	70280532	86643742	10184	-0.0044
TCGA-HT-7620-10A-01D-2252-01	4	86643857	86644102	3	1.0926
TCGA-HT-7620-10A-01D-2252-01	4	86644130	86975223	246	-0.0348
TCGA-HT-7620-10A-01D-2252-01	4	86976094	86982428	22	-0.7961
TCGA-HT-7620-10A-01D-2252-01	4	86982434	104745571	10577	0.0057
TCGA-HT-7620-10A-01D-2252-01	4	104751630	104753752	10	0.7306
TCGA-HT-7620-10A-01D-2252-01	4	104757844	108065761	1860	-0.009
TCGA-HT-7620-10A-01D-2252-01	4	108066135	108076023	32	0.4414
TCGA-HT-7620-10A-01D-2252-01	4	108076124	112306415	2569	-0.014
TCGA-HT-7620-10A-01D-2252-01	4	112307051	112309634	10	0.6417
TCGA-HT-7620-10A-01D-2252-01	4	112309669	115175323	1842	6e-04
TCGA-HT-7620-10A-01D-2252-01	4	115175344	115182175	22	-1.0375
TCGA-HT-7620-10A-01D-2252-01	4	115184229	130175749	8809	0.002
TCGA-HT-7620-10A-01D-2252-01	4	130176485	130178330	2	-2.18
TCGA-HT-7620-10A-01D-2252-01	4	130179574	137939297	4346	0.0212
TCGA-HT-7620-10A-01D-2252-01	4	137939370	137939926	6	0.8377
TCGA-HT-7620-10A-01D-2252-01	4	137939956	138182493	206	0.0047
TCGA-HT-7620-10A-01D-2252-01	4	138182543	138183527	20	0.4076
TCGA-HT-7620-10A-01D-2252-01	4	138183544	148665928	6478	0.0024
TCGA-HT-7620-10A-01D-2252-01	4	148670764	148672872	2	-1.2076
TCGA-HT-7620-10A-01D-2252-01	4	148674453	149619238	606	-0.0037
TCGA-HT-7620-10A-01D-2252-01	4	149619375	149619487	2	-1.5105
TCGA-HT-7620-10A-01D-2252-01	4	149621533	151879664	1216	0.0124
TCGA-HT-7620-10A-01D-2252-01	4	151879925	151884306	17	-0.633
TCGA-HT-7620-10A-01D-2252-01	4	151884310	152989600	654	-0.0023
TCGA-HT-7620-10A-01D-2252-01	4	152990286	152992741	5	-0.9365
TCGA-HT-7620-10A-01D-2252-01	4	152994130	161946759	5766	3e-04
TCGA-HT-7620-10A-01D-2252-01	4	161952228	162003266	43	0.6308
TCGA-HT-7620-10A-01D-2252-01	4	162006824	165648872	2362	0.0064
TCGA-HT-7620-10A-01D-2252-01	4	165649271	165649300	2	-1.3727
TCGA-HT-7620-10A-01D-2252-01	4	165649380	168806386	1896	7e-04
TCGA-HT-7620-10A-01D-2252-01	4	168806583	168992441	162	-0.7967
TCGA-HT-7620-10A-01D-2252-01	4	168993884	171268082	1464	-0.0092
TCGA-HT-7620-10A-01D-2252-01	4	171268094	171273158	6	-0.7593
TCGA-HT-7620-10A-01D-2252-01	4	171274014	172368531	684	-0.0038
TCGA-HT-7620-10A-01D-2252-01	4	172369346	172381465	17	0.6616
TCGA-HT-7620-10A-01D-2252-01	4	172381510	173422329	633	0.0184
TCGA-HT-7620-10A-01D-2252-01	4	173422341	173428643	9	1.012
TCGA-HT-7620-10A-01D-2252-01	4	173441132	189221258	10715	0.0098
TCGA-HT-7620-10A-01D-2252-01	4	189221360	189222813	5	1.2167
TCGA-HT-7620-10A-01D-2252-01	4	189223053	191027923	1175	0.0775
TCGA-HT-7620-10A-01D-2252-01	5	15532	625303	271	0.1136
TCGA-HT-7620-10A-01D-2252-01	5	625375	642996	10	-0.5987
TCGA-HT-7620-10A-01D-2252-01	5	643162	905701	103	0.2811
TCGA-HT-7620-10A-01D-2252-01	5	905872	1021219	56	-0.055
TCGA-HT-7620-10A-01D-2252-01	5	1039539	1282624	133	0.2644
TCGA-HT-7620-10A-01D-2252-01	5	1282651	5675901	3832	0.0141
TCGA-HT-7620-10A-01D-2252-01	5	5676447	5680745	27	0.3562
TCGA-HT-7620-10A-01D-2252-01	5	5680776	12785262	5791	-0.0025
TCGA-HT-7620-10A-01D-2252-01	5	12790869	12838533	18	0.8221
TCGA-HT-7620-10A-01D-2252-01	5	12849201	16517739	2521	0.0085
TCGA-HT-7620-10A-01D-2252-01	5	16520379	16522434	3	-1.2699
TCGA-HT-7620-10A-01D-2252-01	5	16524455	21376844	2969	0.0119
TCGA-HT-7620-10A-01D-2252-01	5	21377839	21377853	2	-1.6185
TCGA-HT-7620-10A-01D-2252-01	5	21386066	46271930	15086	0.0065
TCGA-HT-7620-10A-01D-2252-01	5	46272521	46273502	5	-2.4836
TCGA-HT-7620-10A-01D-2252-01	5	46278212	57329756	5090	7e-04
TCGA-HT-7620-10A-01D-2252-01	5	57329847	57332331	15	-0.4731
TCGA-HT-7620-10A-01D-2252-01	5	57332397	68824217	7311	0.0036
TCGA-HT-7620-10A-01D-2252-01	5	68825001	70391253	30	0.5654
TCGA-HT-7620-10A-01D-2252-01	5	70654072	75837834	3472	0.007
TCGA-HT-7620-10A-01D-2252-01	5	75839018	75839124	3	-1.1294
TCGA-HT-7620-10A-01D-2252-01	5	75839350	95225139	11020	0.0025
TCGA-HT-7620-10A-01D-2252-01	5	95225326	95236467	10	-0.7831
TCGA-HT-7620-10A-01D-2252-01	5	95237185	140218722	28309	0.0035
TCGA-HT-7620-10A-01D-2252-01	5	140223836	140231839	10	-0.7308
TCGA-HT-7620-10A-01D-2252-01	5	140241027	173205058	22661	0.0091
TCGA-HT-7620-10A-01D-2252-01	5	173205225	173206216	6	-0.8502
TCGA-HT-7620-10A-01D-2252-01	5	173206371	180374484	4222	0.0097
TCGA-HT-7620-10A-01D-2252-01	5	180374523	180418103	20	-0.578
TCGA-HT-7620-10A-01D-2252-01	5	180433225	180790320	171	0.1418
TCGA-HT-7620-10A-01D-2252-01	6	149661	254283	101	0.1147
TCGA-HT-7620-10A-01D-2252-01	6	257353	365138	91	0.509
TCGA-HT-7620-10A-01D-2252-01	6	365720	17100858	13237	0.0058
TCGA-HT-7620-10A-01D-2252-01	6	17101664	17102858	3	-1.773
TCGA-HT-7620-10A-01D-2252-01	6	17102997	26773509	6883	0.0114
TCGA-HT-7620-10A-01D-2252-01	6	26783667	26861038	30	0.3655
TCGA-HT-7620-10A-01D-2252-01	6	26896974	29837072	1407	-0.0075
TCGA-HT-7620-10A-01D-2252-01	6	29837187	29850380	20	1.1918
TCGA-HT-7620-10A-01D-2252-01	6	29871636	29874808	4	-0.0358
TCGA-HT-7620-10A-01D-2252-01	6	29876959	29898897	8	-0.9227
TCGA-HT-7620-10A-01D-2252-01	6	29899677	31277686	656	2e-04
TCGA-HT-7620-10A-01D-2252-01	6	31280823	31296451	12	0.8153
TCGA-HT-7620-10A-01D-2252-01	6	31309924	32690027	620	0.0611
TCGA-HT-7620-10A-01D-2252-01	6	32690797	32690830	3	1.9983
TCGA-HT-7620-10A-01D-2252-01	6	32692227	34804299	1224	-0.0127
TCGA-HT-7620-10A-01D-2252-01	6	34807309	34865033	29	0.4195
TCGA-HT-7620-10A-01D-2252-01	6	34867347	35507179	336	0.0332
TCGA-HT-7620-10A-01D-2252-01	6	35507353	35507625	3	-1.1169
TCGA-HT-7620-10A-01D-2252-01	6	35508060	53931275	12116	0.0082
TCGA-HT-7620-10A-01D-2252-01	6	53931380	53931855	4	-1.4364
TCGA-HT-7620-10A-01D-2252-01	6	53935348	58376136	2395	0.0094
TCGA-HT-7620-10A-01D-2252-01	6	58376400	58376897	2	-2.3023
TCGA-HT-7620-10A-01D-2252-01	6	58377538	65336942	1962	0.0347
TCGA-HT-7620-10A-01D-2252-01	6	65347544	65348992	2	-2.7605
TCGA-HT-7620-10A-01D-2252-01	6	65350776	67004973	1104	0.0166
TCGA-HT-7620-10A-01D-2252-01	6	67008262	67048629	57	-0.689
TCGA-HT-7620-10A-01D-2252-01	6	67049406	77027781	6521	0.0121
TCGA-HT-7620-10A-01D-2252-01	6	77032953	77033189	2	1.433
TCGA-HT-7620-10A-01D-2252-01	6	77033209	77440048	265	0.0301
TCGA-HT-7620-10A-01D-2252-01	6	77440094	77452757	19	0.4979
TCGA-HT-7620-10A-01D-2252-01	6	77461073	77482176	32	-0.0424
TCGA-HT-7620-10A-01D-2252-01	6	77482314	77482786	3	0.5979
TCGA-HT-7620-10A-01D-2252-01	6	77487727	77500175	11	-0.0815
TCGA-HT-7620-10A-01D-2252-01	6	77500526	77501580	7	-0.7808
TCGA-HT-7620-10A-01D-2252-01	6	77504465	78962050	919	0.0127
TCGA-HT-7620-10A-01D-2252-01	6	78962064	79026972	109	0.3637
TCGA-HT-7620-10A-01D-2252-01	6	79027128	103734829	15507	0.0026
TCGA-HT-7620-10A-01D-2252-01	6	103737976	103765470	47	0.956
TCGA-HT-7620-10A-01D-2252-01	6	103765670	128825271	15338	-0.001
TCGA-HT-7620-10A-01D-2252-01	6	128828268	128829399	6	-1.0471
TCGA-HT-7620-10A-01D-2252-01	6	128830303	134266268	3755	-0.0051
TCGA-HT-7620-10A-01D-2252-01	6	134269071	134269632	2	-1.919
TCGA-HT-7620-10A-01D-2252-01	6	134272072	144441243	6589	-0.0063
TCGA-HT-7620-10A-01D-2252-01	6	144443957	144444375	2	1.4462
TCGA-HT-7620-10A-01D-2252-01	6	144446518	160637192	10981	5e-04
TCGA-HT-7620-10A-01D-2252-01	6	160637239	160642528	2	-1.4939
TCGA-HT-7620-10A-01D-2252-01	6	160643328	161032565	319	0.0061
TCGA-HT-7620-10A-01D-2252-01	6	161032719	161033283	5	1.1032
TCGA-HT-7620-10A-01D-2252-01	6	161068042	171051005	7268	0.0154
TCGA-HT-7620-10A-01D-2252-01	7	43355	4531877	2410	0.0373
TCGA-HT-7620-10A-01D-2252-01	7	4534797	4540435	2	-1.5969
TCGA-HT-7620-10A-01D-2252-01	7	4540687	5948828	664	0.0295
TCGA-HT-7620-10A-01D-2252-01	7	5950828	6038901	16	0.5056
TCGA-HT-7620-10A-01D-2252-01	7	6039080	6830936	343	-0.0048
TCGA-HT-7620-10A-01D-2252-01	7	6833877	7040907	67	0.3192
TCGA-HT-7620-10A-01D-2252-01	7	7041718	23050506	13076	-0.0045
TCGA-HT-7620-10A-01D-2252-01	7	23053948	23054005	2	-1.5794
TCGA-HT-7620-10A-01D-2252-01	7	23055165	33914209	7763	-0.0031
TCGA-HT-7620-10A-01D-2252-01	7	33918870	33919416	2	-1.457
TCGA-HT-7620-10A-01D-2252-01	7	33920134	38331340	3159	0.002
TCGA-HT-7620-10A-01D-2252-01	7	38331413	38332030	7	0.8294
TCGA-HT-7620-10A-01D-2252-01	7	38332164	45549254	4615	-0.0088
TCGA-HT-7620-10A-01D-2252-01	7	45550962	45551861	2	-1.4186
TCGA-HT-7620-10A-01D-2252-01	7	45552381	64509365	9597	0.0288
TCGA-HT-7620-10A-01D-2252-01	7	64510663	64692186	37	0.3308
TCGA-HT-7620-10A-01D-2252-01	7	64692326	70420438	3134	0.0328
TCGA-HT-7620-10A-01D-2252-01	7	70423250	70426141	2	-2.6433
TCGA-HT-7620-10A-01D-2252-01	7	70428243	72425556	1206	0.0365
TCGA-HT-7620-10A-01D-2252-01	7	72430577	72458513	11	0.5638
TCGA-HT-7620-10A-01D-2252-01	7	72458587	76137375	969	0.0117
TCGA-HT-7620-10A-01D-2252-01	7	76143625	76332011	93	0.2549
TCGA-HT-7620-10A-01D-2252-01	7	76338702	97395509	13594	0.0058
TCGA-HT-7620-10A-01D-2252-01	7	97401932	97402475	8	-0.809
TCGA-HT-7620-10A-01D-2252-01	7	97404240	100317465	1284	0.0282
TCGA-HT-7620-10A-01D-2252-01	7	100321138	100332842	6	0.8933
TCGA-HT-7620-10A-01D-2252-01	7	100351005	125546379	15076	0.0026
TCGA-HT-7620-10A-01D-2252-01	7	125549528	125564934	3	-1.1814
TCGA-HT-7620-10A-01D-2252-01	7	125566226	126044974	343	0.0152
TCGA-HT-7620-10A-01D-2252-01	7	126045482	126046615	12	0.9375
TCGA-HT-7620-10A-01D-2252-01	7	126046876	141769691	9948	0.0143
TCGA-HT-7620-10A-01D-2252-01	7	141770060	141805542	45	-0.4188
TCGA-HT-7620-10A-01D-2252-01	7	141807886	142474939	445	-0.0216
TCGA-HT-7620-10A-01D-2252-01	7	142476719	142486345	29	0.7945
TCGA-HT-7620-10A-01D-2252-01	7	142486495	143226899	472	-0.0017
TCGA-HT-7620-10A-01D-2252-01	7	143227096	143307728	22	0.5377
TCGA-HT-7620-10A-01D-2252-01	7	143307749	143431034	23	0.0517
TCGA-HT-7620-10A-01D-2252-01	7	143444216	143530969	38	0.5218
TCGA-HT-7620-10A-01D-2252-01	7	143532868	143938313	293	0.0053
TCGA-HT-7620-10A-01D-2252-01	7	143946878	144014189	20	0.5477
TCGA-HT-7620-10A-01D-2252-01	7	144014228	159127004	9713	0.0262
TCGA-HT-7620-10A-01D-2252-01	8	31254	593041	327	0.0322
TCGA-HT-7620-10A-01D-2252-01	8	594944	595908	10	1.6863
TCGA-HT-7620-10A-01D-2252-01	8	601043	1134511	350	0.0134
TCGA-HT-7620-10A-01D-2252-01	8	1137085	1157707	28	0.3698
TCGA-HT-7620-10A-01D-2252-01	8	1159829	1360662	160	0.0412
TCGA-HT-7620-10A-01D-2252-01	8	1360686	1362389	13	0.5767
TCGA-HT-7620-10A-01D-2252-01	8	1362478	3564618	2217	9e-04
TCGA-HT-7620-10A-01D-2252-01	8	3564653	3565121	11	0.6064
TCGA-HT-7620-10A-01D-2252-01	8	3565900	3676996	179	-0.0723
TCGA-HT-7620-10A-01D-2252-01	8	3677479	3678034	8	-0.7753
TCGA-HT-7620-10A-01D-2252-01	8	3679504	3758472	100	-0.0286
TCGA-HT-7620-10A-01D-2252-01	8	3758932	3759339	4	0.8098
TCGA-HT-7620-10A-01D-2252-01	8	3759440	3787538	38	0.0821
TCGA-HT-7620-10A-01D-2252-01	8	3787653	3787716	5	0.958
TCGA-HT-7620-10A-01D-2252-01	8	3788103	3897831	170	-0.0027
TCGA-HT-7620-10A-01D-2252-01	8	3898221	3904730	15	-0.3202
TCGA-HT-7620-10A-01D-2252-01	8	3904874	4003943	176	0.1067
TCGA-HT-7620-10A-01D-2252-01	8	4003962	4010007	21	0.4873
TCGA-HT-7620-10A-01D-2252-01	8	4011230	6826762	3896	-0.0139
TCGA-HT-7620-10A-01D-2252-01	8	6827001	6827165	4	-1.2386
TCGA-HT-7620-10A-01D-2252-01	8	6827186	6921690	59	-0.0751
TCGA-HT-7620-10A-01D-2252-01	8	6921877	8108906	295	0.2901
TCGA-HT-7620-10A-01D-2252-01	8	8109936	10176177	1857	-0.005
TCGA-HT-7620-10A-01D-2252-01	8	10177030	10178537	2	1.65
TCGA-HT-7620-10A-01D-2252-01	8	10181406	12216848	1373	0.0261
TCGA-HT-7620-10A-01D-2252-01	8	12232281	12277278	51	0.5764
TCGA-HT-7620-10A-01D-2252-01	8	12281121	12554743	81	0.2781
TCGA-HT-7620-10A-01D-2252-01	8	12556042	13470249	867	-0.0206
TCGA-HT-7620-10A-01D-2252-01	8	13470705	13485921	21	-0.4365
TCGA-HT-7620-10A-01D-2252-01	8	13486906	24972187	9510	0.0053
TCGA-HT-7620-10A-01D-2252-01	8	24974443	24984333	27	0.8083
TCGA-HT-7620-10A-01D-2252-01	8	24991104	38314521	8561	0.0056
TCGA-HT-7620-10A-01D-2252-01	8	38316938	38317067	3	0.9936
TCGA-HT-7620-10A-01D-2252-01	8	38317082	38317317	7	0.3417
TCGA-HT-7620-10A-01D-2252-01	8	38317375	38317918	5	0.675
TCGA-HT-7620-10A-01D-2252-01	8	38318001	39230659	465	0.0038
TCGA-HT-7620-10A-01D-2252-01	8	39235603	39386965	59	0.9003
TCGA-HT-7620-10A-01D-2252-01	8	39388299	43161932	2440	0.0034
TCGA-HT-7620-10A-01D-2252-01	8	43169007	43212741	17	0.4553
TCGA-HT-7620-10A-01D-2252-01	8	43214926	43778914	131	-0.0082
TCGA-HT-7620-10A-01D-2252-01	8	43780295	47179314	89	0.358
TCGA-HT-7620-10A-01D-2252-01	8	47183281	59316094	7434	0.0101
TCGA-HT-7620-10A-01D-2252-01	8	59318229	59318662	4	-1.1514
TCGA-HT-7620-10A-01D-2252-01	8	59319187	95557552	21660	-0.0021
TCGA-HT-7620-10A-01D-2252-01	8	95557602	95557992	6	1.141
TCGA-HT-7620-10A-01D-2252-01	8	95558115	102394229	4201	0.0052
TCGA-HT-7620-10A-01D-2252-01	8	102398309	102399389	19	0.5362
TCGA-HT-7620-10A-01D-2252-01	8	102399667	107217221	2980	-0.0059
TCGA-HT-7620-10A-01D-2252-01	8	107218619	107218721	2	-1.3917
TCGA-HT-7620-10A-01D-2252-01	8	107219180	112294466	3090	0.001
TCGA-HT-7620-10A-01D-2252-01	8	112294646	112295202	5	0.8896
TCGA-HT-7620-10A-01D-2252-01	8	112295245	115634554	1833	0.0132
TCGA-HT-7620-10A-01D-2252-01	8	115634653	115638395	13	-0.8044
TCGA-HT-7620-10A-01D-2252-01	8	115638467	134167681	13058	0.0041
TCGA-HT-7620-10A-01D-2252-01	8	134168550	134183099	50	0.3243
TCGA-HT-7620-10A-01D-2252-01	8	134185024	144299106	7343	0.0381
TCGA-HT-7620-10A-01D-2252-01	8	144299158	144299405	4	1.0467
TCGA-HT-7620-10A-01D-2252-01	8	144304632	144699157	129	-0.0149
TCGA-HT-7620-10A-01D-2252-01	8	144705157	144707808	9	-0.7674
TCGA-HT-7620-10A-01D-2252-01	8	144718989	144728998	7	0.4361
TCGA-HT-7620-10A-01D-2252-01	8	144729639	145232496	141	0.0098
TCGA-HT-7620-10A-01D-2252-01	8	145237445	146298155	358	0.1999
TCGA-HT-7620-10A-01D-2252-01	9	46587	11837596	11169	0.0023
TCGA-HT-7620-10A-01D-2252-01	9	11837690	11839399	3	-1.6578
TCGA-HT-7620-10A-01D-2252-01	9	11839805	22487464	8716	0.006
TCGA-HT-7620-10A-01D-2252-01	9	22487549	22492889	4	0.386
TCGA-HT-7620-10A-01D-2252-01	9	22501913	22502699	2	-3.7683
TCGA-HT-7620-10A-01D-2252-01	9	22509340	43663163	11536	0.0128
TCGA-HT-7620-10A-01D-2252-01	9	43666330	43747253	12	-0.852
TCGA-HT-7620-10A-01D-2252-01	9	43757346	43790346	6	-0.3472
TCGA-HT-7620-10A-01D-2252-01	9	43800186	44243434	30	0.253
TCGA-HT-7620-10A-01D-2252-01	9	44244880	44469328	19	-0.2853
TCGA-HT-7620-10A-01D-2252-01	9	44629223	44855737	37	-0.795
TCGA-HT-7620-10A-01D-2252-01	9	44866028	46388030	81	0.2609
TCGA-HT-7620-10A-01D-2252-01	9	46388197	47217176	14	0.826
TCGA-HT-7620-10A-01D-2252-01	9	65616971	69812510	220	0.2571
TCGA-HT-7620-10A-01D-2252-01	9	69822310	93605818	16351	3e-04
TCGA-HT-7620-10A-01D-2252-01	9	93606831	93652304	60	0.3388
TCGA-HT-7620-10A-01D-2252-01	9	93654090	141091394	31709	0.0057
TCGA-HT-7620-10A-01D-2252-01	X	168477	155182354	84392	0.0212
TCGA-HT-7620-10A-01D-2252-01	Y	2650438	59018259	8633	-0.8196
