barcode	chromosome	start	stop	num.mark	seg.mean
TCGA-DU-6395-10A-01D-1704-01	1	51598	88451	16	-0.6186
TCGA-DU-6395-10A-01D-1704-01	1	88465	16884777	8762	0.0188
TCGA-DU-6395-10A-01D-1704-01	1	16884813	17134834	114	-0.2872
TCGA-DU-6395-10A-01D-1704-01	1	17148828	23325329	4080	0.0235
TCGA-DU-6395-10A-01D-1704-01	1	23325813	23325826	2	-1.1471
TCGA-DU-6395-10A-01D-1704-01	1	23328877	30504109	3614	0.0281
TCGA-DU-6395-10A-01D-1704-01	1	30504164	30512383	12	-0.5306
TCGA-DU-6395-10A-01D-1704-01	1	30514083	33998371	1883	0.026
TCGA-DU-6395-10A-01D-1704-01	1	33999872	34001717	2	-1.3933
TCGA-DU-6395-10A-01D-1704-01	1	34003804	34864261	676	0.0137
TCGA-DU-6395-10A-01D-1704-01	1	34875241	34877078	20	-0.5766
TCGA-DU-6395-10A-01D-1704-01	1	34886855	54865879	11046	0.0169
TCGA-DU-6395-10A-01D-1704-01	1	54866977	54869038	2	-1.1693
TCGA-DU-6395-10A-01D-1704-01	1	54873453	72541504	12737	-0.005
TCGA-DU-6395-10A-01D-1704-01	1	72541524	72583736	45	1.0912
TCGA-DU-6395-10A-01D-1704-01	1	72584492	86545634	9191	0.011
TCGA-DU-6395-10A-01D-1704-01	1	86549410	86550854	2	-1.2339
TCGA-DU-6395-10A-01D-1704-01	1	86552670	105293655	11570	0.0043
TCGA-DU-6395-10A-01D-1704-01	1	105300544	105302045	2	-1.0454
TCGA-DU-6395-10A-01D-1704-01	1	105306545	105820728	288	0.0327
TCGA-DU-6395-10A-01D-1704-01	1	105820759	105825593	18	-0.3032
TCGA-DU-6395-10A-01D-1704-01	1	105825613	108531282	1940	0.0173
TCGA-DU-6395-10A-01D-1704-01	1	108535758	108540627	4	-0.6643
TCGA-DU-6395-10A-01D-1704-01	1	108540694	110025950	711	0.0204
TCGA-DU-6395-10A-01D-1704-01	1	110027165	110044476	31	-0.449
TCGA-DU-6395-10A-01D-1704-01	1	110046521	151029602	10246	0.0191
TCGA-DU-6395-10A-01D-1704-01	1	151029614	151035324	20	-0.2907
TCGA-DU-6395-10A-01D-1704-01	1	151040529	167500598	11348	0.0052
TCGA-DU-6395-10A-01D-1704-01	1	167501153	167508390	5	-2.0086
TCGA-DU-6395-10A-01D-1704-01	1	167509025	195005391	18210	0.0142
TCGA-DU-6395-10A-01D-1704-01	1	195005405	195082414	89	0.2634
TCGA-DU-6395-10A-01D-1704-01	1	195083353	225491924	20507	-9e-04
TCGA-DU-6395-10A-01D-1704-01	1	225492695	225493029	3	-1.187
TCGA-DU-6395-10A-01D-1704-01	1	225495801	241110930	11587	0.0062
TCGA-DU-6395-10A-01D-1704-01	1	241111593	241202220	80	0.2461
TCGA-DU-6395-10A-01D-1704-01	1	241202951	243609981	1470	0.0119
TCGA-DU-6395-10A-01D-1704-01	1	243611632	243611767	2	-1.9173
TCGA-DU-6395-10A-01D-1704-01	1	243613021	247191011	2308	0.0187
TCGA-DU-6395-10A-01D-1704-01	10	62759	8175165	6972	-8e-04
TCGA-DU-6395-10A-01D-1704-01	10	8175962	8178937	8	-0.7192
TCGA-DU-6395-10A-01D-1704-01	10	8182018	17967560	7909	0.008
TCGA-DU-6395-10A-01D-1704-01	10	17978214	17989863	2	-1.44
TCGA-DU-6395-10A-01D-1704-01	10	18011822	27262051	6356	0.0119
TCGA-DU-6395-10A-01D-1704-01	10	27262326	27268479	15	0.4426
TCGA-DU-6395-10A-01D-1704-01	10	27269999	42519607	8205	0.0055
TCGA-DU-6395-10A-01D-1704-01	10	42522241	42566814	36	0.5066
TCGA-DU-6395-10A-01D-1704-01	10	42571710	105381715	39788	0.0071
TCGA-DU-6395-10A-01D-1704-01	10	105382359	105384244	2	-2.3213
TCGA-DU-6395-10A-01D-1704-01	10	105384286	135284541	21794	-0.0153
TCGA-DU-6395-10A-01D-1704-01	10	135299347	135356694	5	-0.7783
TCGA-DU-6395-10A-01D-1704-01	11	188510	4195630	1792	0.0049
TCGA-DU-6395-10A-01D-1704-01	11	4206589	4292454	26	-0.3894
TCGA-DU-6395-10A-01D-1704-01	11	4292643	4919328	643	0.0054
TCGA-DU-6395-10A-01D-1704-01	11	4919509	4923637	12	0.3199
TCGA-DU-6395-10A-01D-1704-01	11	4923679	4932281	35	-0.2716
TCGA-DU-6395-10A-01D-1704-01	11	4932833	5743981	800	0.0093
TCGA-DU-6395-10A-01D-1704-01	11	5744656	5765715	32	-0.5038
TCGA-DU-6395-10A-01D-1704-01	11	5765914	6072681	243	0.0186
TCGA-DU-6395-10A-01D-1704-01	11	6073419	6078670	5	-1.2572
TCGA-DU-6395-10A-01D-1704-01	11	6079079	18897446	9180	-0.0036
TCGA-DU-6395-10A-01D-1704-01	11	18905648	18918564	57	0.52
TCGA-DU-6395-10A-01D-1704-01	11	18918592	55133087	21859	0.0071
TCGA-DU-6395-10A-01D-1704-01	11	55133210	55209585	49	0.4821
TCGA-DU-6395-10A-01D-1704-01	11	55210152	116186218	38913	0.0095
TCGA-DU-6395-10A-01D-1704-01	11	116188704	116189977	4	-0.8444
TCGA-DU-6395-10A-01D-1704-01	11	116195788	134449982	13504	-0.0272
TCGA-DU-6395-10A-01D-1704-01	12	20703	33271233	22955	0.0075
TCGA-DU-6395-10A-01D-1704-01	12	33277097	33286409	6	-0.4523
TCGA-DU-6395-10A-01D-1704-01	12	33286685	36273993	796	0.0483
TCGA-DU-6395-10A-01D-1704-01	12	36298834	36300285	2	-1.4537
TCGA-DU-6395-10A-01D-1704-01	12	36320625	73407585	22588	0.0046
TCGA-DU-6395-10A-01D-1704-01	12	73408264	73408583	2	-3.0649
TCGA-DU-6395-10A-01D-1704-01	12	73409005	108239307	22701	0.0064
TCGA-DU-6395-10A-01D-1704-01	12	108245535	108246238	2	-0.8796
TCGA-DU-6395-10A-01D-1704-01	12	108246411	116013909	5156	-0.0164
TCGA-DU-6395-10A-01D-1704-01	12	116017604	116019493	4	0.7033
TCGA-DU-6395-10A-01D-1704-01	12	116023869	123420856	4149	-0.0092
TCGA-DU-6395-10A-01D-1704-01	12	123421229	123421328	2	-3.2503
TCGA-DU-6395-10A-01D-1704-01	12	123421415	132288262	6737	-0.0065
TCGA-DU-6395-10A-01D-1704-01	13	17924949	36969135	13561	0.0025
TCGA-DU-6395-10A-01D-1704-01	13	36970036	36982757	16	0.6509
TCGA-DU-6395-10A-01D-1704-01	13	36986330	56656271	12546	0.0068
TCGA-DU-6395-10A-01D-1704-01	13	56656290	56676381	33	-0.5553
TCGA-DU-6395-10A-01D-1704-01	13	56687715	61093517	2708	0.0186
TCGA-DU-6395-10A-01D-1704-01	13	61099298	61102247	3	-0.795
TCGA-DU-6395-10A-01D-1704-01	13	61105529	114126499	35449	0.0079
TCGA-DU-6395-10A-01D-1704-01	14	18072124	18452209	24	-0.0057
TCGA-DU-6395-10A-01D-1704-01	14	18452344	18853861	31	0.5894
TCGA-DU-6395-10A-01D-1704-01	14	18854152	19273725	32	0.1789
TCGA-DU-6395-10A-01D-1704-01	14	19273738	19495349	105	0.5179
TCGA-DU-6395-10A-01D-1704-01	14	19495700	39678679	12927	0.0152
TCGA-DU-6395-10A-01D-1704-01	14	39683673	39686670	2	1.1295
TCGA-DU-6395-10A-01D-1704-01	14	39687916	45660660	3601	0.038
TCGA-DU-6395-10A-01D-1704-01	14	45661808	45661927	2	-1.3997
TCGA-DU-6395-10A-01D-1704-01	14	45662650	73065527	17616	9e-04
TCGA-DU-6395-10A-01D-1704-01	14	73070876	73099653	10	-1.0924
TCGA-DU-6395-10A-01D-1704-01	14	73099668	83111594	6640	2e-04
TCGA-DU-6395-10A-01D-1704-01	14	83114478	83116313	3	-1.1275
TCGA-DU-6395-10A-01D-1704-01	14	83119968	105598011	14166	-6e-04
TCGA-DU-6395-10A-01D-1704-01	14	105601409	105618359	8	-0.7005
TCGA-DU-6395-10A-01D-1704-01	14	105618552	105632486	9	-1.9628
TCGA-DU-6395-10A-01D-1704-01	14	105638145	105781032	64	-0.0706
TCGA-DU-6395-10A-01D-1704-01	14	105784781	105811819	16	0.403
TCGA-DU-6395-10A-01D-1704-01	14	105817770	105867742	26	-0.0073
TCGA-DU-6395-10A-01D-1704-01	14	105872400	105873098	4	-1.2806
TCGA-DU-6395-10A-01D-1704-01	14	105886988	105964501	40	-0.0273
TCGA-DU-6395-10A-01D-1704-01	14	105965043	105989093	40	0.2848
TCGA-DU-6395-10A-01D-1704-01	14	105989102	106224218	138	-0.0458
TCGA-DU-6395-10A-01D-1704-01	14	106231370	106250892	21	-0.3767
TCGA-DU-6395-10A-01D-1704-01	14	106255229	106356482	69	-0.0492
TCGA-DU-6395-10A-01D-1704-01	15	18276341	18838175	95	-0.0189
TCGA-DU-6395-10A-01D-1704-01	15	18838318	18861737	29	0.3128
TCGA-DU-6395-10A-01D-1704-01	15	18861783	19438545	157	-0.0513
TCGA-DU-6395-10A-01D-1704-01	15	19451059	19456767	3	-1.4161
TCGA-DU-6395-10A-01D-1704-01	15	19456870	19475431	10	-0.3684
TCGA-DU-6395-10A-01D-1704-01	15	19488342	19540343	8	0.0702
TCGA-DU-6395-10A-01D-1704-01	15	19541614	19792388	10	0.6705
TCGA-DU-6395-10A-01D-1704-01	15	19794591	23004147	1638	0.0057
TCGA-DU-6395-10A-01D-1704-01	15	23004837	23004853	2	-1.5628
TCGA-DU-6395-10A-01D-1704-01	15	23007217	28306924	3176	-0.0079
TCGA-DU-6395-10A-01D-1704-01	15	28307016	28717792	85	-0.449
TCGA-DU-6395-10A-01D-1704-01	15	28720814	30402925	1078	0.0078
TCGA-DU-6395-10A-01D-1704-01	15	30405358	30647150	32	-0.3122
TCGA-DU-6395-10A-01D-1704-01	15	30664123	33926698	2445	0.0016
TCGA-DU-6395-10A-01D-1704-01	15	33927049	33927078	2	-1.21
TCGA-DU-6395-10A-01D-1704-01	15	33929244	38635643	3338	0.0088
TCGA-DU-6395-10A-01D-1704-01	15	38636990	38637120	2	1.144
TCGA-DU-6395-10A-01D-1704-01	15	38639047	54578316	9474	0.0121
TCGA-DU-6395-10A-01D-1704-01	15	54578367	54588269	17	-0.692
TCGA-DU-6395-10A-01D-1704-01	15	54588915	74678682	12764	0.0085
TCGA-DU-6395-10A-01D-1704-01	15	74678796	74682399	12	-2.1611
TCGA-DU-6395-10A-01D-1704-01	15	74682822	74682830	7	-0.8934
TCGA-DU-6395-10A-01D-1704-01	15	74689234	82619355	4621	0.0053
TCGA-DU-6395-10A-01D-1704-01	15	82652350	82706277	4	-0.7829
TCGA-DU-6395-10A-01D-1704-01	15	82709292	89362065	4570	0.0254
TCGA-DU-6395-10A-01D-1704-01	15	89363874	89381597	16	0.4026
TCGA-DU-6395-10A-01D-1704-01	15	89381625	95609413	5033	0.0044
TCGA-DU-6395-10A-01D-1704-01	15	95618796	95629681	10	-0.8172
TCGA-DU-6395-10A-01D-1704-01	15	95633191	100286563	3433	0.0111
TCGA-DU-6395-10A-01D-1704-01	16	777	19851864	13528	0.02
TCGA-DU-6395-10A-01D-1704-01	16	19853151	19873376	28	-0.6698
TCGA-DU-6395-10A-01D-1704-01	16	19874863	22523305	1309	0.0068
TCGA-DU-6395-10A-01D-1704-01	16	22533085	22618243	59	-0.323
TCGA-DU-6395-10A-01D-1704-01	16	22620480	22647171	29	0.2633
TCGA-DU-6395-10A-01D-1704-01	16	22647534	28506413	4022	-0.0017
TCGA-DU-6395-10A-01D-1704-01	16	28507778	28776196	29	0.3306
TCGA-DU-6395-10A-01D-1704-01	16	28779467	32214721	1114	0.051
TCGA-DU-6395-10A-01D-1704-01	16	32246606	32538769	62	0.4119
TCGA-DU-6395-10A-01D-1704-01	16	32542142	33456316	120	0.1473
TCGA-DU-6395-10A-01D-1704-01	16	33457501	33535327	34	0.3884
TCGA-DU-6395-10A-01D-1704-01	16	33539331	34328205	216	0.0137
TCGA-DU-6395-10A-01D-1704-01	16	34328799	34614572	167	0.4029
TCGA-DU-6395-10A-01D-1704-01	16	34618468	52967598	5382	-0.0092
TCGA-DU-6395-10A-01D-1704-01	16	52967738	52974062	14	-1.0368
TCGA-DU-6395-10A-01D-1704-01	16	52974105	54373744	1225	-0.0261
TCGA-DU-6395-10A-01D-1704-01	16	54374147	54379945	5	0.7842
TCGA-DU-6395-10A-01D-1704-01	16	54387058	68682675	8762	0.0143
TCGA-DU-6395-10A-01D-1704-01	16	68694369	68755897	18	0.7518
TCGA-DU-6395-10A-01D-1704-01	16	68768945	72937474	2509	0.0035
TCGA-DU-6395-10A-01D-1704-01	16	72941759	73009537	9	0.9006
TCGA-DU-6395-10A-01D-1704-01	16	73014102	76929109	3214	0.0133
TCGA-DU-6395-10A-01D-1704-01	16	76929941	76942239	16	-1.6034
TCGA-DU-6395-10A-01D-1704-01	16	76942266	77718201	1067	-0.0036
TCGA-DU-6395-10A-01D-1704-01	16	77718713	77718941	2	-1.1977
TCGA-DU-6395-10A-01D-1704-01	16	77719050	88815036	9572	0.015
TCGA-DU-6395-10A-01D-1704-01	17	526	3082527	1612	0.0696
TCGA-DU-6395-10A-01D-1704-01	17	3082585	3083041	2	-1.318
TCGA-DU-6395-10A-01D-1704-01	17	3089832	16598056	8894	0.0194
TCGA-DU-6395-10A-01D-1704-01	17	16603639	16678885	11	0.5883
TCGA-DU-6395-10A-01D-1704-01	17	16680995	18260587	920	0.0199
TCGA-DU-6395-10A-01D-1704-01	17	18296117	18394162	26	-1.143
TCGA-DU-6395-10A-01D-1704-01	17	18399997	20336479	834	0.0099
TCGA-DU-6395-10A-01D-1704-01	17	20350823	20354038	2	-1.2444
TCGA-DU-6395-10A-01D-1704-01	17	20371772	21767048	544	-0.0085
TCGA-DU-6395-10A-01D-1704-01	17	21768021	21774141	7	-0.9052
TCGA-DU-6395-10A-01D-1704-01	17	21779417	23803180	942	0.0255
TCGA-DU-6395-10A-01D-1704-01	17	23805468	23806446	2	-1.8181
TCGA-DU-6395-10A-01D-1704-01	17	23813398	36671898	7167	0.0233
TCGA-DU-6395-10A-01D-1704-01	17	36675211	36683712	24	-0.3164
TCGA-DU-6395-10A-01D-1704-01	17	36683976	38775230	1107	0.0415
TCGA-DU-6395-10A-01D-1704-01	17	38781427	38795447	7	-0.5604
TCGA-DU-6395-10A-01D-1704-01	17	38799230	41518916	1399	0.0333
TCGA-DU-6395-10A-01D-1704-01	17	41521621	41879036	140	0.4174
TCGA-DU-6395-10A-01D-1704-01	17	41901645	53042488	7045	0.0201
TCGA-DU-6395-10A-01D-1704-01	17	53043332	53043992	2	-1.6064
TCGA-DU-6395-10A-01D-1704-01	17	53046992	78643088	14605	0.0176
TCGA-DU-6395-10A-01D-1704-01	18	1543	36514418	22844	-0.0031
TCGA-DU-6395-10A-01D-1704-01	18	36514432	36522022	19	0.3514
TCGA-DU-6395-10A-01D-1704-01	18	36523496	76116029	27955	0.0084
TCGA-DU-6395-10A-01D-1704-01	19	41910	21606759	9671	0.0392
TCGA-DU-6395-10A-01D-1704-01	19	21607480	21611709	2	-1.2283
TCGA-DU-6395-10A-01D-1704-01	19	21611951	40355614	6968	0.0109
TCGA-DU-6395-10A-01D-1704-01	19	40355683	40355883	5	-0.6752
TCGA-DU-6395-10A-01D-1704-01	19	40357887	40477167	114	0.0238
TCGA-DU-6395-10A-01D-1704-01	19	40480322	40487256	6	0.4102
TCGA-DU-6395-10A-01D-1704-01	19	40487819	40547883	52	0.0184
TCGA-DU-6395-10A-01D-1704-01	19	40547921	40558626	20	0.4005
TCGA-DU-6395-10A-01D-1704-01	19	40558641	63789666	12498	0.0399
TCGA-DU-6395-10A-01D-1704-01	2	2784	4181455	2990	-0.0475
TCGA-DU-6395-10A-01D-1704-01	2	4183562	4201894	43	-0.6804
TCGA-DU-6395-10A-01D-1704-01	2	4207937	34516482	21073	-0.0017
TCGA-DU-6395-10A-01D-1704-01	2	34516862	34590561	55	-0.34
TCGA-DU-6395-10A-01D-1704-01	2	34590667	41092122	4832	0.027
TCGA-DU-6395-10A-01D-1704-01	2	41092177	41099391	18	-0.6134
TCGA-DU-6395-10A-01D-1704-01	2	41104737	52607972	8192	0.0094
TCGA-DU-6395-10A-01D-1704-01	2	52607984	52608385	6	-1.2699
TCGA-DU-6395-10A-01D-1704-01	2	52612257	52634799	25	-0.5689
TCGA-DU-6395-10A-01D-1704-01	2	52634830	79184286	17228	0.008
TCGA-DU-6395-10A-01D-1704-01	2	79184616	79196319	7	0.6937
TCGA-DU-6395-10A-01D-1704-01	2	79197326	89408107	5668	0.0088
TCGA-DU-6395-10A-01D-1704-01	2	89572001	89906310	157	-0.7489
TCGA-DU-6395-10A-01D-1704-01	2	89912071	97484644	1040	-0.0121
TCGA-DU-6395-10A-01D-1704-01	2	97507179	97528621	9	0.5904
TCGA-DU-6395-10A-01D-1704-01	2	97533310	105328200	4762	-0.0014
TCGA-DU-6395-10A-01D-1704-01	2	105328549	105339695	7	0.4701
TCGA-DU-6395-10A-01D-1704-01	2	105340196	106246527	808	0.0023
TCGA-DU-6395-10A-01D-1704-01	2	106247145	106251789	11	-1.9722
TCGA-DU-6395-10A-01D-1704-01	2	106253687	228970536	74582	-8e-04
TCGA-DU-6395-10A-01D-1704-01	2	228972658	228974618	2	-1.8777
TCGA-DU-6395-10A-01D-1704-01	2	228977100	230519102	1025	-0.0034
TCGA-DU-6395-10A-01D-1704-01	2	230522948	230577287	25	0.2884
TCGA-DU-6395-10A-01D-1704-01	2	230578929	242738129	7494	-0.0132
TCGA-DU-6395-10A-01D-1704-01	20	9305	1518774	1217	0.0344
TCGA-DU-6395-10A-01D-1704-01	20	1518786	1519103	3	-0.8757
TCGA-DU-6395-10A-01D-1704-01	20	1519272	1530092	21	-0.1282
TCGA-DU-6395-10A-01D-1704-01	20	1530207	1541893	6	-1.0318
TCGA-DU-6395-10A-01D-1704-01	20	1545946	1942350	342	0.0517
TCGA-DU-6395-10A-01D-1704-01	20	1944770	1945648	3	-0.7131
TCGA-DU-6395-10A-01D-1704-01	20	1947855	7537465	4125	0.0358
TCGA-DU-6395-10A-01D-1704-01	20	7539005	7539858	6	-0.6877
TCGA-DU-6395-10A-01D-1704-01	20	7544074	62426597	36765	0.0055
TCGA-DU-6395-10A-01D-1704-01	21	9758742	9955957	31	-0.2265
TCGA-DU-6395-10A-01D-1704-01	21	9957781	10010262	34	0.085
TCGA-DU-6395-10A-01D-1704-01	21	10010306	10195247	45	0.2918
TCGA-DU-6395-10A-01D-1704-01	21	10195565	22694678	6435	0.0249
TCGA-DU-6395-10A-01D-1704-01	21	22694927	22722754	34	0.3117
TCGA-DU-6395-10A-01D-1704-01	21	22724570	27202384	3438	0.03
TCGA-DU-6395-10A-01D-1704-01	21	27204531	27204723	3	-1.9287
TCGA-DU-6395-10A-01D-1704-01	21	27205475	27366523	157	-0.0202
TCGA-DU-6395-10A-01D-1704-01	21	27373241	27379806	10	-1.0747
TCGA-DU-6395-10A-01D-1704-01	21	27381782	43792481	12448	0.0107
TCGA-DU-6395-10A-01D-1704-01	21	43795301	43797240	2	-2.4177
TCGA-DU-6395-10A-01D-1704-01	21	43798095	46921385	1766	0.013
TCGA-DU-6395-10A-01D-1704-01	22	14432528	14824877	64	0.4329
TCGA-DU-6395-10A-01D-1704-01	22	14857054	19795672	2786	0.0489
TCGA-DU-6395-10A-01D-1704-01	22	19795835	20038108	10	-0.4587
TCGA-DU-6395-10A-01D-1704-01	22	20051603	20139185	15	0.0988
TCGA-DU-6395-10A-01D-1704-01	22	20145866	20174023	22	0.4132
TCGA-DU-6395-10A-01D-1704-01	22	20175067	20452149	108	0.0396
TCGA-DU-6395-10A-01D-1704-01	22	20453189	20460539	3	0.9361
TCGA-DU-6395-10A-01D-1704-01	22	20461125	22601745	1579	0.0442
TCGA-DU-6395-10A-01D-1704-01	22	22613016	22662933	30	-0.3598
TCGA-DU-6395-10A-01D-1704-01	22	22667307	22698356	11	0.1647
TCGA-DU-6395-10A-01D-1704-01	22	22700430	22726814	11	0.6332
TCGA-DU-6395-10A-01D-1704-01	22	22731529	25651172	2419	0.012
TCGA-DU-6395-10A-01D-1704-01	22	25653117	25655049	4	-1.4516
TCGA-DU-6395-10A-01D-1704-01	22	25656221	36072938	7633	0.0072
TCGA-DU-6395-10A-01D-1704-01	22	36078675	36079892	4	-1.255
TCGA-DU-6395-10A-01D-1704-01	22	36080613	49581321	8858	0.009
TCGA-DU-6395-10A-01D-1704-01	3	35345	6621543	5846	0.0354
TCGA-DU-6395-10A-01D-1704-01	3	6626128	6628332	23	-0.6184
TCGA-DU-6395-10A-01D-1704-01	3	6630078	8299589	1472	0.0114
TCGA-DU-6395-10A-01D-1704-01	3	8301268	8303967	5	-1.1482
TCGA-DU-6395-10A-01D-1704-01	3	8305426	16214067	5603	4e-04
TCGA-DU-6395-10A-01D-1704-01	3	16215560	16216183	6	-2.5394
TCGA-DU-6395-10A-01D-1704-01	3	16216329	52997050	22833	0.007
TCGA-DU-6395-10A-01D-1704-01	3	52997448	53016925	55	0.1982
TCGA-DU-6395-10A-01D-1704-01	3	53019524	65163493	9553	-0.0122
TCGA-DU-6395-10A-01D-1704-01	3	65164275	65171919	14	-0.8499
TCGA-DU-6395-10A-01D-1704-01	3	65172034	65181984	30	-0.3924
TCGA-DU-6395-10A-01D-1704-01	3	65182371	65185492	9	-0.8916
TCGA-DU-6395-10A-01D-1704-01	3	65191389	68828854	2424	-0.0178
TCGA-DU-6395-10A-01D-1704-01	3	68828949	68830103	14	-1.3028
TCGA-DU-6395-10A-01D-1704-01	3	68831448	75651239	4937	-0.0015
TCGA-DU-6395-10A-01D-1704-01	3	75655239	75669495	5	-2.0186
TCGA-DU-6395-10A-01D-1704-01	3	75677871	100427237	11019	0.0166
TCGA-DU-6395-10A-01D-1704-01	3	100427288	100431746	23	-0.7158
TCGA-DU-6395-10A-01D-1704-01	3	100431759	131246388	18767	-5e-04
TCGA-DU-6395-10A-01D-1704-01	3	131249276	131288926	51	0.6369
TCGA-DU-6395-10A-01D-1704-01	3	131289614	164015644	20312	-3e-04
TCGA-DU-6395-10A-01D-1704-01	3	164017424	164023184	6	0.8165
TCGA-DU-6395-10A-01D-1704-01	3	164028410	194360656	19248	0.0112
TCGA-DU-6395-10A-01D-1704-01	3	194360739	194365597	18	0.8281
TCGA-DU-6395-10A-01D-1704-01	3	194369129	199380515	2708	0.0211
TCGA-DU-6395-10A-01D-1704-01	4	2281	9819488	5803	-0.0284
TCGA-DU-6395-10A-01D-1704-01	4	9823258	9840596	29	-1.6042
TCGA-DU-6395-10A-01D-1704-01	4	9843312	9854053	15	-0.4151
TCGA-DU-6395-10A-01D-1704-01	4	9854996	34455399	16985	0.0036
TCGA-DU-6395-10A-01D-1704-01	4	34455420	34500578	40	0.5763
TCGA-DU-6395-10A-01D-1704-01	4	34501120	35184764	454	0.0274
TCGA-DU-6395-10A-01D-1704-01	4	35187540	35193287	5	-0.6726
TCGA-DU-6395-10A-01D-1704-01	4	35197252	38452630	2357	0.0148
TCGA-DU-6395-10A-01D-1704-01	4	38452698	38452715	2	-1.026
TCGA-DU-6395-10A-01D-1704-01	4	38452886	44700609	3830	0.0146
TCGA-DU-6395-10A-01D-1704-01	4	44700949	44701092	3	-2.9914
TCGA-DU-6395-10A-01D-1704-01	4	44705726	48900675	2331	0.024
TCGA-DU-6395-10A-01D-1704-01	4	48901196	48962605	5	-0.3949
TCGA-DU-6395-10A-01D-1704-01	4	48985949	48986112	2	-1.345
TCGA-DU-6395-10A-01D-1704-01	4	48991977	49338520	15	0.1648
TCGA-DU-6395-10A-01D-1704-01	4	49344548	49353369	7	0.7687
TCGA-DU-6395-10A-01D-1704-01	4	52380456	60002628	5057	-3e-04
TCGA-DU-6395-10A-01D-1704-01	4	60007544	60013040	5	0.8266
TCGA-DU-6395-10A-01D-1704-01	4	60014130	61619533	1013	0.0255
TCGA-DU-6395-10A-01D-1704-01	4	61623530	61624547	2	1.1731
TCGA-DU-6395-10A-01D-1704-01	4	61628281	64375574	1501	0.0295
TCGA-DU-6395-10A-01D-1704-01	4	64376535	64399026	31	0.3237
TCGA-DU-6395-10A-01D-1704-01	4	64399621	68967186	2860	0.0186
TCGA-DU-6395-10A-01D-1704-01	4	68970733	68970737	3	1.0491
TCGA-DU-6395-10A-01D-1704-01	4	68977394	69054598	12	0.0142
TCGA-DU-6395-10A-01D-1704-01	4	69057536	69163532	59	-0.3457
TCGA-DU-6395-10A-01D-1704-01	4	69164317	69222620	13	0.0063
TCGA-DU-6395-10A-01D-1704-01	4	69234339	69617078	11	0.5285
TCGA-DU-6395-10A-01D-1704-01	4	69626201	115393105	27734	-0.0054
TCGA-DU-6395-10A-01D-1704-01	4	115393149	115394861	7	0.9178
TCGA-DU-6395-10A-01D-1704-01	4	115394963	115398990	11	0.2844
TCGA-DU-6395-10A-01D-1704-01	4	115399087	115401624	6	0.8125
TCGA-DU-6395-10A-01D-1704-01	4	115403678	122501423	4351	0.0021
TCGA-DU-6395-10A-01D-1704-01	4	122501918	122504005	25	-0.687
TCGA-DU-6395-10A-01D-1704-01	4	122504039	131821033	5384	9e-04
TCGA-DU-6395-10A-01D-1704-01	4	131822396	131822500	2	-1.2123
TCGA-DU-6395-10A-01D-1704-01	4	131822686	161260754	17655	-0.0037
TCGA-DU-6395-10A-01D-1704-01	4	161272224	161290239	40	-0.7268
TCGA-DU-6395-10A-01D-1704-01	4	161303320	172605921	7290	0.0194
TCGA-DU-6395-10A-01D-1704-01	4	172611459	172614019	8	0.9906
TCGA-DU-6395-10A-01D-1704-01	4	172614033	173224503	401	0.0385
TCGA-DU-6395-10A-01D-1704-01	4	173225723	173226108	12	-1.2748
TCGA-DU-6395-10A-01D-1704-01	4	173232554	189458252	10948	0.0196
TCGA-DU-6395-10A-01D-1704-01	4	189458354	189458418	3	1.3073
TCGA-DU-6395-10A-01D-1704-01	4	189458433	191261904	1178	0.0288
TCGA-DU-6395-10A-01D-1704-01	5	68532	7510856	5948	-0.0264
TCGA-DU-6395-10A-01D-1704-01	5	7510900	7514541	4	-0.7999
TCGA-DU-6395-10A-01D-1704-01	5	7516044	11214625	3178	-0.0128
TCGA-DU-6395-10A-01D-1704-01	5	11215636	11215771	3	-1.1455
TCGA-DU-6395-10A-01D-1704-01	5	11220277	12844720	1089	-0.0045
TCGA-DU-6395-10A-01D-1704-01	5	12853889	12902201	16	0.5132
TCGA-DU-6395-10A-01D-1704-01	5	12910133	16177245	2227	0.0085
TCGA-DU-6395-10A-01D-1704-01	5	16178128	16178214	3	-0.9777
TCGA-DU-6395-10A-01D-1704-01	5	16180544	21485033	3310	0.0342
TCGA-DU-6395-10A-01D-1704-01	5	21486957	21487755	4	0.9216
TCGA-DU-6395-10A-01D-1704-01	5	21488195	35710073	8908	0.0109
TCGA-DU-6395-10A-01D-1704-01	5	35714128	35715143	2	-1.9885
TCGA-DU-6395-10A-01D-1704-01	5	35719104	85231470	27712	0.0026
TCGA-DU-6395-10A-01D-1704-01	5	85235883	85240226	2	-1.3064
TCGA-DU-6395-10A-01D-1704-01	5	85244465	171295267	54985	0.0055
TCGA-DU-6395-10A-01D-1704-01	5	171295368	171298183	2	0.742
TCGA-DU-6395-10A-01D-1704-01	5	171299824	180307129	5560	0.012
TCGA-DU-6395-10A-01D-1704-01	5	180311316	180350709	19	-1.6509
TCGA-DU-6395-10A-01D-1704-01	5	180365831	180722926	171	0.0832
TCGA-DU-6395-10A-01D-1704-01	6	94661	199283	101	-0.0343
TCGA-DU-6395-10A-01D-1704-01	6	202353	263804	29	0.3751
TCGA-DU-6395-10A-01D-1704-01	6	265872	18896757	14459	0.0043
TCGA-DU-6395-10A-01D-1704-01	6	18897736	18897943	2	-3.9254
TCGA-DU-6395-10A-01D-1704-01	6	18899410	31394284	7853	0.0094
TCGA-DU-6395-10A-01D-1704-01	6	31394510	31403385	5	-1.5509
TCGA-DU-6395-10A-01D-1704-01	6	31403932	32717405	572	0.0871
TCGA-DU-6395-10A-01D-1704-01	6	32732282	32734596	6	-1.1668
TCGA-DU-6395-10A-01D-1704-01	6	32758590	54039026	13748	-0.0042
TCGA-DU-6395-10A-01D-1704-01	6	54039043	54043307	9	-0.7006
TCGA-DU-6395-10A-01D-1704-01	6	54043374	74648586	10522	0.0223
TCGA-DU-6395-10A-01D-1704-01	6	74648953	74654069	9	0.4459
TCGA-DU-6395-10A-01D-1704-01	6	74658138	77493251	1771	0.0204
TCGA-DU-6395-10A-01D-1704-01	6	77496587	77509476	21	-0.2774
TCGA-DU-6395-10A-01D-1704-01	6	77517792	79019608	979	0.0417
TCGA-DU-6395-10A-01D-1704-01	6	79025784	79089036	108	0.482
TCGA-DU-6395-10A-01D-1704-01	6	79089311	103841518	15499	0.0117
TCGA-DU-6395-10A-01D-1704-01	6	103841522	103868754	47	0.6249
TCGA-DU-6395-10A-01D-1704-01	6	103872163	115424791	7307	0.0055
TCGA-DU-6395-10A-01D-1704-01	6	115425715	115432381	3	-0.9469
TCGA-DU-6395-10A-01D-1704-01	6	115432757	124576651	5464	0.0033
TCGA-DU-6395-10A-01D-1704-01	6	124579116	124608090	11	0.5428
TCGA-DU-6395-10A-01D-1704-01	6	124608530	132747954	5173	-0.0074
TCGA-DU-6395-10A-01D-1704-01	6	132751050	132754736	5	-0.7256
TCGA-DU-6395-10A-01D-1704-01	6	132761061	134307961	1131	-2e-04
TCGA-DU-6395-10A-01D-1704-01	6	134310764	134311325	2	-1.6332
TCGA-DU-6395-10A-01D-1704-01	6	134313765	162408840	19041	-0.0039
TCGA-DU-6395-10A-01D-1704-01	6	162409523	162453722	67	-0.8199
TCGA-DU-6395-10A-01D-1704-01	6	162457093	170892930	6044	-0.0115
TCGA-DU-6395-10A-01D-1704-01	7	52911	954726	229	-0.0225
TCGA-DU-6395-10A-01D-1704-01	7	971049	984755	13	-0.9309
TCGA-DU-6395-10A-01D-1704-01	7	1000988	37372877	26514	0.0097
TCGA-DU-6395-10A-01D-1704-01	7	37374077	37383655	2	-0.9689
TCGA-DU-6395-10A-01D-1704-01	7	37383781	54347867	11819	3e-04
TCGA-DU-6395-10A-01D-1704-01	7	54353999	54354011	6	-1.3671
TCGA-DU-6395-10A-01D-1704-01	7	54360982	64206287	3139	0.0197
TCGA-DU-6395-10A-01D-1704-01	7	64231500	64233133	6	0.9957
TCGA-DU-6395-10A-01D-1704-01	7	64274563	76343052	5555	-0.0049
TCGA-DU-6395-10A-01D-1704-01	7	76343543	76344570	2	-1.2922
TCGA-DU-6395-10A-01D-1704-01	7	76347204	109228448	20131	0.0143
TCGA-DU-6395-10A-01D-1704-01	7	109228480	109241146	11	-1.59
TCGA-DU-6395-10A-01D-1704-01	7	109241218	125521121	9832	0.0097
TCGA-DU-6395-10A-01D-1704-01	7	125521637	125532152	8	0.5276
TCGA-DU-6395-10A-01D-1704-01	7	125535827	133435717	4913	-0.0017
TCGA-DU-6395-10A-01D-1704-01	7	133435735	133449098	33	0.3138
TCGA-DU-6395-10A-01D-1704-01	7	133449386	142154515	5693	0.0077
TCGA-DU-6395-10A-01D-1704-01	7	142156294	142165614	27	-1.7493
TCGA-DU-6395-10A-01D-1704-01	7	142165684	142921765	463	0.0046
TCGA-DU-6395-10A-01D-1704-01	7	142922416	143241684	129	0.2171
TCGA-DU-6395-10A-01D-1704-01	7	143243507	158819765	9987	3e-04
TCGA-DU-6395-10A-01D-1704-01	8	21254	5586143	6095	0.0146
TCGA-DU-6395-10A-01D-1704-01	8	5586172	5591903	25	-0.6248
TCGA-DU-6395-10A-01D-1704-01	8	5594496	6357204	1049	0.0288
TCGA-DU-6395-10A-01D-1704-01	8	6357304	6357455	3	-2.3054
TCGA-DU-6395-10A-01D-1704-01	8	6362130	6814172	550	4e-04
TCGA-DU-6395-10A-01D-1704-01	8	6814411	6825343	8	-0.7559
TCGA-DU-6395-10A-01D-1704-01	8	6827115	7225429	123	-0.0011
TCGA-DU-6395-10A-01D-1704-01	8	7237790	7847316	151	0.5342
TCGA-DU-6395-10A-01D-1704-01	8	7864332	8015597	45	-0.0857
TCGA-DU-6395-10A-01D-1704-01	8	8027373	8109713	21	0.3969
TCGA-DU-6395-10A-01D-1704-01	8	8124554	11986960	3224	0.0079
TCGA-DU-6395-10A-01D-1704-01	8	12025135	12038532	6	0.7059
TCGA-DU-6395-10A-01D-1704-01	8	12071716	12291857	49	-0.2565
TCGA-DU-6395-10A-01D-1704-01	8	12305298	12517929	65	0.2845
TCGA-DU-6395-10A-01D-1704-01	8	12518023	13854490	1299	0.0154
TCGA-DU-6395-10A-01D-1704-01	8	13854600	13859608	5	-1.1393
TCGA-DU-6395-10A-01D-1704-01	8	13859706	14553939	655	0.0221
TCGA-DU-6395-10A-01D-1704-01	8	14554403	14554445	3	-0.9001
TCGA-DU-6395-10A-01D-1704-01	8	14554767	23956127	7679	0.0081
TCGA-DU-6395-10A-01D-1704-01	8	23956418	23956839	2	-0.9242
TCGA-DU-6395-10A-01D-1704-01	8	23965866	25030360	783	-0.0206
TCGA-DU-6395-10A-01D-1704-01	8	25030393	25040250	26	-0.3326
TCGA-DU-6395-10A-01D-1704-01	8	25047021	39345506	9037	0.0072
TCGA-DU-6395-10A-01D-1704-01	8	39349340	39506122	61	0.7595
TCGA-DU-6395-10A-01D-1704-01	8	39507456	102471909	36013	0.0011
TCGA-DU-6395-10A-01D-1704-01	8	102472118	102477484	2	-1.4193
TCGA-DU-6395-10A-01D-1704-01	8	102477723	112363642	6047	-0.0108
TCGA-DU-6395-10A-01D-1704-01	8	112363822	112364436	7	-0.9241
TCGA-DU-6395-10A-01D-1704-01	8	112369457	144770300	22412	-0.0068
TCGA-DU-6395-10A-01D-1704-01	8	144776300	144778951	9	0.525
TCGA-DU-6395-10A-01D-1704-01	8	144790132	146268959	505	0.0334
TCGA-DU-6395-10A-01D-1704-01	9	36587	22482889	19883	0.0088
TCGA-DU-6395-10A-01D-1704-01	9	22491913	22492699	2	1.1008
TCGA-DU-6395-10A-01D-1704-01	9	22499340	38761831	11311	0.0191
TCGA-DU-6395-10A-01D-1704-01	9	38777493	38951514	13	0.4516
TCGA-DU-6395-10A-01D-1704-01	9	38951991	68221362	556	-0.0499
TCGA-DU-6395-10A-01D-1704-01	9	68227664	68312791	6	-0.7944
TCGA-DU-6395-10A-01D-1704-01	9	68352250	104556603	24253	0.0026
TCGA-DU-6395-10A-01D-1704-01	9	104556653	104557644	3	-1.2669
TCGA-DU-6395-10A-01D-1704-01	9	104557661	140211215	23901	0.011
TCGA-DU-6395-10A-01D-1704-01	X	108477	68395089	36574	0.0127
TCGA-DU-6395-10A-01D-1704-01	X	68397308	68397491	2	-4.0535
TCGA-DU-6395-10A-01D-1704-01	X	68398493	141659377	39873	0.0137
TCGA-DU-6395-10A-01D-1704-01	X	141664598	141848770	138	-3.4795
TCGA-DU-6395-10A-01D-1704-01	X	141855248	154835548	7926	8e-04
TCGA-DU-6395-10A-01D-1704-01	Y	2710438	25400712	8032	-0.9733
TCGA-DU-6395-10A-01D-1704-01	Y	25400900	25400951	4	-2.38
TCGA-DU-6395-10A-01D-1704-01	Y	25411741	57427647	553	-0.9431
