barcode	chromosome	start	stop	num.mark	seg.mean
TCGA-CS-4943-10A-01D-1466-01	1	51598	794319	65	0.0114
TCGA-CS-4943-10A-01D-1466-01	1	799636	3208189	690	0.2741
TCGA-CS-4943-10A-01D-1466-01	1	3208470	5948120	2063	0.012
TCGA-CS-4943-10A-01D-1466-01	1	5950320	5978755	16	0.5434
TCGA-CS-4943-10A-01D-1466-01	1	5979316	9249245	1862	0.0093
TCGA-CS-4943-10A-01D-1466-01	1	9250000	9314675	52	0.2364
TCGA-CS-4943-10A-01D-1466-01	1	9316595	15901325	3600	0.0156
TCGA-CS-4943-10A-01D-1466-01	1	15906788	15952758	21	0.3567
TCGA-CS-4943-10A-01D-1466-01	1	15960411	16015547	39	0.027
TCGA-CS-4943-10A-01D-1466-01	1	16019619	16022502	11	0.3945
TCGA-CS-4943-10A-01D-1466-01	1	16026084	16026512	6	-1.2794
TCGA-CS-4943-10A-01D-1466-01	1	16026788	16686508	291	0.0286
TCGA-CS-4943-10A-01D-1466-01	1	16687581	16955178	97	0.3103
TCGA-CS-4943-10A-01D-1466-01	1	16959879	16987299	16	0.7538
TCGA-CS-4943-10A-01D-1466-01	1	17049632	17198542	89	0.2465
TCGA-CS-4943-10A-01D-1466-01	1	17202224	25455928	5250	0.0111
TCGA-CS-4943-10A-01D-1466-01	1	25465715	25534799	31	0.6241
TCGA-CS-4943-10A-01D-1466-01	1	25535897	27219376	724	0.0127
TCGA-CS-4943-10A-01D-1466-01	1	27221530	27260971	21	0.3514
TCGA-CS-4943-10A-01D-1466-01	1	27271301	30934730	2015	0.0125
TCGA-CS-4943-10A-01D-1466-01	1	30935115	31024285	66	0.2701
TCGA-CS-4943-10A-01D-1466-01	1	31034592	37632463	3633	0.0081
TCGA-CS-4943-10A-01D-1466-01	1	37633633	37693270	36	0.3266
TCGA-CS-4943-10A-01D-1466-01	1	37693630	39887211	1197	-0.0018
TCGA-CS-4943-10A-01D-1466-01	1	39888698	39927221	25	0.4628
TCGA-CS-4943-10A-01D-1466-01	1	39927775	72541504	21068	0.0021
TCGA-CS-4943-10A-01D-1466-01	1	72541524	72583736	45	-1.0599
TCGA-CS-4943-10A-01D-1466-01	1	72584492	90317005	11639	-0.0054
TCGA-CS-4943-10A-01D-1466-01	1	90323287	90329568	6	-0.8792
TCGA-CS-4943-10A-01D-1466-01	1	90331805	104023054	8459	-0.0042
TCGA-CS-4943-10A-01D-1466-01	1	104023154	104027091	10	-0.9345
TCGA-CS-4943-10A-01D-1466-01	1	104041212	105814899	933	-0.0062
TCGA-CS-4943-10A-01D-1466-01	1	105820728	105823883	16	0.5192
TCGA-CS-4943-10A-01D-1466-01	1	105823898	108530807	1944	-0.0163
TCGA-CS-4943-10A-01D-1466-01	1	108531282	108535758	2	-1.3086
TCGA-CS-4943-10A-01D-1466-01	1	108536400	109979735	695	-0.0158
TCGA-CS-4943-10A-01D-1466-01	1	109982828	110008010	10	0.4626
TCGA-CS-4943-10A-01D-1466-01	1	110008844	110025950	8	-0.1147
TCGA-CS-4943-10A-01D-1466-01	1	110027165	110034497	14	0.3351
TCGA-CS-4943-10A-01D-1466-01	1	110034560	110034641	3	1.4693
TCGA-CS-4943-10A-01D-1466-01	1	110034785	110047649	16	0.5215
TCGA-CS-4943-10A-01D-1466-01	1	110047653	112491849	1955	-0.0053
TCGA-CS-4943-10A-01D-1466-01	1	112497488	112498913	25	0.4836
TCGA-CS-4943-10A-01D-1466-01	1	112507479	150823038	8053	0.0204
TCGA-CS-4943-10A-01D-1466-01	1	150826908	150852902	25	-0.5602
TCGA-CS-4943-10A-01D-1466-01	1	150853164	151026302	174	-0.0057
TCGA-CS-4943-10A-01D-1466-01	1	151028547	151035324	37	0.5801
TCGA-CS-4943-10A-01D-1466-01	1	151040529	167483561	11348	-0.006
TCGA-CS-4943-10A-01D-1466-01	1	167500598	167508390	7	0.8323
TCGA-CS-4943-10A-01D-1466-01	1	167509025	177597151	6624	-0.0032
TCGA-CS-4943-10A-01D-1466-01	1	177598005	177599938	3	-1.1792
TCGA-CS-4943-10A-01D-1466-01	1	177605829	187543901	6589	-0.0029
TCGA-CS-4943-10A-01D-1466-01	1	187544169	187545027	2	-1.2734
TCGA-CS-4943-10A-01D-1466-01	1	187552736	194981496	4993	-0.0174
TCGA-CS-4943-10A-01D-1466-01	1	194994473	195067779	82	0.2625
TCGA-CS-4943-10A-01D-1466-01	1	195067890	225492695	20525	-0.0029
TCGA-CS-4943-10A-01D-1466-01	1	225492828	225493029	2	-1.3781
TCGA-CS-4943-10A-01D-1466-01	1	225495801	229960311	2875	0.0082
TCGA-CS-4943-10A-01D-1466-01	1	229960687	230029960	50	0.3573
TCGA-CS-4943-10A-01D-1466-01	1	230033470	230920085	775	-0.0043
TCGA-CS-4943-10A-01D-1466-01	1	230920219	230942261	12	0.4559
TCGA-CS-4943-10A-01D-1466-01	1	230943157	240133607	7146	-0.001
TCGA-CS-4943-10A-01D-1466-01	1	240135667	240264191	58	0.2514
TCGA-CS-4943-10A-01D-1466-01	1	240264827	241114179	678	-0.0081
TCGA-CS-4943-10A-01D-1466-01	1	241115363	241244193	83	0.3419
TCGA-CS-4943-10A-01D-1466-01	1	241246105	244907043	2435	0.0043
TCGA-CS-4943-10A-01D-1466-01	1	244907057	244939866	21	0.5313
TCGA-CS-4943-10A-01D-1466-01	1	244940017	246258843	859	0.0247
TCGA-CS-4943-10A-01D-1466-01	1	246259549	246259734	2	-1.2028
TCGA-CS-4943-10A-01D-1466-01	1	246262036	247191011	455	0.0216
TCGA-CS-4943-10A-01D-1466-01	10	62759	2347121	1746	0.0566
TCGA-CS-4943-10A-01D-1466-01	10	2347512	2347702	3	-0.9602
TCGA-CS-4943-10A-01D-1466-01	10	2350003	4280814	1839	0.0361
TCGA-CS-4943-10A-01D-1466-01	10	4280838	4280924	2	2.3627
TCGA-CS-4943-10A-01D-1466-01	10	4281016	5677948	1180	3e-04
TCGA-CS-4943-10A-01D-1466-01	10	5678302	5755376	63	0.2176
TCGA-CS-4943-10A-01D-1466-01	10	5755392	6451077	591	-0.0078
TCGA-CS-4943-10A-01D-1466-01	10	6451221	6451487	6	0.8708
TCGA-CS-4943-10A-01D-1466-01	10	6458760	8878961	2225	0.0152
TCGA-CS-4943-10A-01D-1466-01	10	8879770	8897269	24	0.4337
TCGA-CS-4943-10A-01D-1466-01	10	8897476	12136427	2517	-0.0036
TCGA-CS-4943-10A-01D-1466-01	10	12139029	12209518	32	0.3016
TCGA-CS-4943-10A-01D-1466-01	10	12217003	27261548	11028	0.0077
TCGA-CS-4943-10A-01D-1466-01	10	27261638	27268479	18	0.4546
TCGA-CS-4943-10A-01D-1466-01	10	27269999	31286516	3041	0.0187
TCGA-CS-4943-10A-01D-1466-01	10	31291340	31291732	9	-2.0693
TCGA-CS-4943-10A-01D-1466-01	10	31291744	45556009	7263	0.0088
TCGA-CS-4943-10A-01D-1466-01	10	45567373	46475717	97	0.3255
TCGA-CS-4943-10A-01D-1466-01	10	46478798	46482317	23	-0.1435
TCGA-CS-4943-10A-01D-1466-01	10	46482420	46821347	70	0.4397
TCGA-CS-4943-10A-01D-1466-01	10	46834287	105129726	37410	0.0025
TCGA-CS-4943-10A-01D-1466-01	10	105134932	105214056	45	0.2633
TCGA-CS-4943-10A-01D-1466-01	10	105214109	110156012	3688	0.0011
TCGA-CS-4943-10A-01D-1466-01	10	110156389	110158362	3	-0.9507
TCGA-CS-4943-10A-01D-1466-01	10	110159285	135356694	18208	0.0145
TCGA-CS-4943-10A-01D-1466-01	11	188510	446012	105	0.2473
TCGA-CS-4943-10A-01D-1466-01	11	446120	1594720	377	0.0165
TCGA-CS-4943-10A-01D-1466-01	11	1594988	1610144	14	0.3775
TCGA-CS-4943-10A-01D-1466-01	11	1611141	1704307	55	0.0632
TCGA-CS-4943-10A-01D-1466-01	11	1707940	1848481	41	0.2937
TCGA-CS-4943-10A-01D-1466-01	11	1856601	4924693	1888	0.009
TCGA-CS-4943-10A-01D-1466-01	11	4925086	4932848	30	0.593
TCGA-CS-4943-10A-01D-1466-01	11	4932910	9280929	3346	-0.0022
TCGA-CS-4943-10A-01D-1466-01	11	9286629	9346299	23	0.3268
TCGA-CS-4943-10A-01D-1466-01	11	9346451	18906933	6895	2e-04
TCGA-CS-4943-10A-01D-1466-01	11	18907162	18918564	46	0.4078
TCGA-CS-4943-10A-01D-1466-01	11	18918592	25040791	4839	-0.007
TCGA-CS-4943-10A-01D-1466-01	11	25041485	25043085	4	-1.0086
TCGA-CS-4943-10A-01D-1466-01	11	25043130	48539392	15775	-0.0016
TCGA-CS-4943-10A-01D-1466-01	11	48548322	48586741	25	-0.3778
TCGA-CS-4943-10A-01D-1466-01	11	48586766	50707300	820	0.0132
TCGA-CS-4943-10A-01D-1466-01	11	50707934	50983680	5	-1.1803
TCGA-CS-4943-10A-01D-1466-01	11	51019825	55119916	384	-0.0421
TCGA-CS-4943-10A-01D-1466-01	11	55130608	55210152	60	0.4011
TCGA-CS-4943-10A-01D-1466-01	11	55217259	55264818	44	-0.0259
TCGA-CS-4943-10A-01D-1466-01	11	55265323	55295840	14	-0.4583
TCGA-CS-4943-10A-01D-1466-01	11	55295990	63479024	4728	-0.0017
TCGA-CS-4943-10A-01D-1466-01	11	63480521	63511087	18	0.386
TCGA-CS-4943-10A-01D-1466-01	11	63511791	64394617	343	0.0269
TCGA-CS-4943-10A-01D-1466-01	11	64396842	65467233	422	0.2773
TCGA-CS-4943-10A-01D-1466-01	11	65467283	87358180	13249	-0.0022
TCGA-CS-4943-10A-01D-1466-01	11	87358704	87438300	33	0.5145
TCGA-CS-4943-10A-01D-1466-01	11	87440919	106735929	13620	-0.0054
TCGA-CS-4943-10A-01D-1466-01	11	106743866	106744338	7	-1.8642
TCGA-CS-4943-10A-01D-1466-01	11	106757572	134449982	19973	0.0095
TCGA-CS-4943-10A-01D-1466-01	12	20703	736231	418	0.1603
TCGA-CS-4943-10A-01D-1466-01	12	739370	744290	18	-0.6142
TCGA-CS-4943-10A-01D-1466-01	12	745615	7849672	4929	0.0168
TCGA-CS-4943-10A-01D-1466-01	12	7850535	7862691	9	0.246
TCGA-CS-4943-10A-01D-1466-01	12	7865270	7967161	42	0.7606
TCGA-CS-4943-10A-01D-1466-01	12	7970868	9525137	792	0.0298
TCGA-CS-4943-10A-01D-1466-01	12	9529176	9606832	22	-1.469
TCGA-CS-4943-10A-01D-1466-01	12	9619559	10464267	635	-0.0106
TCGA-CS-4943-10A-01D-1466-01	12	10470044	10479792	6	0.855
TCGA-CS-4943-10A-01D-1466-01	12	10487073	11112094	407	-0.005
TCGA-CS-4943-10A-01D-1466-01	12	11113635	11132799	10	-1.0228
TCGA-CS-4943-10A-01D-1466-01	12	11143141	19410533	5611	0.003
TCGA-CS-4943-10A-01D-1466-01	12	19413928	19472808	28	0.3325
TCGA-CS-4943-10A-01D-1466-01	12	19476425	25141742	3975	0.0054
TCGA-CS-4943-10A-01D-1466-01	12	25141939	25142042	2	-1.2843
TCGA-CS-4943-10A-01D-1466-01	12	25142123	33278024	6053	2e-04
TCGA-CS-4943-10A-01D-1466-01	12	33280096	33286409	4	-0.9018
TCGA-CS-4943-10A-01D-1466-01	12	33286685	34336069	641	0.0045
TCGA-CS-4943-10A-01D-1466-01	12	34339186	34469078	54	0.2611
TCGA-CS-4943-10A-01D-1466-01	12	34469565	51697365	9271	2e-04
TCGA-CS-4943-10A-01D-1466-01	12	51697984	51809479	59	0.2218
TCGA-CS-4943-10A-01D-1466-01	12	51815593	72274048	12736	-0.0033
TCGA-CS-4943-10A-01D-1466-01	12	72277693	72283648	7	-1.0215
TCGA-CS-4943-10A-01D-1466-01	12	72284853	86287569	8512	-0.0022
TCGA-CS-4943-10A-01D-1466-01	12	86287624	86287755	5	-0.998
TCGA-CS-4943-10A-01D-1466-01	12	86287926	89007481	1596	-0.0093
TCGA-CS-4943-10A-01D-1466-01	12	89015800	89017688	8	-0.9061
TCGA-CS-4943-10A-01D-1466-01	12	89017744	113565116	16457	0.0038
TCGA-CS-4943-10A-01D-1466-01	12	113565788	113574792	4	0.719
TCGA-CS-4943-10A-01D-1466-01	12	113574916	114712117	1016	0.0164
TCGA-CS-4943-10A-01D-1466-01	12	114712140	114735159	64	0.3177
TCGA-CS-4943-10A-01D-1466-01	12	114735619	128865635	9643	0.0141
TCGA-CS-4943-10A-01D-1466-01	12	128865706	128897217	15	0.5365
TCGA-CS-4943-10A-01D-1466-01	12	128898431	130343385	1155	0.0778
TCGA-CS-4943-10A-01D-1466-01	12	130360121	130362400	5	0.8769
TCGA-CS-4943-10A-01D-1466-01	12	130369745	130388049	12	0.2107
TCGA-CS-4943-10A-01D-1466-01	12	130388673	130654085	279	0.0208
TCGA-CS-4943-10A-01D-1466-01	12	130656635	130686668	28	0.2945
TCGA-CS-4943-10A-01D-1466-01	12	130698537	130699288	13	-1.6938
TCGA-CS-4943-10A-01D-1466-01	12	130708284	131174781	210	0.0579
TCGA-CS-4943-10A-01D-1466-01	12	131175632	131517885	59	0.273
TCGA-CS-4943-10A-01D-1466-01	12	131521631	131611337	21	-0.0966
TCGA-CS-4943-10A-01D-1466-01	12	131618915	132288262	282	0.1645
TCGA-CS-4943-10A-01D-1466-01	13	17924949	22527210	2898	0.0213
TCGA-CS-4943-10A-01D-1466-01	13	22530678	22531515	12	-0.4674
TCGA-CS-4943-10A-01D-1466-01	13	22536195	63227094	27127	3e-04
TCGA-CS-4943-10A-01D-1466-01	13	63242470	63286272	39	0.4144
TCGA-CS-4943-10A-01D-1466-01	13	63290222	71374989	5098	-0.0174
TCGA-CS-4943-10A-01D-1466-01	13	71375556	71378557	4	-2.0145
TCGA-CS-4943-10A-01D-1466-01	13	71378606	94714168	15436	-6e-04
TCGA-CS-4943-10A-01D-1466-01	13	94714754	94830830	98	0.2221
TCGA-CS-4943-10A-01D-1466-01	13	94834066	99483587	2948	0.01
TCGA-CS-4943-10A-01D-1466-01	13	99489122	99538838	18	0.4067
TCGA-CS-4943-10A-01D-1466-01	13	99543544	101585663	1544	-0.0074
TCGA-CS-4943-10A-01D-1466-01	13	101586375	101624080	33	0.246
TCGA-CS-4943-10A-01D-1466-01	13	101624975	103848421	1869	0.0042
TCGA-CS-4943-10A-01D-1466-01	13	103851044	103853460	2	-1.2979
TCGA-CS-4943-10A-01D-1466-01	13	103855963	112559498	6544	4e-04
TCGA-CS-4943-10A-01D-1466-01	13	112560005	112773060	125	0.2526
TCGA-CS-4943-10A-01D-1466-01	13	112775542	113645940	381	0.0563
TCGA-CS-4943-10A-01D-1466-01	13	113646036	113865115	45	0.3989
TCGA-CS-4943-10A-01D-1466-01	13	113876185	114126499	117	0.0496
TCGA-CS-4943-10A-01D-1466-01	14	18072124	20020023	571	0.0185
TCGA-CS-4943-10A-01D-1466-01	14	20020101	20068436	47	0.3335
TCGA-CS-4943-10A-01D-1466-01	14	20069525	22169230	1565	0.0043
TCGA-CS-4943-10A-01D-1466-01	14	22169459	22190376	18	0.3824
TCGA-CS-4943-10A-01D-1466-01	14	22190469	23494898	721	0.0111
TCGA-CS-4943-10A-01D-1466-01	14	23494982	23496446	2	-1.4165
TCGA-CS-4943-10A-01D-1466-01	14	23496489	23525265	16	-0.0955
TCGA-CS-4943-10A-01D-1466-01	14	23528484	23528783	3	-1.2533
TCGA-CS-4943-10A-01D-1466-01	14	23531694	73065527	31406	-0.0038
TCGA-CS-4943-10A-01D-1466-01	14	73070876	73099653	10	1.4775
TCGA-CS-4943-10A-01D-1466-01	14	73099668	82118288	5926	0.0013
TCGA-CS-4943-10A-01D-1466-01	14	82120850	82123519	5	-0.8926
TCGA-CS-4943-10A-01D-1466-01	14	82131475	92677245	6929	-8e-04
TCGA-CS-4943-10A-01D-1466-01	14	92680996	92696777	18	-0.8568
TCGA-CS-4943-10A-01D-1466-01	14	92699607	105366798	7866	0.0137
TCGA-CS-4943-10A-01D-1466-01	14	105366813	105472529	27	0.3716
TCGA-CS-4943-10A-01D-1466-01	14	105472542	105609107	55	0.0217
TCGA-CS-4943-10A-01D-1466-01	14	105612798	105632486	12	-2.0711
TCGA-CS-4943-10A-01D-1466-01	14	105638145	106356482	418	0.0756
TCGA-CS-4943-10A-01D-1466-01	15	18276341	18466953	48	0.0209
TCGA-CS-4943-10A-01D-1466-01	15	18476969	18841576	56	-0.2955
TCGA-CS-4943-10A-01D-1466-01	15	18841578	18846971	13	-1.1302
TCGA-CS-4943-10A-01D-1466-01	15	18850041	19764921	190	-0.2526
TCGA-CS-4943-10A-01D-1466-01	15	19781841	19788634	4	-1.2293
TCGA-CS-4943-10A-01D-1466-01	15	19792388	21192955	431	0.0805
TCGA-CS-4943-10A-01D-1466-01	15	21195486	21222425	11	-0.7523
TCGA-CS-4943-10A-01D-1466-01	15	21223287	32527213	7084	0.0199
TCGA-CS-4943-10A-01D-1466-01	15	32533011	32533754	3	-2.1647
TCGA-CS-4943-10A-01D-1466-01	15	32534635	56000660	14738	-4e-04
TCGA-CS-4943-10A-01D-1466-01	15	56000692	56001125	2	-1.793
TCGA-CS-4943-10A-01D-1466-01	15	56001502	68232979	8312	0.002
TCGA-CS-4943-10A-01D-1466-01	15	68234636	68235033	3	-0.9839
TCGA-CS-4943-10A-01D-1466-01	15	68236881	75077324	3683	-2e-04
TCGA-CS-4943-10A-01D-1466-01	15	75081660	75143021	26	0.3061
TCGA-CS-4943-10A-01D-1466-01	15	75143294	78795903	2394	0.008
TCGA-CS-4943-10A-01D-1466-01	15	78801117	78803197	7	-0.8028
TCGA-CS-4943-10A-01D-1466-01	15	78804138	80840216	1056	0.0059
TCGA-CS-4943-10A-01D-1466-01	15	80843133	80905894	7	-1.0187
TCGA-CS-4943-10A-01D-1466-01	15	80966604	100286563	14023	0.0128
TCGA-CS-4943-10A-01D-1466-01	16	777	592299	277	0.2677
TCGA-CS-4943-10A-01D-1466-01	16	592784	7168294	4356	0.0346
TCGA-CS-4943-10A-01D-1466-01	16	7170347	7170644	2	-1.4495
TCGA-CS-4943-10A-01D-1466-01	16	7173109	11490596	4048	0.0158
TCGA-CS-4943-10A-01D-1466-01	16	11490668	11547550	37	0.2814
TCGA-CS-4943-10A-01D-1466-01	16	11548039	18106218	4085	0.0514
TCGA-CS-4943-10A-01D-1466-01	16	18135619	18145790	2	-1.5014
TCGA-CS-4943-10A-01D-1466-01	16	18150227	18650563	36	0.1389
TCGA-CS-4943-10A-01D-1466-01	16	18656077	18690660	11	0.5242
TCGA-CS-4943-10A-01D-1466-01	16	18690675	19851864	680	0.0144
TCGA-CS-4943-10A-01D-1466-01	16	19853151	19874863	29	-0.5796
TCGA-CS-4943-10A-01D-1466-01	16	19877755	22465433	1297	0.0449
TCGA-CS-4943-10A-01D-1466-01	16	22465812	22629139	80	-0.2885
TCGA-CS-4943-10A-01D-1466-01	16	22629367	28539522	4053	0.0117
TCGA-CS-4943-10A-01D-1466-01	16	28556704	28914908	66	0.2858
TCGA-CS-4943-10A-01D-1466-01	16	28924029	29530209	164	0.1086
TCGA-CS-4943-10A-01D-1466-01	16	29536176	30227821	199	0.2863
TCGA-CS-4943-10A-01D-1466-01	16	30239585	54352715	7912	0.0148
TCGA-CS-4943-10A-01D-1466-01	16	54353890	54374147	18	-2.0734
TCGA-CS-4943-10A-01D-1466-01	16	54374206	54387058	5	-0.6125
TCGA-CS-4943-10A-01D-1466-01	16	54387091	54416294	15	0.9408
TCGA-CS-4943-10A-01D-1466-01	16	54425940	68582090	8719	0.0127
TCGA-CS-4943-10A-01D-1466-01	16	68586194	68737726	42	0.2181
TCGA-CS-4943-10A-01D-1466-01	16	68743639	68803426	11	0.5583
TCGA-CS-4943-10A-01D-1466-01	16	68803834	72892486	2484	0.0167
TCGA-CS-4943-10A-01D-1466-01	16	72892705	73028921	41	0.3133
TCGA-CS-4943-10A-01D-1466-01	16	73029961	87098176	13182	0.0354
TCGA-CS-4943-10A-01D-1466-01	16	87135814	88656265	657	0.2775
TCGA-CS-4943-10A-01D-1466-01	16	88656584	88674335	14	-0.182
TCGA-CS-4943-10A-01D-1466-01	16	88674457	88815036	10	0.3263
TCGA-CS-4943-10A-01D-1466-01	17	526	2258379	1156	0.115
TCGA-CS-4943-10A-01D-1466-01	17	2259104	2259124	4	0.6762
TCGA-CS-4943-10A-01D-1466-01	17	2263278	2781386	258	0.0428
TCGA-CS-4943-10A-01D-1466-01	17	2781472	2811658	18	0.3203
TCGA-CS-4943-10A-01D-1466-01	17	2815685	3424561	405	-0.0065
TCGA-CS-4943-10A-01D-1466-01	17	3424644	3504202	54	0.2291
TCGA-CS-4943-10A-01D-1466-01	17	3515168	4256292	438	0.014
TCGA-CS-4943-10A-01D-1466-01	17	4257388	4326327	41	0.2485
TCGA-CS-4943-10A-01D-1466-01	17	4326596	7198751	1728	0.0123
TCGA-CS-4943-10A-01D-1466-01	17	7206073	7206530	2	-1.7962
TCGA-CS-4943-10A-01D-1466-01	17	7207200	18260587	7341	0.0199
TCGA-CS-4943-10A-01D-1466-01	17	18296117	18394162	26	0.7192
TCGA-CS-4943-10A-01D-1466-01	17	18399997	18801488	146	0.0422
TCGA-CS-4943-10A-01D-1466-01	17	18802035	19070824	44	0.3201
TCGA-CS-4943-10A-01D-1466-01	17	19089879	31460821	6735	0.0241
TCGA-CS-4943-10A-01D-1466-01	17	31461241	31559764	39	1.0139
TCGA-CS-4943-10A-01D-1466-01	17	31567456	31610407	2	-0.2932
TCGA-CS-4943-10A-01D-1466-01	17	31653809	36463669	2412	0.0189
TCGA-CS-4943-10A-01D-1466-01	17	36465434	36475133	12	-0.8804
TCGA-CS-4943-10A-01D-1466-01	17	36476332	36676629	124	0.0465
TCGA-CS-4943-10A-01D-1466-01	17	36676679	36683712	16	0.6556
TCGA-CS-4943-10A-01D-1466-01	17	36683976	40930704	2163	0.0199
TCGA-CS-4943-10A-01D-1466-01	17	40941880	41066091	21	0.3656
TCGA-CS-4943-10A-01D-1466-01	17	41066273	41860676	467	0.1987
TCGA-CS-4943-10A-01D-1466-01	17	41879021	41879036	2	1.6925
TCGA-CS-4943-10A-01D-1466-01	17	41901645	42092938	28	0.3834
TCGA-CS-4943-10A-01D-1466-01	17	42096609	72420660	18463	0.0093
TCGA-CS-4943-10A-01D-1466-01	17	72420694	72451907	30	0.3389
TCGA-CS-4943-10A-01D-1466-01	17	72459030	72844051	235	0.0238
TCGA-CS-4943-10A-01D-1466-01	17	72844427	72879079	33	0.4346
TCGA-CS-4943-10A-01D-1466-01	17	72879241	73780101	526	0.0258
TCGA-CS-4943-10A-01D-1466-01	17	73781682	73810129	16	0.4672
TCGA-CS-4943-10A-01D-1466-01	17	73812794	73922908	54	-0.027
TCGA-CS-4943-10A-01D-1466-01	17	73926052	73956453	15	0.6225
TCGA-CS-4943-10A-01D-1466-01	17	73956873	76727758	1526	0.0612
TCGA-CS-4943-10A-01D-1466-01	17	76728036	76756856	9	0.5581
TCGA-CS-4943-10A-01D-1466-01	17	76757114	77052312	106	0.0602
TCGA-CS-4943-10A-01D-1466-01	17	77052327	77066757	7	0.5162
TCGA-CS-4943-10A-01D-1466-01	17	77066931	77672724	132	0.0149
TCGA-CS-4943-10A-01D-1466-01	17	77673064	77802538	55	0.2705
TCGA-CS-4943-10A-01D-1466-01	17	77808053	78643088	424	0.0142
TCGA-CS-4943-10A-01D-1466-01	18	1543	26066383	16072	0.0035
TCGA-CS-4943-10A-01D-1466-01	18	26068546	26069966	3	-1.3594
TCGA-CS-4943-10A-01D-1466-01	18	26072612	38305676	8011	-0.0041
TCGA-CS-4943-10A-01D-1466-01	18	38310567	38311765	25	-1.4986
TCGA-CS-4943-10A-01D-1466-01	18	38312393	45336312	4637	-0.0059
TCGA-CS-4943-10A-01D-1466-01	18	45336684	45374481	33	0.3758
TCGA-CS-4943-10A-01D-1466-01	18	45375314	60190544	10468	0.0017
TCGA-CS-4943-10A-01D-1466-01	18	60191094	60218786	18	0.4383
TCGA-CS-4943-10A-01D-1466-01	18	60219078	61574297	873	-0.0097
TCGA-CS-4943-10A-01D-1466-01	18	61574462	61574540	2	-0.9438
TCGA-CS-4943-10A-01D-1466-01	18	61576133	61637394	63	0.0887
TCGA-CS-4943-10A-01D-1466-01	18	61637568	61648152	5	0.6021
TCGA-CS-4943-10A-01D-1466-01	18	61651633	62057846	339	-0.0519
TCGA-CS-4943-10A-01D-1466-01	18	62058414	62062569	10	-1.017
TCGA-CS-4943-10A-01D-1466-01	18	62062856	74080487	9118	-0.0054
TCGA-CS-4943-10A-01D-1466-01	18	74083648	74105112	19	0.4589
TCGA-CS-4943-10A-01D-1466-01	18	74105143	76116029	1143	0.0788
TCGA-CS-4943-10A-01D-1466-01	19	41910	777420	160	0.068
TCGA-CS-4943-10A-01D-1466-01	19	778049	882523	20	0.3649
TCGA-CS-4943-10A-01D-1466-01	19	890673	1179277	86	0.0239
TCGA-CS-4943-10A-01D-1466-01	19	1179292	1285747	20	0.4816
TCGA-CS-4943-10A-01D-1466-01	19	1288376	1682831	101	0.0206
TCGA-CS-4943-10A-01D-1466-01	19	1683600	1818912	22	0.39
TCGA-CS-4943-10A-01D-1466-01	19	1824720	4354017	760	0.0193
TCGA-CS-4943-10A-01D-1466-01	19	4357160	4773630	123	0.2446
TCGA-CS-4943-10A-01D-1466-01	19	4773828	19684196	7262	0.0189
TCGA-CS-4943-10A-01D-1466-01	19	19689135	19735871	26	0.4122
TCGA-CS-4943-10A-01D-1466-01	19	19736915	20944898	725	0.0536
TCGA-CS-4943-10A-01D-1466-01	19	20944919	20945314	2	-1.1543
TCGA-CS-4943-10A-01D-1466-01	19	20946008	21606759	380	0.0245
TCGA-CS-4943-10A-01D-1466-01	19	21607480	21611709	2	-1.1196
TCGA-CS-4943-10A-01D-1466-01	19	21611951	24253476	1557	0.0259
TCGA-CS-4943-10A-01D-1466-01	19	24253495	24256797	7	-1.0958
TCGA-CS-4943-10A-01D-1466-01	19	24279522	40541027	5575	0.005
TCGA-CS-4943-10A-01D-1466-01	19	40541061	40568162	34	0.4313
TCGA-CS-4943-10A-01D-1466-01	19	40568715	44371219	1906	0.0087
TCGA-CS-4943-10A-01D-1466-01	19	44373968	44436536	27	0.3856
TCGA-CS-4943-10A-01D-1466-01	19	44439550	45818267	730	0.0067
TCGA-CS-4943-10A-01D-1466-01	19	45819305	45844730	13	0.5022
TCGA-CS-4943-10A-01D-1466-01	19	45851033	50517538	2480	0.0162
TCGA-CS-4943-10A-01D-1466-01	19	50525641	50595314	26	0.3057
TCGA-CS-4943-10A-01D-1466-01	19	50602808	55066308	1946	0.0182
TCGA-CS-4943-10A-01D-1466-01	19	55069955	55352337	138	0.2316
TCGA-CS-4943-10A-01D-1466-01	19	55353260	56836402	845	0.0217
TCGA-CS-4943-10A-01D-1466-01	19	56836958	56840009	6	0.7023
TCGA-CS-4943-10A-01D-1466-01	19	56846717	58210326	946	0.0533
TCGA-CS-4943-10A-01D-1466-01	19	58210559	58246131	24	0.542
TCGA-CS-4943-10A-01D-1466-01	19	58246168	59389526	750	0.0822
TCGA-CS-4943-10A-01D-1466-01	19	59389681	59408862	23	0.3557
TCGA-CS-4943-10A-01D-1466-01	19	59409113	59489660	44	0.0118
TCGA-CS-4943-10A-01D-1466-01	19	59497342	59504487	5	0.7249
TCGA-CS-4943-10A-01D-1466-01	19	59506391	59594197	42	0.0174
TCGA-CS-4943-10A-01D-1466-01	19	59601193	59640277	16	0.5139
TCGA-CS-4943-10A-01D-1466-01	19	59641579	59990392	206	0.0107
TCGA-CS-4943-10A-01D-1466-01	19	59991881	60070511	43	-0.7072
TCGA-CS-4943-10A-01D-1466-01	19	60071267	60885569	372	0.0453
TCGA-CS-4943-10A-01D-1466-01	19	60885819	60929988	30	0.3678
TCGA-CS-4943-10A-01D-1466-01	19	60932975	63569257	1779	0.0143
TCGA-CS-4943-10A-01D-1466-01	19	63570038	63594205	25	0.3592
TCGA-CS-4943-10A-01D-1466-01	19	63594474	63596343	5	-0.3267
TCGA-CS-4943-10A-01D-1466-01	19	63596404	63632326	21	0.3261
TCGA-CS-4943-10A-01D-1466-01	19	63635220	63636187	2	-3.8804
TCGA-CS-4943-10A-01D-1466-01	19	63637868	63789666	52	0.2246
TCGA-CS-4943-10A-01D-1466-01	2	2784	997951	683	0.0306
TCGA-CS-4943-10A-01D-1466-01	2	1000946	1001582	5	-0.8643
TCGA-CS-4943-10A-01D-1466-01	2	1001906	4183562	2303	0.0432
TCGA-CS-4943-10A-01D-1466-01	2	4191739	4201387	37	-0.6399
TCGA-CS-4943-10A-01D-1466-01	2	4201442	52597429	34193	0.0043
TCGA-CS-4943-10A-01D-1466-01	2	52607972	52635046	40	0.5785
TCGA-CS-4943-10A-01D-1466-01	2	52641453	88246078	22368	-0.001
TCGA-CS-4943-10A-01D-1466-01	2	88246591	88273173	12	0.5792
TCGA-CS-4943-10A-01D-1466-01	2	88274215	127549154	19743	0.0014
TCGA-CS-4943-10A-01D-1466-01	2	127558400	127612733	38	0.34
TCGA-CS-4943-10A-01D-1466-01	2	127612802	146578555	11507	0.0039
TCGA-CS-4943-10A-01D-1466-01	2	146580874	146583404	24	0.638
TCGA-CS-4943-10A-01D-1466-01	2	146594276	208063200	37013	-0.0022
TCGA-CS-4943-10A-01D-1466-01	2	208063423	208067394	15	-0.549
TCGA-CS-4943-10A-01D-1466-01	2	208067581	230493661	14624	3e-04
TCGA-CS-4943-10A-01D-1466-01	2	230494083	230584026	35	0.2668
TCGA-CS-4943-10A-01D-1466-01	2	230585110	242738129	7497	0.0336
TCGA-CS-4943-10A-01D-1466-01	20	9305	1500503	1185	0.0365
TCGA-CS-4943-10A-01D-1466-01	20	1505190	1519272	36	-0.4458
TCGA-CS-4943-10A-01D-1466-01	20	1519325	3760706	1598	-0.0047
TCGA-CS-4943-10A-01D-1466-01	20	3766485	3800380	21	0.3361
TCGA-CS-4943-10A-01D-1466-01	20	3801351	3935738	66	0.1004
TCGA-CS-4943-10A-01D-1466-01	20	3936009	4049800	97	0.3181
TCGA-CS-4943-10A-01D-1466-01	20	4052076	61181982	39023	0.0041
TCGA-CS-4943-10A-01D-1466-01	20	61182963	61243546	38	0.353
TCGA-CS-4943-10A-01D-1466-01	20	61246214	62426597	445	0.1758
TCGA-CS-4943-10A-01D-1466-01	21	9758742	9955957	31	0.4506
TCGA-CS-4943-10A-01D-1466-01	21	9957781	20402719	4746	0.003
TCGA-CS-4943-10A-01D-1466-01	21	20405321	20406814	4	-0.9018
TCGA-CS-4943-10A-01D-1466-01	21	20414451	22573005	1687	-0.0098
TCGA-CS-4943-10A-01D-1466-01	21	22577771	22586529	9	-0.9209
TCGA-CS-4943-10A-01D-1466-01	21	22588870	39850406	12893	0.0017
TCGA-CS-4943-10A-01D-1466-01	21	39853116	39923149	67	0.2672
TCGA-CS-4943-10A-01D-1466-01	21	39923884	43445273	2996	0.0038
TCGA-CS-4943-10A-01D-1466-01	21	43445448	43714325	164	0.2417
TCGA-CS-4943-10A-01D-1466-01	21	43716146	44587144	461	0.0056
TCGA-CS-4943-10A-01D-1466-01	21	44588070	44692667	42	0.3157
TCGA-CS-4943-10A-01D-1466-01	21	44692780	46921385	1319	0.0759
TCGA-CS-4943-10A-01D-1466-01	22	14432528	16435605	781	0.0339
TCGA-CS-4943-10A-01D-1466-01	22	16438748	16442891	3	1.0618
TCGA-CS-4943-10A-01D-1466-01	22	16442987	17030979	426	0.0172
TCGA-CS-4943-10A-01D-1466-01	22	17035860	20051603	1651	0.7228
TCGA-CS-4943-10A-01D-1466-01	22	20051720	22601692	1727	0.0933
TCGA-CS-4943-10A-01D-1466-01	22	22601745	22674422	34	0.5126
TCGA-CS-4943-10A-01D-1466-01	22	22680529	22726814	19	-1.1907
TCGA-CS-4943-10A-01D-1466-01	22	22731529	26420448	3323	0.0245
TCGA-CS-4943-10A-01D-1466-01	22	26422535	26463974	50	0.2784
TCGA-CS-4943-10A-01D-1466-01	22	26464986	28198855	976	0.0136
TCGA-CS-4943-10A-01D-1466-01	22	28199190	28211801	8	0.7684
TCGA-CS-4943-10A-01D-1466-01	22	28211828	34293379	4526	-0.0022
TCGA-CS-4943-10A-01D-1466-01	22	34294104	34368213	56	0.2615
TCGA-CS-4943-10A-01D-1466-01	22	34368646	36824110	1469	0.0157
TCGA-CS-4943-10A-01D-1466-01	22	36830328	36874244	31	0.4507
TCGA-CS-4943-10A-01D-1466-01	22	36876646	37620866	395	0.0044
TCGA-CS-4943-10A-01D-1466-01	22	37625201	37626850	3	-2.0521
TCGA-CS-4943-10A-01D-1466-01	22	37629060	49581321	8089	0.0433
TCGA-CS-4943-10A-01D-1466-01	3	35345	945950	748	-0.0338
TCGA-CS-4943-10A-01D-1466-01	3	947151	1006926	48	0.294
TCGA-CS-4943-10A-01D-1466-01	3	1006964	5102960	3762	-0.0121
TCGA-CS-4943-10A-01D-1466-01	3	5104126	5113199	15	0.4184
TCGA-CS-4943-10A-01D-1466-01	3	5115269	10162301	4061	-0.0125
TCGA-CS-4943-10A-01D-1466-01	3	10166045	10277960	103	0.2584
TCGA-CS-4943-10A-01D-1466-01	3	10279523	12671739	1827	0.0054
TCGA-CS-4943-10A-01D-1466-01	3	12671888	12728355	41	0.242
TCGA-CS-4943-10A-01D-1466-01	3	12731894	26032331	9109	-0.0013
TCGA-CS-4943-10A-01D-1466-01	3	26032480	26032803	2	-1.1747
TCGA-CS-4943-10A-01D-1466-01	3	26035298	42020420	10653	-0.0032
TCGA-CS-4943-10A-01D-1466-01	3	42022655	42157474	74	0.2429
TCGA-CS-4943-10A-01D-1466-01	3	42157550	55873139	7595	-8e-04
TCGA-CS-4943-10A-01D-1466-01	3	55873508	55873809	2	-1.1741
TCGA-CS-4943-10A-01D-1466-01	3	55877492	60374194	3153	0.0025
TCGA-CS-4943-10A-01D-1466-01	3	60374212	60375507	4	-0.8245
TCGA-CS-4943-10A-01D-1466-01	3	60375520	60489776	148	-0.0543
TCGA-CS-4943-10A-01D-1466-01	3	60491221	60534292	46	0.2676
TCGA-CS-4943-10A-01D-1466-01	3	60540171	68828854	6490	0.0028
TCGA-CS-4943-10A-01D-1466-01	3	68828949	68830103	14	-0.8043
TCGA-CS-4943-10A-01D-1466-01	3	68831448	70625161	1425	-0.002
TCGA-CS-4943-10A-01D-1466-01	3	70632174	70632206	2	-1.0898
TCGA-CS-4943-10A-01D-1466-01	3	70632890	72720464	1557	0.0055
TCGA-CS-4943-10A-01D-1466-01	3	72721919	72722022	2	1.1804
TCGA-CS-4943-10A-01D-1466-01	3	72724106	75651239	1956	0.0029
TCGA-CS-4943-10A-01D-1466-01	3	75655239	75669495	6	0.902
TCGA-CS-4943-10A-01D-1466-01	3	75677871	84184912	4702	0.0025
TCGA-CS-4943-10A-01D-1466-01	3	84188123	84188856	2	-2.6641
TCGA-CS-4943-10A-01D-1466-01	3	84193657	84782448	303	-0.0234
TCGA-CS-4943-10A-01D-1466-01	3	84782483	84784826	13	-1.3856
TCGA-CS-4943-10A-01D-1466-01	3	84784851	99391815	5403	-0.0074
TCGA-CS-4943-10A-01D-1466-01	3	99396115	99397507	2	-1.0345
TCGA-CS-4943-10A-01D-1466-01	3	99398638	100420474	595	-0.0107
TCGA-CS-4943-10A-01D-1466-01	3	100427148	100432111	38	0.2634
TCGA-CS-4943-10A-01D-1466-01	3	100433654	121624533	13102	-0.0081
TCGA-CS-4943-10A-01D-1466-01	3	121628229	121628235	2	-1.3373
TCGA-CS-4943-10A-01D-1466-01	3	121628337	126907162	3158	-6e-04
TCGA-CS-4943-10A-01D-1466-01	3	126908459	126952111	18	0.4654
TCGA-CS-4943-10A-01D-1466-01	3	126958024	129779742	1789	0.0049
TCGA-CS-4943-10A-01D-1466-01	3	129790905	129794471	7	0.6352
TCGA-CS-4943-10A-01D-1466-01	3	129794759	129833374	19	0.3013
TCGA-CS-4943-10A-01D-1466-01	3	129833744	131268630	661	0.0016
TCGA-CS-4943-10A-01D-1466-01	3	131268899	131288926	46	0.7802
TCGA-CS-4943-10A-01D-1466-01	3	131289614	138515750	4511	0.0032
TCGA-CS-4943-10A-01D-1466-01	3	138515950	138515953	3	1.3609
TCGA-CS-4943-10A-01D-1466-01	3	138516112	144768455	3864	0.0034
TCGA-CS-4943-10A-01D-1466-01	3	144768490	144768664	4	0.9493
TCGA-CS-4943-10A-01D-1466-01	3	144769491	152003335	4482	-0.0103
TCGA-CS-4943-10A-01D-1466-01	3	152003990	152046385	29	0.2865
TCGA-CS-4943-10A-01D-1466-01	3	152048900	163606060	7133	-0.0013
TCGA-CS-4943-10A-01D-1466-01	3	163620294	163625399	14	-0.6613
TCGA-CS-4943-10A-01D-1466-01	3	163626942	164028923	285	-0.0205
TCGA-CS-4943-10A-01D-1466-01	3	164030203	164108674	45	-0.2686
TCGA-CS-4943-10A-01D-1466-01	3	164108689	173756049	5745	-0.0015
TCGA-CS-4943-10A-01D-1466-01	3	173757210	173758590	4	-0.9468
TCGA-CS-4943-10A-01D-1466-01	3	173759448	176563305	1920	0.0045
TCGA-CS-4943-10A-01D-1466-01	3	176563441	176563920	4	-0.9082
TCGA-CS-4943-10A-01D-1466-01	3	176564019	194360596	11528	0.0043
TCGA-CS-4943-10A-01D-1466-01	3	194360656	194365597	19	-0.8737
TCGA-CS-4943-10A-01D-1466-01	3	194369129	199322975	2688	0.0356
TCGA-CS-4943-10A-01D-1466-01	3	199329613	199334102	11	-0.5084
TCGA-CS-4943-10A-01D-1466-01	3	199335622	199380515	9	0.1989
TCGA-CS-4943-10A-01D-1466-01	4	2281	55978	57	0.1811
TCGA-CS-4943-10A-01D-1466-01	4	56719	286348	113	-0.037
TCGA-CS-4943-10A-01D-1466-01	4	286383	339439	25	0.2478
TCGA-CS-4943-10A-01D-1466-01	4	339576	435794	33	0.0084
TCGA-CS-4943-10A-01D-1466-01	4	437011	1043172	187	0.2711
TCGA-CS-4943-10A-01D-1466-01	4	1043934	1276966	129	-0.0079
TCGA-CS-4943-10A-01D-1466-01	4	1283224	1370848	37	0.3293
TCGA-CS-4943-10A-01D-1466-01	4	1375149	7473165	3728	0.0146
TCGA-CS-4943-10A-01D-1466-01	4	7477838	7520938	44	0.3532
TCGA-CS-4943-10A-01D-1466-01	4	7523311	8095161	432	0.0133
TCGA-CS-4943-10A-01D-1466-01	4	8095959	8100635	4	0.7718
TCGA-CS-4943-10A-01D-1466-01	4	8100956	9468995	635	0.0449
TCGA-CS-4943-10A-01D-1466-01	4	9468999	9474140	4	-0.9961
TCGA-CS-4943-10A-01D-1466-01	4	9476600	9819488	377	0.0217
TCGA-CS-4943-10A-01D-1466-01	4	9832514	9844366	35	0.7798
TCGA-CS-4943-10A-01D-1466-01	4	9845240	48788543	26011	-0.0019
TCGA-CS-4943-10A-01D-1466-01	4	48808852	49205156	24	0.3705
TCGA-CS-4943-10A-01D-1466-01	4	49205959	115393149	38325	-0.004
TCGA-CS-4943-10A-01D-1466-01	4	115394772	115403715	26	0.4444
TCGA-CS-4943-10A-01D-1466-01	4	115403759	120473301	3036	-5e-04
TCGA-CS-4943-10A-01D-1466-01	4	120477572	120477655	2	-1.1361
TCGA-CS-4943-10A-01D-1466-01	4	120480233	122501423	1311	-3e-04
TCGA-CS-4943-10A-01D-1466-01	4	122501918	122504585	28	-0.7861
TCGA-CS-4943-10A-01D-1466-01	4	122510581	152139943	17354	-0.0017
TCGA-CS-4943-10A-01D-1466-01	4	152144848	152240564	37	0.2845
TCGA-CS-4943-10A-01D-1466-01	4	152243776	157187630	3203	0.0051
TCGA-CS-4943-10A-01D-1466-01	4	157187733	157187748	2	1.1371
TCGA-CS-4943-10A-01D-1466-01	4	157187923	162171863	3160	1e-04
TCGA-CS-4943-10A-01D-1466-01	4	162171887	162182196	14	-0.4314
TCGA-CS-4943-10A-01D-1466-01	4	162182969	162696532	367	-0.0108
TCGA-CS-4943-10A-01D-1466-01	4	162696634	162699899	2	-1.1684
TCGA-CS-4943-10A-01D-1466-01	4	162700361	175189460	7734	-2e-04
TCGA-CS-4943-10A-01D-1466-01	4	175194978	175195556	4	-1.0601
TCGA-CS-4943-10A-01D-1466-01	4	175195636	185839021	7395	-2e-04
TCGA-CS-4943-10A-01D-1466-01	4	185840329	185845568	3	1.0191
TCGA-CS-4943-10A-01D-1466-01	4	185846098	189738943	2755	0.0346
TCGA-CS-4943-10A-01D-1466-01	4	189739162	189742914	6	-0.7843
TCGA-CS-4943-10A-01D-1466-01	4	189743522	191261904	892	0.0057
TCGA-CS-4943-10A-01D-1466-01	5	68532	949815	384	0.1167
TCGA-CS-4943-10A-01D-1466-01	5	958701	961540	3	-1.095
TCGA-CS-4943-10A-01D-1466-01	5	966391	9384848	7147	0.0189
TCGA-CS-4943-10A-01D-1466-01	5	9385394	9423568	44	0.3689
TCGA-CS-4943-10A-01D-1466-01	5	9423882	68882059	35678	-0.0021
TCGA-CS-4943-10A-01D-1466-01	5	68903050	69110747	3	1.0208
TCGA-CS-4943-10A-01D-1466-01	5	69153679	76107722	3707	0.0101
TCGA-CS-4943-10A-01D-1466-01	5	76108019	76172791	35	0.27
TCGA-CS-4943-10A-01D-1466-01	5	76174323	78481227	1454	0.0073
TCGA-CS-4943-10A-01D-1466-01	5	78486696	78521698	19	0.4146
TCGA-CS-4943-10A-01D-1466-01	5	78527713	137838415	36555	-0.0065
TCGA-CS-4943-10A-01D-1466-01	5	137838843	137844367	13	-0.655
TCGA-CS-4943-10A-01D-1466-01	5	137844693	168071817	19884	-0.0031
TCGA-CS-4943-10A-01D-1466-01	5	168073300	168093132	11	0.478
TCGA-CS-4943-10A-01D-1466-01	5	168093707	172031738	3032	0.0155
TCGA-CS-4943-10A-01D-1466-01	5	172032662	172095541	45	0.2055
TCGA-CS-4943-10A-01D-1466-01	5	172098864	174071442	1523	-6e-04
TCGA-CS-4943-10A-01D-1466-01	5	174071710	174121512	24	0.4524
TCGA-CS-4943-10A-01D-1466-01	5	174125915	175402930	882	0.0078
TCGA-CS-4943-10A-01D-1466-01	5	175409726	175409786	2	-0.968
TCGA-CS-4943-10A-01D-1466-01	5	175456803	175983321	239	0.0125
TCGA-CS-4943-10A-01D-1466-01	5	175985835	176201345	124	0.2186
TCGA-CS-4943-10A-01D-1466-01	5	176202194	177583599	499	0.0107
TCGA-CS-4943-10A-01D-1466-01	5	177584998	177637198	31	0.3001
TCGA-CS-4943-10A-01D-1466-01	5	177637256	178855352	794	0.0117
TCGA-CS-4943-10A-01D-1466-01	5	178856082	178872524	10	0.5536
TCGA-CS-4943-10A-01D-1466-01	5	178872802	180311494	847	0.0265
TCGA-CS-4943-10A-01D-1466-01	5	180312809	180350709	17	0.5324
TCGA-CS-4943-10A-01D-1466-01	5	180365831	180722926	170	0.1277
TCGA-CS-4943-10A-01D-1466-01	6	94661	149689	35	0.052
TCGA-CS-4943-10A-01D-1466-01	6	149909	150920	3	0.7894
TCGA-CS-4943-10A-01D-1466-01	6	150947	239837	86	0.0456
TCGA-CS-4943-10A-01D-1466-01	6	247306	366317	111	0.2948
TCGA-CS-4943-10A-01D-1466-01	6	367408	766138	333	0.0271
TCGA-CS-4943-10A-01D-1466-01	6	766327	791919	20	0.4557
TCGA-CS-4943-10A-01D-1466-01	6	792346	4841577	3313	0.0091
TCGA-CS-4943-10A-01D-1466-01	6	4843575	4847240	6	-0.7408
TCGA-CS-4943-10A-01D-1466-01	6	4850835	23165616	13836	0.0026
TCGA-CS-4943-10A-01D-1466-01	6	23168970	23172233	4	-1.2882
TCGA-CS-4943-10A-01D-1466-01	6	23175624	27746659	2939	0.0132
TCGA-CS-4943-10A-01D-1466-01	6	27749699	27782539	48	0.313
TCGA-CS-4943-10A-01D-1466-01	6	27782577	29944556	1014	-0.0068
TCGA-CS-4943-10A-01D-1466-01	6	29944615	29982787	28	0.3816
TCGA-CS-4943-10A-01D-1466-01	6	29984938	32562501	1188	0.0579
TCGA-CS-4943-10A-01D-1466-01	6	32564661	32681749	31	-0.4621
TCGA-CS-4943-10A-01D-1466-01	6	32681992	54039110	13783	0.0019
TCGA-CS-4943-10A-01D-1466-01	6	54039189	54039814	6	-0.8399
TCGA-CS-4943-10A-01D-1466-01	6	54043307	74648586	10526	-0.0092
TCGA-CS-4943-10A-01D-1466-01	6	74648953	74654069	9	0.7561
TCGA-CS-4943-10A-01D-1466-01	6	74658138	76303719	1055	-0.0185
TCGA-CS-4943-10A-01D-1466-01	6	76309512	76309616	2	-1.2018
TCGA-CS-4943-10A-01D-1466-01	6	76326999	77071668	416	-0.0078
TCGA-CS-4943-10A-01D-1466-01	6	77073620	77073646	3	0.9419
TCGA-CS-4943-10A-01D-1466-01	6	77073713	77496813	299	-0.003
TCGA-CS-4943-10A-01D-1466-01	6	77497537	77509111	13	-0.6813
TCGA-CS-4943-10A-01D-1466-01	6	77509165	79019608	984	-0.015
TCGA-CS-4943-10A-01D-1466-01	6	79025784	79091893	112	-0.5905
TCGA-CS-4943-10A-01D-1466-01	6	79091904	85808997	4310	-0.0143
TCGA-CS-4943-10A-01D-1466-01	6	85810096	85813254	2	-1.5046
TCGA-CS-4943-10A-01D-1466-01	6	85813272	114328648	17910	-0.0065
TCGA-CS-4943-10A-01D-1466-01	6	114331534	114331709	2	-1.4769
TCGA-CS-4943-10A-01D-1466-01	6	114332504	170761420	37579	0.0065
TCGA-CS-4943-10A-01D-1466-01	6	170824252	170892930	4	0.3221
TCGA-CS-4943-10A-01D-1466-01	7	52911	2212860	720	0.0916
TCGA-CS-4943-10A-01D-1466-01	7	2216420	2311465	41	0.2898
TCGA-CS-4943-10A-01D-1466-01	7	2312196	2346694	10	-0.1892
TCGA-CS-4943-10A-01D-1466-01	7	2346890	2418899	30	0.2925
TCGA-CS-4943-10A-01D-1466-01	7	2419150	4346851	1468	0.0131
TCGA-CS-4943-10A-01D-1466-01	7	4347881	4353299	12	0.3767
TCGA-CS-4943-10A-01D-1466-01	7	4354120	9071296	3095	0.0107
TCGA-CS-4943-10A-01D-1466-01	7	9071551	9072097	3	-1.4056
TCGA-CS-4943-10A-01D-1466-01	7	9080260	19633313	8647	-0.0155
TCGA-CS-4943-10A-01D-1466-01	7	19644072	19644994	2	-1.5004
TCGA-CS-4943-10A-01D-1466-01	7	19648044	22063440	1781	-0.0033
TCGA-CS-4943-10A-01D-1466-01	7	22063925	22064001	3	-0.847
TCGA-CS-4943-10A-01D-1466-01	7	22064630	24001652	1378	-0.0062
TCGA-CS-4943-10A-01D-1466-01	7	24006403	24006908	2	1.2919
TCGA-CS-4943-10A-01D-1466-01	7	24007342	64328811	24568	0.0042
TCGA-CS-4943-10A-01D-1466-01	7	64328850	64380618	32	0.4111
TCGA-CS-4943-10A-01D-1466-01	7	64387913	69952960	3039	0.0189
TCGA-CS-4943-10A-01D-1466-01	7	69953003	70000527	33	0.3885
TCGA-CS-4943-10A-01D-1466-01	7	70002038	75704207	2135	0.0304
TCGA-CS-4943-10A-01D-1466-01	7	75706632	75714690	5	0.5899
TCGA-CS-4943-10A-01D-1466-01	7	75715290	97223906	13757	-0.0025
TCGA-CS-4943-10A-01D-1466-01	7	97233396	97240411	16	-0.6188
TCGA-CS-4943-10A-01D-1466-01	7	97242176	100712193	1503	0.0334
TCGA-CS-4943-10A-01D-1466-01	7	100712958	100924034	93	0.298
TCGA-CS-4943-10A-01D-1466-01	7	100928587	109186327	5007	0.0036
TCGA-CS-4943-10A-01D-1466-01	7	109187062	109197553	9	-0.5535
TCGA-CS-4943-10A-01D-1466-01	7	109197578	109224909	35	-0.0161
TCGA-CS-4943-10A-01D-1466-01	7	109224911	109241146	25	-0.4175
TCGA-CS-4943-10A-01D-1466-01	7	109241218	115647268	3803	-0.0017
TCGA-CS-4943-10A-01D-1466-01	7	115647716	115649532	3	-1.4373
TCGA-CS-4943-10A-01D-1466-01	7	115649681	120982979	3274	5e-04
TCGA-CS-4943-10A-01D-1466-01	7	120983562	120986822	2	-1.4926
TCGA-CS-4943-10A-01D-1466-01	7	120988528	125832210	2961	6e-04
TCGA-CS-4943-10A-01D-1466-01	7	125832718	125834115	16	-0.6761
TCGA-CS-4943-10A-01D-1466-01	7	125834116	139659107	8755	0.0116
TCGA-CS-4943-10A-01D-1466-01	7	139659422	139765288	48	0.2561
TCGA-CS-4943-10A-01D-1466-01	7	139765714	141409163	1136	0.0013
TCGA-CS-4943-10A-01D-1466-01	7	141409593	141438576	43	-0.5944
TCGA-CS-4943-10A-01D-1466-01	7	141441750	142154515	450	0.0249
TCGA-CS-4943-10A-01D-1466-01	7	142156294	142165614	27	0.6426
TCGA-CS-4943-10A-01D-1466-01	7	142165684	143540378	845	-0.0057
TCGA-CS-4943-10A-01D-1466-01	7	143542557	143735095	48	0.2906
TCGA-CS-4943-10A-01D-1466-01	7	143736874	145853110	1312	-0.0029
TCGA-CS-4943-10A-01D-1466-01	7	145853216	145853798	2	-2.0317
TCGA-CS-4943-10A-01D-1466-01	7	145857364	157414564	7494	0.0168
TCGA-CS-4943-10A-01D-1466-01	7	157417209	157417240	2	-1.3263
TCGA-CS-4943-10A-01D-1466-01	7	157420053	158819765	878	0.0983
TCGA-CS-4943-10A-01D-1466-01	8	21254	583041	327	0.1058
TCGA-CS-4943-10A-01D-1466-01	8	584944	585908	10	1.0247
TCGA-CS-4943-10A-01D-1466-01	8	591043	607885	14	0.3148
TCGA-CS-4943-10A-01D-1466-01	8	608552	7158507	7479	0.023
TCGA-CS-4943-10A-01D-1466-01	8	7174042	7174056	2	2.1893
TCGA-CS-4943-10A-01D-1466-01	8	7181231	7302153	55	0.0815
TCGA-CS-4943-10A-01D-1466-01	8	7310863	7825372	116	0.3404
TCGA-CS-4943-10A-01D-1466-01	8	7836168	40302956	23564	0.0105
TCGA-CS-4943-10A-01D-1466-01	8	40302962	40308639	30	-0.7054
TCGA-CS-4943-10A-01D-1466-01	8	40308654	144370481	63757	-0.007
TCGA-CS-4943-10A-01D-1466-01	8	144370533	144381200	8	0.4681
TCGA-CS-4943-10A-01D-1466-01	8	144381314	144763421	120	0.019
TCGA-CS-4943-10A-01D-1466-01	8	144763476	144800141	22	0.395
TCGA-CS-4943-10A-01D-1466-01	8	144800782	146268959	498	0.1581
TCGA-CS-4943-10A-01D-1466-01	9	36587	2471455	2693	0.0075
TCGA-CS-4943-10A-01D-1466-01	9	2471651	2471683	2	1.2262
TCGA-CS-4943-10A-01D-1466-01	9	2473527	6644258	3651	0.0125
TCGA-CS-4943-10A-01D-1466-01	9	6644556	6651406	7	0.7603
TCGA-CS-4943-10A-01D-1466-01	9	6651613	6831789	118	0.2433
TCGA-CS-4943-10A-01D-1466-01	9	6832077	41622671	24882	-0.006
TCGA-CS-4943-10A-01D-1466-01	9	41622708	41968375	15	-0.5591
TCGA-CS-4943-10A-01D-1466-01	9	41975187	43255970	27	1e-04
TCGA-CS-4943-10A-01D-1466-01	9	43412533	43740182	39	0.5729
TCGA-CS-4943-10A-01D-1466-01	9	44054868	137279808	47354	0.0014
TCGA-CS-4943-10A-01D-1466-01	9	137279823	137503754	148	0.2364
TCGA-CS-4943-10A-01D-1466-01	9	137504210	138193099	298	0.0147
TCGA-CS-4943-10A-01D-1466-01	9	138193336	138274802	26	0.339
TCGA-CS-4943-10A-01D-1466-01	9	138275049	138527753	79	-0.004
TCGA-CS-4943-10A-01D-1466-01	9	138528406	138555190	12	0.4058
TCGA-CS-4943-10A-01D-1466-01	9	138555205	139271230	153	0.001
TCGA-CS-4943-10A-01D-1466-01	9	139271561	139354230	22	0.2757
TCGA-CS-4943-10A-01D-1466-01	9	139370639	139410626	15	0.5863
TCGA-CS-4943-10A-01D-1466-01	9	139410642	139871322	195	0.0208
TCGA-CS-4943-10A-01D-1466-01	9	139871683	139880607	12	0.4356
TCGA-CS-4943-10A-01D-1466-01	9	139883042	140211215	199	0.1352
TCGA-CS-4943-10A-01D-1466-01	X	108477	5022853	1767	0.0466
TCGA-CS-4943-10A-01D-1466-01	X	5023068	5029712	11	-0.7247
TCGA-CS-4943-10A-01D-1466-01	X	5030674	8820080	2992	0.0084
TCGA-CS-4943-10A-01D-1466-01	X	8820585	8822108	6	-1.8464
TCGA-CS-4943-10A-01D-1466-01	X	8823859	19354449	7013	0.0193
TCGA-CS-4943-10A-01D-1466-01	X	19357158	19426326	56	0.4895
TCGA-CS-4943-10A-01D-1466-01	X	19427160	137400336	61872	-0.0029
TCGA-CS-4943-10A-01D-1466-01	X	137400394	137400511	2	2.9078
TCGA-CS-4943-10A-01D-1466-01	X	137400671	152476922	9945	0.002
TCGA-CS-4943-10A-01D-1466-01	X	152478627	152486930	10	0.7633
TCGA-CS-4943-10A-01D-1466-01	X	152487354	153219847	281	0.076
TCGA-CS-4943-10A-01D-1466-01	X	153219925	153274213	63	0.3428
TCGA-CS-4943-10A-01D-1466-01	X	153274581	154835548	553	0.023
TCGA-CS-4943-10A-01D-1466-01	Y	2710438	57427647	8590	-0.9699
