barcode	chromosome	start	stop	num.mark	seg.mean
TCGA-HT-7601-10A-01D-2085-01	1	51598	6579942	3079	-0.01
TCGA-HT-7601-10A-01D-2085-01	1	6582459	6583247	2	-1.8753
TCGA-HT-7601-10A-01D-2085-01	1	6584250	12784924	3449	-0.0059
TCGA-HT-7601-10A-01D-2085-01	1	12789677	12815095	18	0.5355
TCGA-HT-7601-10A-01D-2085-01	1	12832564	15919178	1783	0.0079
TCGA-HT-7601-10A-01D-2085-01	1	15920625	15920699	2	-1.8072
TCGA-HT-7601-10A-01D-2085-01	1	15920701	16015547	54	0.0475
TCGA-HT-7601-10A-01D-2085-01	1	16019619	16022502	11	-0.3644
TCGA-HT-7601-10A-01D-2085-01	1	16026084	16026512	6	-2.2257
TCGA-HT-7601-10A-01D-2085-01	1	16026788	16840712	334	-0.0086
TCGA-HT-7601-10A-01D-2085-01	1	16840721	16920783	48	-0.2878
TCGA-HT-7601-10A-01D-2085-01	1	16920992	17083239	31	0.0398
TCGA-HT-7601-10A-01D-2085-01	1	17085301	17170285	67	-0.4773
TCGA-HT-7601-10A-01D-2085-01	1	17171083	25455928	5259	-0.0012
TCGA-HT-7601-10A-01D-2085-01	1	25465715	25519573	28	-1.9071
TCGA-HT-7601-10A-01D-2085-01	1	25534088	34861071	4958	-0.001
TCGA-HT-7601-10A-01D-2085-01	1	34864045	34877078	24	-0.6097
TCGA-HT-7601-10A-01D-2085-01	1	34886855	41542899	3593	-1e-04
TCGA-HT-7601-10A-01D-2085-01	1	41546941	41547842	2	-1.7226
TCGA-HT-7601-10A-01D-2085-01	1	41555670	54858193	7445	0.0048
TCGA-HT-7601-10A-01D-2085-01	1	54862788	54865879	2	-1.7145
TCGA-HT-7601-10A-01D-2085-01	1	54866977	72541086	12726	1e-04
TCGA-HT-7601-10A-01D-2085-01	1	72541504	72583721	45	-1.8767
TCGA-HT-7601-10A-01D-2085-01	1	72583736	103965022	20071	-0.0012
TCGA-HT-7601-10A-01D-2085-01	1	103965310	104104926	27	-0.4456
TCGA-HT-7601-10A-01D-2085-01	1	104105024	104841243	413	0.0286
TCGA-HT-7601-10A-01D-2085-01	1	104847407	104852537	4	-0.8518
TCGA-HT-7601-10A-01D-2085-01	1	104856440	105814277	499	0
TCGA-HT-7601-10A-01D-2085-01	1	105814899	105823898	18	0.4563
TCGA-HT-7601-10A-01D-2085-01	1	105825578	105845810	23	-0.0318
TCGA-HT-7601-10A-01D-2085-01	1	105846710	105859984	13	-0.5127
TCGA-HT-7601-10A-01D-2085-01	1	105862121	108531282	1905	0.0053
TCGA-HT-7601-10A-01D-2085-01	1	108535758	108539019	3	-3.4027
TCGA-HT-7601-10A-01D-2085-01	1	108540627	110029023	722	-0.0196
TCGA-HT-7601-10A-01D-2085-01	1	110029038	110038470	15	-1.3159
TCGA-HT-7601-10A-01D-2085-01	1	110041045	150821800	10020	-0.0076
TCGA-HT-7601-10A-01D-2085-01	1	150822151	150853200	34	-0.8738
TCGA-HT-7601-10A-01D-2085-01	1	150853218	159784563	5477	-0.0059
TCGA-HT-7601-10A-01D-2085-01	1	159787194	159883638	13	0.6289
TCGA-HT-7601-10A-01D-2085-01	1	159884026	191422415	21834	0.0015
TCGA-HT-7601-10A-01D-2085-01	1	191422902	191422971	4	-1.3477
TCGA-HT-7601-10A-01D-2085-01	1	191426346	197143217	3715	-0.0072
TCGA-HT-7601-10A-01D-2085-01	1	197143435	197143481	2	-2.4507
TCGA-HT-7601-10A-01D-2085-01	1	197144970	241115363	30853	-0.002
TCGA-HT-7601-10A-01D-2085-01	1	241116497	241122520	14	-0.6788
TCGA-HT-7601-10A-01D-2085-01	1	241122609	247191011	3839	-0.0112
TCGA-HT-7601-10A-01D-2085-01	10	62809	31286516	24270	-0.0025
TCGA-HT-7601-10A-01D-2085-01	10	31291340	31291828	12	-0.8109
TCGA-HT-7601-10A-01D-2085-01	10	31291891	43340473	5709	-0.001
TCGA-HT-7601-10A-01D-2085-01	10	43341728	43341775	2	-1.5605
TCGA-HT-7601-10A-01D-2085-01	10	43342491	47089840	1776	0.0264
TCGA-HT-7601-10A-01D-2085-01	10	47089854	47090018	2	-2.091
TCGA-HT-7601-10A-01D-2085-01	10	47090290	66976164	12923	-0.0029
TCGA-HT-7601-10A-01D-2085-01	10	66976282	66984452	29	0.6031
TCGA-HT-7601-10A-01D-2085-01	10	66992801	90363090	15391	6e-04
TCGA-HT-7601-10A-01D-2085-01	10	90363825	90364618	3	-2.0138
TCGA-HT-7601-10A-01D-2085-01	10	90366957	135356694	30879	0.0083
TCGA-HT-7601-10A-01D-2085-01	11	188510	4926819	2479	-0.0183
TCGA-HT-7601-10A-01D-2085-01	11	4926853	4933190	35	0.5522
TCGA-HT-7601-10A-01D-2085-01	11	4933390	5217815	256	0.0012
TCGA-HT-7601-10A-01D-2085-01	11	5217950	5218808	3	-1.7347
TCGA-HT-7601-10A-01D-2085-01	11	5218869	5746177	533	-0.009
TCGA-HT-7601-10A-01D-2085-01	11	5746301	5766037	31	0.4233
TCGA-HT-7601-10A-01D-2085-01	11	5768936	18905919	9415	-6e-04
TCGA-HT-7601-10A-01D-2085-01	11	18906223	18918498	51	-0.3781
TCGA-HT-7601-10A-01D-2085-01	11	18918511	21803470	2603	0.0099
TCGA-HT-7601-10A-01D-2085-01	11	21804082	21805328	5	-1.1032
TCGA-HT-7601-10A-01D-2085-01	11	21807233	55133074	19235	-5e-04
TCGA-HT-7601-10A-01D-2085-01	11	55133087	55209585	50	0.4255
TCGA-HT-7601-10A-01D-2085-01	11	55210152	55712932	362	-0.038
TCGA-HT-7601-10A-01D-2085-01	11	55713334	55716324	3	-1.5105
TCGA-HT-7601-10A-01D-2085-01	11	55723767	91470137	20988	-0.0044
TCGA-HT-7601-10A-01D-2085-01	11	91470306	91470691	2	-1.6275
TCGA-HT-7601-10A-01D-2085-01	11	91472352	94498149	2190	0.0051
TCGA-HT-7601-10A-01D-2085-01	11	94500347	94500359	2	-2.0199
TCGA-HT-7601-10A-01D-2085-01	11	94500421	134367660	28779	0.0038
TCGA-HT-7601-10A-01D-2085-01	11	134373058	134376801	3	-1.4198
TCGA-HT-7601-10A-01D-2085-01	11	134377514	134449982	50	-0.121
TCGA-HT-7601-10A-01D-2085-01	12	20703	739459	419	-0.0189
TCGA-HT-7601-10A-01D-2085-01	12	739524	745615	17	-0.7155
TCGA-HT-7601-10A-01D-2085-01	12	746507	9521823	5764	-0.0014
TCGA-HT-7601-10A-01D-2085-01	12	9525137	9619559	24	1.5618
TCGA-HT-7601-10A-01D-2085-01	12	9626236	9628505	7	-0.826
TCGA-HT-7601-10A-01D-2085-01	12	9630716	10470044	624	0.0075
TCGA-HT-7601-10A-01D-2085-01	12	10471727	10487987	7	-0.9073
TCGA-HT-7601-10A-01D-2085-01	12	10490069	10587357	46	0.036
TCGA-HT-7601-10A-01D-2085-01	12	10587431	10588685	2	-1.7936
TCGA-HT-7601-10A-01D-2085-01	12	10593321	11105412	352	7e-04
TCGA-HT-7601-10A-01D-2085-01	12	11106639	11113635	6	-0.627
TCGA-HT-7601-10A-01D-2085-01	12	11113977	11132799	9	-1.5443
TCGA-HT-7601-10A-01D-2085-01	12	11143141	11394780	128	-0.0379
TCGA-HT-7601-10A-01D-2085-01	12	11395140	11434673	36	-0.6183
TCGA-HT-7601-10A-01D-2085-01	12	11443459	31797939	14398	-5e-04
TCGA-HT-7601-10A-01D-2085-01	12	31798541	31801175	3	-2.2728
TCGA-HT-7601-10A-01D-2085-01	12	31808487	31954269	124	-0.0388
TCGA-HT-7601-10A-01D-2085-01	12	31959169	31959449	4	-1.2346
TCGA-HT-7601-10A-01D-2085-01	12	31963813	32221682	208	-0.0422
TCGA-HT-7601-10A-01D-2085-01	12	32222462	32222936	2	-1.8098
TCGA-HT-7601-10A-01D-2085-01	12	32225759	32228183	3	-0.5866
TCGA-HT-7601-10A-01D-2085-01	12	32228229	33185765	670	-0.0049
TCGA-HT-7601-10A-01D-2085-01	12	33185778	33192673	7	-0.5925
TCGA-HT-7601-10A-01D-2085-01	12	33192693	33198345	25	0.5307
TCGA-HT-7601-10A-01D-2085-01	12	33198641	98315945	39342	-7e-04
TCGA-HT-7601-10A-01D-2085-01	12	98319424	98322865	31	-0.6893
TCGA-HT-7601-10A-01D-2085-01	12	98327224	128865635	20670	0.0051
TCGA-HT-7601-10A-01D-2085-01	12	128865706	128870234	2	-1.8475
TCGA-HT-7601-10A-01D-2085-01	12	128870600	130686668	1487	0.0245
TCGA-HT-7601-10A-01D-2085-01	12	130698537	130708322	15	0.6871
TCGA-HT-7601-10A-01D-2085-01	12	130708423	132288262	569	-0.0218
TCGA-HT-7601-10A-01D-2085-01	13	17924949	22527164	2893	-0.0064
TCGA-HT-7601-10A-01D-2085-01	13	22527177	22531515	15	0.7628
TCGA-HT-7601-10A-01D-2085-01	13	22536195	28426992	4427	-0.0048
TCGA-HT-7601-10A-01D-2085-01	13	28427377	28427880	4	-1.8725
TCGA-HT-7601-10A-01D-2085-01	13	28429995	34890671	4702	-0.0013
TCGA-HT-7601-10A-01D-2085-01	13	34901458	34909673	2	-1.5446
TCGA-HT-7601-10A-01D-2085-01	13	34911973	36969135	1507	-0.0045
TCGA-HT-7601-10A-01D-2085-01	13	36970036	36986387	19	-0.807
TCGA-HT-7601-10A-01D-2085-01	13	36986609	56569887	12495	2e-04
TCGA-HT-7601-10A-01D-2085-01	13	56571812	56571831	2	-1.8093
TCGA-HT-7601-10A-01D-2085-01	13	56574365	56610801	22	-0.034
TCGA-HT-7601-10A-01D-2085-01	13	56611229	56611367	4	-1.1596
TCGA-HT-7601-10A-01D-2085-01	13	56647025	68140256	6935	0.0069
TCGA-HT-7601-10A-01D-2085-01	13	68146300	68148780	8	-1.1531
TCGA-HT-7601-10A-01D-2085-01	13	68148860	68157273	11	-0.3478
TCGA-HT-7601-10A-01D-2085-01	13	68157318	68158735	11	-0.6987
TCGA-HT-7601-10A-01D-2085-01	13	68159154	68166243	9	-1.1665
TCGA-HT-7601-10A-01D-2085-01	13	68167120	71374989	2061	0.0056
TCGA-HT-7601-10A-01D-2085-01	13	71375556	71378557	4	-2.8701
TCGA-HT-7601-10A-01D-2085-01	13	71378606	114126499	29117	-9e-04
TCGA-HT-7601-10A-01D-2085-01	14	18072124	105618359	55104	0.0015
TCGA-HT-7601-10A-01D-2085-01	14	105618552	105632486	9	1.5353
TCGA-HT-7601-10A-01D-2085-01	14	105638145	105848388	102	-0.0441
TCGA-HT-7601-10A-01D-2085-01	14	105854089	105873098	8	1.0326
TCGA-HT-7601-10A-01D-2085-01	14	105886988	106356482	308	0.023
TCGA-HT-7601-10A-01D-2085-01	15	18276341	18491920	50	-0.0505
TCGA-HT-7601-10A-01D-2085-01	15	18506386	18522250	3	1.5643
TCGA-HT-7601-10A-01D-2085-01	15	18524300	19438545	227	-0.1127
TCGA-HT-7601-10A-01D-2085-01	15	19451059	19456985	5	0.8184
TCGA-HT-7601-10A-01D-2085-01	15	19458335	19540343	16	0.0449
TCGA-HT-7601-10A-01D-2085-01	15	19541614	19787133	8	-1.0348
TCGA-HT-7601-10A-01D-2085-01	15	19788634	19864595	24	-0.259
TCGA-HT-7601-10A-01D-2085-01	15	19874434	19884565	7	-1.1623
TCGA-HT-7601-10A-01D-2085-01	15	19886365	22968551	1581	0.0034
TCGA-HT-7601-10A-01D-2085-01	15	22971085	22981336	9	-0.9482
TCGA-HT-7601-10A-01D-2085-01	15	22984398	32527213	5898	0.0111
TCGA-HT-7601-10A-01D-2085-01	15	32533011	32533754	3	-2.7611
TCGA-HT-7601-10A-01D-2085-01	15	32534635	100286563	44196	0.0065
TCGA-HT-7601-10A-01D-2085-01	16	777	29252941	19158	4e-04
TCGA-HT-7601-10A-01D-2085-01	16	29254630	29265852	4	-2.3723
TCGA-HT-7601-10A-01D-2085-01	16	29265865	34317210	1363	-0.0134
TCGA-HT-7601-10A-01D-2085-01	16	34324072	34647872	185	0.4904
TCGA-HT-7601-10A-01D-2085-01	16	34647935	76929109	21107	0.0018
TCGA-HT-7601-10A-01D-2085-01	16	76929941	76937176	13	1.0901
TCGA-HT-7601-10A-01D-2085-01	16	76938764	88815036	10636	0.0093
TCGA-HT-7601-10A-01D-2085-01	17	526	41750189	23622	0.0058
TCGA-HT-7601-10A-01D-2085-01	17	41750195	42139835	48	-0.6775
TCGA-HT-7601-10A-01D-2085-01	17	42139861	48466979	3680	0.0024
TCGA-HT-7601-10A-01D-2085-01	17	48467385	48467696	3	-1.5402
TCGA-HT-7601-10A-01D-2085-01	17	48468446	51514043	2121	-0.0048
TCGA-HT-7601-10A-01D-2085-01	17	51515913	51527590	27	-1.2132
TCGA-HT-7601-10A-01D-2085-01	17	51527822	53042488	1173	0.0051
TCGA-HT-7601-10A-01D-2085-01	17	53043332	53043992	2	-2.2665
TCGA-HT-7601-10A-01D-2085-01	17	53046992	78643088	14587	-0.0024
TCGA-HT-7601-10A-01D-2085-01	18	1543	290783	129	-0.033
TCGA-HT-7601-10A-01D-2085-01	18	292052	294167	9	-0.6227
TCGA-HT-7601-10A-01D-2085-01	18	294251	297134	3	-2.2759
TCGA-HT-7601-10A-01D-2085-01	18	300037	36512725	22677	0.0043
TCGA-HT-7601-10A-01D-2085-01	18	36514418	36519387	19	-0.7206
TCGA-HT-7601-10A-01D-2085-01	18	36522022	61918120	17564	0.0057
TCGA-HT-7601-10A-01D-2085-01	18	61918268	61918902	2	-3.0398
TCGA-HT-7601-10A-01D-2085-01	18	61926575	69695727	5778	0.0018
TCGA-HT-7601-10A-01D-2085-01	18	69696208	69696284	2	-1.8898
TCGA-HT-7601-10A-01D-2085-01	18	69697198	75978709	4509	0.0219
TCGA-HT-7601-10A-01D-2085-01	18	75983559	75991628	5	-0.8763
TCGA-HT-7601-10A-01D-2085-01	18	75992434	76116029	75	-0.1156
TCGA-HT-7601-10A-01D-2085-01	19	41910	6932885	2323	-0.0074
TCGA-HT-7601-10A-01D-2085-01	19	6933336	6938798	3	-1.3903
TCGA-HT-7601-10A-01D-2085-01	19	6939270	40541061	14481	-0.0044
TCGA-HT-7601-10A-01D-2085-01	19	40541149	40558794	28	0.4094
TCGA-HT-7601-10A-01D-2085-01	19	40562188	56823625	8102	0.0046
TCGA-HT-7601-10A-01D-2085-01	19	56834164	56840009	11	-1.0534
TCGA-HT-7601-10A-01D-2085-01	19	56846717	63789666	4384	-0.0101
TCGA-HT-7601-10A-01D-2085-01	2	2784	4181455	2983	0.0103
TCGA-HT-7601-10A-01D-2085-01	2	4183562	4201042	37	-0.6626
TCGA-HT-7601-10A-01D-2085-01	2	4201387	18191820	10682	0.0012
TCGA-HT-7601-10A-01D-2085-01	2	18193250	18206788	19	0.6963
TCGA-HT-7601-10A-01D-2085-01	2	18207420	27805910	5816	0.0015
TCGA-HT-7601-10A-01D-2085-01	2	27806272	27807496	2	-1.3756
TCGA-HT-7601-10A-01D-2085-01	2	27810972	34544573	4542	-0.0038
TCGA-HT-7601-10A-01D-2085-01	2	34552819	34590561	46	0.5117
TCGA-HT-7601-10A-01D-2085-01	2	34591060	35829477	875	-0.0324
TCGA-HT-7601-10A-01D-2085-01	2	35831294	35841420	6	-1.8611
TCGA-HT-7601-10A-01D-2085-01	2	35841451	37612249	1401	0.0012
TCGA-HT-7601-10A-01D-2085-01	2	37615728	37616401	3	-1.4355
TCGA-HT-7601-10A-01D-2085-01	2	37623579	54512817	12198	-0.0064
TCGA-HT-7601-10A-01D-2085-01	2	54513211	54513484	2	-1.8674
TCGA-HT-7601-10A-01D-2085-01	2	54514299	57404983	2067	-0.0091
TCGA-HT-7601-10A-01D-2085-01	2	57405580	57405916	2	-1.7481
TCGA-HT-7601-10A-01D-2085-01	2	57408153	97520697	20595	0.002
TCGA-HT-7601-10A-01D-2085-01	2	97523704	97528142	3	-1.7794
TCGA-HT-7601-10A-01D-2085-01	2	97528621	129354548	19030	-0.0072
TCGA-HT-7601-10A-01D-2085-01	2	129354948	129356785	15	-2.9463
TCGA-HT-7601-10A-01D-2085-01	2	129356799	146517757	10443	-0.0072
TCGA-HT-7601-10A-01D-2085-01	2	146517837	146519744	2	-4.5382
TCGA-HT-7601-10A-01D-2085-01	2	146520058	146580913	35	0.0509
TCGA-HT-7601-10A-01D-2085-01	2	146580927	146583404	21	0.8178
TCGA-HT-7601-10A-01D-2085-01	2	146594276	153494690	4197	-0.0095
TCGA-HT-7601-10A-01D-2085-01	2	153495437	153505030	5	-1.1493
TCGA-HT-7601-10A-01D-2085-01	2	153508815	179769900	16069	-0.003
TCGA-HT-7601-10A-01D-2085-01	2	179775437	179787389	3	-2.5945
TCGA-HT-7601-10A-01D-2085-01	2	179791836	188832476	5444	-0.0051
TCGA-HT-7601-10A-01D-2085-01	2	188835175	188837303	2	-1.6894
TCGA-HT-7601-10A-01D-2085-01	2	188837424	193473201	2730	0.0053
TCGA-HT-7601-10A-01D-2085-01	2	193473630	193474374	2	-1.7753
TCGA-HT-7601-10A-01D-2085-01	2	193476554	194657928	538	-0.0092
TCGA-HT-7601-10A-01D-2085-01	2	194658211	194662320	4	-1.1781
TCGA-HT-7601-10A-01D-2085-01	2	194662340	208063200	7965	8e-04
TCGA-HT-7601-10A-01D-2085-01	2	208063423	208067581	16	-0.953
TCGA-HT-7601-10A-01D-2085-01	2	208067721	242738129	22116	4e-04
TCGA-HT-7601-10A-01D-2085-01	20	9305	654823	483	-0.0249
TCGA-HT-7601-10A-01D-2085-01	20	655598	660185	4	-1.7623
TCGA-HT-7601-10A-01D-2085-01	20	661786	1500174	694	0.0026
TCGA-HT-7601-10A-01D-2085-01	20	1500430	1508999	24	0.3832
TCGA-HT-7601-10A-01D-2085-01	20	1509580	1530092	35	1.5878
TCGA-HT-7601-10A-01D-2085-01	20	1530207	28042184	18798	0.0034
TCGA-HT-7601-10A-01D-2085-01	20	28050463	28119554	20	-0.7635
TCGA-HT-7601-10A-01D-2085-01	20	28141554	61691693	22068	0.0044
TCGA-HT-7601-10A-01D-2085-01	20	61692902	61693101	2	-2.6067
TCGA-HT-7601-10A-01D-2085-01	20	61693668	62426597	309	0.0033
TCGA-HT-7601-10A-01D-2085-01	21	9758742	10035835	77	-0.2956
TCGA-HT-7601-10A-01D-2085-01	21	10039978	46904273	24284	-0.0014
TCGA-HT-7601-10A-01D-2085-01	21	46907120	46921385	12	-0.2699
TCGA-HT-7601-10A-01D-2085-01	22	14432528	14745495	45	0.114
TCGA-HT-7601-10A-01D-2085-01	22	14754972	14779151	9	1.0037
TCGA-HT-7601-10A-01D-2085-01	22	14782835	16435605	728	0.0172
TCGA-HT-7601-10A-01D-2085-01	22	16438748	16438885	2	1.6428
TCGA-HT-7601-10A-01D-2085-01	22	16442891	17030979	428	-0.014
TCGA-HT-7601-10A-01D-2085-01	22	17035860	17128454	6	-0.9658
TCGA-HT-7601-10A-01D-2085-01	22	17150421	17916729	434	-0.0337
TCGA-HT-7601-10A-01D-2085-01	22	17918479	17918527	2	-2.3296
TCGA-HT-7601-10A-01D-2085-01	22	17921165	19872615	1197	-0.0046
TCGA-HT-7601-10A-01D-2085-01	22	19897231	20038030	7	-1.8716
TCGA-HT-7601-10A-01D-2085-01	22	20038108	20056510	6	-0.6042
TCGA-HT-7601-10A-01D-2085-01	22	20058120	20139185	9	-0.0076
TCGA-HT-7601-10A-01D-2085-01	22	20145866	20170765	19	-0.5558
TCGA-HT-7601-10A-01D-2085-01	22	20171832	21082462	749	0.0048
TCGA-HT-7601-10A-01D-2085-01	22	21082680	21082880	4	-1.6415
TCGA-HT-7601-10A-01D-2085-01	22	21087321	22601536	934	0.0342
TCGA-HT-7601-10A-01D-2085-01	22	22601611	22660218	31	-0.4924
TCGA-HT-7601-10A-01D-2085-01	22	22660269	22662933	4	-2.0323
TCGA-HT-7601-10A-01D-2085-01	22	22667307	22726814	22	0.4842
TCGA-HT-7601-10A-01D-2085-01	22	22731529	49581321	18893	0.0087
TCGA-HT-7601-10A-01D-2085-01	3	35345	1071039	869	0.0014
TCGA-HT-7601-10A-01D-2085-01	3	1071177	1071251	2	-2.3845
TCGA-HT-7601-10A-01D-2085-01	3	1073731	25713237	18595	0.0093
TCGA-HT-7601-10A-01D-2085-01	3	25719472	25720364	2	-1.7252
TCGA-HT-7601-10A-01D-2085-01	3	25721029	37945271	8187	0.0053
TCGA-HT-7601-10A-01D-2085-01	3	37945322	37962110	27	-0.5498
TCGA-HT-7601-10A-01D-2085-01	3	37962146	46780127	5540	0.0021
TCGA-HT-7601-10A-01D-2085-01	3	46784392	46819404	21	0.3714
TCGA-HT-7601-10A-01D-2085-01	3	46819443	52998251	2502	-0.005
TCGA-HT-7601-10A-01D-2085-01	3	53003415	53014140	36	-0.8426
TCGA-HT-7601-10A-01D-2085-01	3	53014156	63054541	7739	0.0099
TCGA-HT-7601-10A-01D-2085-01	3	63055072	63057156	3	-1.9961
TCGA-HT-7601-10A-01D-2085-01	3	63057913	68828854	4292	0.0092
TCGA-HT-7601-10A-01D-2085-01	3	68828949	68830054	13	-1.5355
TCGA-HT-7601-10A-01D-2085-01	3	68830103	163995433	55040	0.0014
TCGA-HT-7601-10A-01D-2085-01	3	163995786	164098609	62	0.4353
TCGA-HT-7601-10A-01D-2085-01	3	164106536	189063555	15336	-0.0021
TCGA-HT-7601-10A-01D-2085-01	3	189069534	189079068	29	-0.606
TCGA-HT-7601-10A-01D-2085-01	3	189079155	190843448	1309	-0.0313
TCGA-HT-7601-10A-01D-2085-01	3	190846372	190847332	11	-0.9517
TCGA-HT-7601-10A-01D-2085-01	3	190853682	191825199	749	0.0049
TCGA-HT-7601-10A-01D-2085-01	3	191828212	191828912	2	-1.3128
TCGA-HT-7601-10A-01D-2085-01	3	191829219	193865871	1398	0.004
TCGA-HT-7601-10A-01D-2085-01	3	193866326	193873471	5	-0.9741
TCGA-HT-7601-10A-01D-2085-01	3	193875061	194360656	344	0.0305
TCGA-HT-7601-10A-01D-2085-01	3	194360739	194363167	6	1.2565
TCGA-HT-7601-10A-01D-2085-01	3	194363281	199322975	2692	-0.0019
TCGA-HT-7601-10A-01D-2085-01	3	199329613	199380515	20	-0.4946
TCGA-HT-7601-10A-01D-2085-01	4	2281	5367636	2611	-0.0021
TCGA-HT-7601-10A-01D-2085-01	4	5370687	5374196	3	-1.6675
TCGA-HT-7601-10A-01D-2085-01	4	5375100	9819488	3184	0.0014
TCGA-HT-7601-10A-01D-2085-01	4	9823258	9843364	31	-2.4145
TCGA-HT-7601-10A-01D-2085-01	4	9843706	32037972	15627	8e-04
TCGA-HT-7601-10A-01D-2085-01	4	32044449	32045411	5	-1.1308
TCGA-HT-7601-10A-01D-2085-01	4	32049212	34462895	1348	0.0249
TCGA-HT-7601-10A-01D-2085-01	4	34463350	34501120	37	0.6217
TCGA-HT-7601-10A-01D-2085-01	4	34506267	36600250	1384	-0.0034
TCGA-HT-7601-10A-01D-2085-01	4	36602936	36602965	2	-1.3176
TCGA-HT-7601-10A-01D-2085-01	4	36603416	42897546	4186	1e-04
TCGA-HT-7601-10A-01D-2085-01	4	42898141	42901295	3	-1.8711
TCGA-HT-7601-10A-01D-2085-01	4	42901383	64380204	11004	0.0025
TCGA-HT-7601-10A-01D-2085-01	4	64380328	64390853	25	-0.5048
TCGA-HT-7601-10A-01D-2085-01	4	64399026	65519632	690	0.0106
TCGA-HT-7601-10A-01D-2085-01	4	65519646	65522613	7	-0.7506
TCGA-HT-7601-10A-01D-2085-01	4	65526646	68943146	2160	0.0059
TCGA-HT-7601-10A-01D-2085-01	4	68943659	68970737	6	-1.5411
TCGA-HT-7601-10A-01D-2085-01	4	68977394	172605921	62536	-8e-04
TCGA-HT-7601-10A-01D-2085-01	4	172611459	172617537	14	-0.8626
TCGA-HT-7601-10A-01D-2085-01	4	172617973	190426037	12133	0.0098
TCGA-HT-7601-10A-01D-2085-01	4	190432112	190436258	4	-2.4667
TCGA-HT-7601-10A-01D-2085-01	4	190436765	191261904	386	-0.0119
TCGA-HT-7601-10A-01D-2085-01	5	68532	738748	308	0.0055
TCGA-HT-7601-10A-01D-2085-01	5	751371	862806	43	0.558
TCGA-HT-7601-10A-01D-2085-01	5	870850	46306865	30437	0.0066
TCGA-HT-7601-10A-01D-2085-01	5	46307687	46309259	6	-2.8698
TCGA-HT-7601-10A-01D-2085-01	5	46313969	57361784	5085	0.0065
TCGA-HT-7601-10A-01D-2085-01	5	57361920	57369290	31	-0.8742
TCGA-HT-7601-10A-01D-2085-01	5	57374114	75474294	10428	0.0026
TCGA-HT-7601-10A-01D-2085-01	5	75474978	75486129	29	-0.4024
TCGA-HT-7601-10A-01D-2085-01	5	75486218	101219622	14881	-0.005
TCGA-HT-7601-10A-01D-2085-01	5	101219653	101282927	54	0.5491
TCGA-HT-7601-10A-01D-2085-01	5	101283816	103879120	1454	0.0115
TCGA-HT-7601-10A-01D-2085-01	5	103888272	103888503	4	-1.8811
TCGA-HT-7601-10A-01D-2085-01	5	103888948	180722926	50278	0.0025
TCGA-HT-7601-10A-01D-2085-01	6	94661	248121	127	0.0073
TCGA-HT-7601-10A-01D-2085-01	6	259962	318453	68	0.4004
TCGA-HT-7601-10A-01D-2085-01	6	320277	26845011	20074	0.0011
TCGA-HT-7601-10A-01D-2085-01	6	26845417	26862372	13	-1.2005
TCGA-HT-7601-10A-01D-2085-01	6	26863894	29945167	1450	-0.0137
TCGA-HT-7601-10A-01D-2085-01	6	29945293	29957246	14	-1.0907
TCGA-HT-7601-10A-01D-2085-01	6	29958175	30026566	36	0.0922
TCGA-HT-7601-10A-01D-2085-01	6	30029053	30029106	2	-1.7038
TCGA-HT-7601-10A-01D-2085-01	6	30029202	31388802	634	-0.0102
TCGA-HT-7601-10A-01D-2085-01	6	31394255	31395090	4	1.0022
TCGA-HT-7601-10A-01D-2085-01	6	31395201	31403385	3	2.6357
TCGA-HT-7601-10A-01D-2085-01	6	31403932	54039110	14314	-0.0022
TCGA-HT-7601-10A-01D-2085-01	6	54039189	54039814	6	2.942
TCGA-HT-7601-10A-01D-2085-01	6	54043307	65393663	4348	-0.0057
TCGA-HT-7601-10A-01D-2085-01	6	65404265	65405713	2	-2.68
TCGA-HT-7601-10A-01D-2085-01	6	65407497	67068099	1105	-0.0157
TCGA-HT-7601-10A-01D-2085-01	6	67068322	67097634	30	-0.9369
TCGA-HT-7601-10A-01D-2085-01	6	67098172	67099618	5	-3.1248
TCGA-HT-7601-10A-01D-2085-01	6	67099913	67100644	7	-1.3388
TCGA-HT-7601-10A-01D-2085-01	6	67100864	67105350	8	-0.6036
TCGA-HT-7601-10A-01D-2085-01	6	67106127	67740528	519	-0.0111
TCGA-HT-7601-10A-01D-2085-01	6	67740542	67741252	6	-1.1592
TCGA-HT-7601-10A-01D-2085-01	6	67744804	77071668	5954	0.001
TCGA-HT-7601-10A-01D-2085-01	6	77073620	77073776	6	-0.9422
TCGA-HT-7601-10A-01D-2085-01	6	77073789	77493251	293	-0.026
TCGA-HT-7601-10A-01D-2085-01	6	77496587	77509476	21	0.8249
TCGA-HT-7601-10A-01D-2085-01	6	77517792	79019300	975	0.0063
TCGA-HT-7601-10A-01D-2085-01	6	79019345	79091904	114	0.4676
TCGA-HT-7601-10A-01D-2085-01	6	79095953	81334706	1430	0.0111
TCGA-HT-7601-10A-01D-2085-01	6	81340908	81346253	33	-0.8459
TCGA-HT-7601-10A-01D-2085-01	6	81351060	100294361	11928	-6e-04
TCGA-HT-7601-10A-01D-2085-01	6	100295212	100295502	3	-1.9348
TCGA-HT-7601-10A-01D-2085-01	6	100295596	103834918	2085	0.0058
TCGA-HT-7601-10A-01D-2085-01	6	103837186	103858612	30	-0.55
TCGA-HT-7601-10A-01D-2085-01	6	103858628	126224456	13914	0.0023
TCGA-HT-7601-10A-01D-2085-01	6	126225385	126228469	3	-3.2382
TCGA-HT-7601-10A-01D-2085-01	6	126230586	134307961	5184	0.0061
TCGA-HT-7601-10A-01D-2085-01	6	134310764	134311325	2	-2.4965
TCGA-HT-7601-10A-01D-2085-01	6	134313765	170892930	25120	0.0029
TCGA-HT-7601-10A-01D-2085-01	7	52911	22401305	16081	0.0051
TCGA-HT-7601-10A-01D-2085-01	7	22401997	22403012	2	-2.9873
TCGA-HT-7601-10A-01D-2085-01	7	22405279	61761509	24653	0.0019
TCGA-HT-7601-10A-01D-2085-01	7	61793773	61794171	11	-0.8244
TCGA-HT-7601-10A-01D-2085-01	7	61799054	76145887	6356	-3e-04
TCGA-HT-7601-10A-01D-2085-01	7	76145915	76221396	30	-0.4035
TCGA-HT-7601-10A-01D-2085-01	7	76222746	76317891	71	0.0261
TCGA-HT-7601-10A-01D-2085-01	7	76319008	76333733	21	-0.4912
TCGA-HT-7601-10A-01D-2085-01	7	76333888	100163125	14763	5e-04
TCGA-HT-7601-10A-01D-2085-01	7	100167180	100170778	3	-1.6301
TCGA-HT-7601-10A-01D-2085-01	7	100188941	133525371	20202	0.0018
TCGA-HT-7601-10A-01D-2085-01	7	133527393	133528415	5	-1.1917
TCGA-HT-7601-10A-01D-2085-01	7	133537374	141416160	5141	-0.001
TCGA-HT-7601-10A-01D-2085-01	7	141416529	141445586	43	0.3505
TCGA-HT-7601-10A-01D-2085-01	7	141445629	142154515	446	0.0378
TCGA-HT-7601-10A-01D-2085-01	7	142156294	142159298	8	-3.6589
TCGA-HT-7601-10A-01D-2085-01	7	142159383	142165268	14	-1.5479
TCGA-HT-7601-10A-01D-2085-01	7	142165340	142165614	5	-3.5295
TCGA-HT-7601-10A-01D-2085-01	7	142165684	142837828	396	-0.0056
TCGA-HT-7601-10A-01D-2085-01	7	142837893	142842078	3	-1.496
TCGA-HT-7601-10A-01D-2085-01	7	142842675	143075464	124	0.0206
TCGA-HT-7601-10A-01D-2085-01	7	143079312	143079333	6	-0.7718
TCGA-HT-7601-10A-01D-2085-01	7	143083821	143349055	187	0.024
TCGA-HT-7601-10A-01D-2085-01	7	143349158	143349864	5	-0.9791
TCGA-HT-7601-10A-01D-2085-01	7	143350171	143504310	118	0.0038
TCGA-HT-7601-10A-01D-2085-01	7	143504885	143697880	45	0.5379
TCGA-HT-7601-10A-01D-2085-01	7	143705862	152778571	5575	3e-04
TCGA-HT-7601-10A-01D-2085-01	7	152778578	152778645	2	-3.1847
TCGA-HT-7601-10A-01D-2085-01	7	152778648	158819765	4110	0.0106
TCGA-HT-7601-10A-01D-2085-01	8	21254	5054945	5378	0.0189
TCGA-HT-7601-10A-01D-2085-01	8	5056465	5063360	19	-0.6028
TCGA-HT-7601-10A-01D-2085-01	8	5063497	5066662	19	-0.0159
TCGA-HT-7601-10A-01D-2085-01	8	5068452	5076509	12	-0.6934
TCGA-HT-7601-10A-01D-2085-01	8	5077488	7225313	2420	4e-04
TCGA-HT-7601-10A-01D-2085-01	8	7225429	7864332	153	0.2727
TCGA-HT-7601-10A-01D-2085-01	8	7864777	25030393	13820	0.0018
TCGA-HT-7601-10A-01D-2085-01	8	25030439	25040250	25	0.6308
TCGA-HT-7601-10A-01D-2085-01	8	25047021	26934995	1481	-0.0105
TCGA-HT-7601-10A-01D-2085-01	8	26935440	26936599	6	-1.1059
TCGA-HT-7601-10A-01D-2085-01	8	26942724	36188396	5832	-0.0046
TCGA-HT-7601-10A-01D-2085-01	8	36192105	36196681	5	-0.9285
TCGA-HT-7601-10A-01D-2085-01	8	36197883	38409516	1190	0.0087
TCGA-HT-7601-10A-01D-2085-01	8	38409651	38409666	2	-1.2396
TCGA-HT-7601-10A-01D-2085-01	8	38410244	38437371	49	0.0119
TCGA-HT-7601-10A-01D-2085-01	8	38437505	38437663	6	-0.6802
TCGA-HT-7601-10A-01D-2085-01	8	38438506	38740137	175	0.0273
TCGA-HT-7601-10A-01D-2085-01	8	38740455	38750303	4	-0.7535
TCGA-HT-7601-10A-01D-2085-01	8	38754586	39366268	279	-0.0013
TCGA-HT-7601-10A-01D-2085-01	8	39367899	39503281	52	-0.276
TCGA-HT-7601-10A-01D-2085-01	8	39503857	39613659	76	-0.0028
TCGA-HT-7601-10A-01D-2085-01	8	39613831	39617104	2	1.1072
TCGA-HT-7601-10A-01D-2085-01	8	39621354	40891153	999	-0.0021
TCGA-HT-7601-10A-01D-2085-01	8	40897009	40897628	2	-2.0563
TCGA-HT-7601-10A-01D-2085-01	8	40902837	95626728	30655	-0.0099
TCGA-HT-7601-10A-01D-2085-01	8	95626778	95627168	6	1.046
TCGA-HT-7601-10A-01D-2085-01	8	95627291	112360670	10272	-0.0104
TCGA-HT-7601-10A-01D-2085-01	8	112363455	112364436	9	1.1373
TCGA-HT-7601-10A-01D-2085-01	8	112369457	138891505	18673	-0.0159
TCGA-HT-7601-10A-01D-2085-01	8	138892916	138904742	10	-1.06
TCGA-HT-7601-10A-01D-2085-01	8	138905201	146268959	4230	-0.0059
TCGA-HT-7601-10A-01D-2085-01	9	36587	23353115	20439	3e-04
TCGA-HT-7601-10A-01D-2085-01	9	23353933	23370445	10	0.8228
TCGA-HT-7601-10A-01D-2085-01	9	23370834	29078729	4330	0.0128
TCGA-HT-7601-10A-01D-2085-01	9	29079610	29090799	7	-0.9515
TCGA-HT-7601-10A-01D-2085-01	9	29091432	38429972	6065	-0.0058
TCGA-HT-7601-10A-01D-2085-01	9	38430754	38430946	3	-2.115
TCGA-HT-7601-10A-01D-2085-01	9	38431586	39332825	397	-0.0304
TCGA-HT-7601-10A-01D-2085-01	9	39733166	40552022	17	-0.6842
TCGA-HT-7601-10A-01D-2085-01	9	40575775	41465980	19	0.1523
TCGA-HT-7601-10A-01D-2085-01	9	41469883	43255970	65	-0.2786
TCGA-HT-7601-10A-01D-2085-01	9	43412533	43740182	39	-1.5799
TCGA-HT-7601-10A-01D-2085-01	9	44054868	44409324	48	-0.2493
TCGA-HT-7601-10A-01D-2085-01	9	44569219	44815938	40	-1.2487
TCGA-HT-7601-10A-01D-2085-01	9	44828123	68352798	252	-0.149
TCGA-HT-7601-10A-01D-2085-01	9	68364711	70130415	120	-0.3632
TCGA-HT-7601-10A-01D-2085-01	9	70133650	140138515	47971	8e-04
TCGA-HT-7601-10A-01D-2085-01	9	140145139	140147760	4	-5.2894
TCGA-HT-7601-10A-01D-2085-01	9	140151820	140211215	14	-0.1061
TCGA-HT-7601-10A-01D-2085-01	X	108477	115051983	60762	-4e-04
TCGA-HT-7601-10A-01D-2085-01	X	115052431	115064666	6	-3.0013
TCGA-HT-7601-10A-01D-2085-01	X	115070447	129451285	8618	-6e-04
TCGA-HT-7601-10A-01D-2085-01	X	129451324	129453999	2	-1.837
TCGA-HT-7601-10A-01D-2085-01	X	129454904	154835548	15139	0.0112
TCGA-HT-7601-10A-01D-2085-01	Y	2710438	6161425	839	-2.9295
TCGA-HT-7601-10A-01D-2085-01	Y	6167901	6356423	85	-4.3412
TCGA-HT-7601-10A-01D-2085-01	Y	6359046	7459842	462	-3.3357
TCGA-HT-7601-10A-01D-2085-01	Y	7460746	10369564	1202	-3.641
TCGA-HT-7601-10A-01D-2085-01	Y	10384614	14099670	951	-3.3419
TCGA-HT-7601-10A-01D-2085-01	Y	14099736	14103917	3	-7.7452
TCGA-HT-7601-10A-01D-2085-01	Y	14104283	17572959	1838	-3.4722
TCGA-HT-7601-10A-01D-2085-01	Y	17577516	17807379	97	-4.0988
TCGA-HT-7601-10A-01D-2085-01	Y	17809644	18080874	143	-3.4267
TCGA-HT-7601-10A-01D-2085-01	Y	18084284	19484001	672	-3.9759
TCGA-HT-7601-10A-01D-2085-01	Y	19484450	22268551	1084	-3.5156
TCGA-HT-7601-10A-01D-2085-01	Y	22268856	24840062	567	-3.8684
TCGA-HT-7601-10A-01D-2085-01	Y	24840296	24919963	26	-2.5497
TCGA-HT-7601-10A-01D-2085-01	Y	24920187	25776875	95	-4.4294
TCGA-HT-7601-10A-01D-2085-01	Y	25846090	25938472	34	-2.6501
TCGA-HT-7601-10A-01D-2085-01	Y	25944418	26018676	26	-4.0585
TCGA-HT-7601-10A-01D-2085-01	Y	26019358	26129939	32	-2.8903
TCGA-HT-7601-10A-01D-2085-01	Y	26130472	26833326	251	-3.9595
TCGA-HT-7601-10A-01D-2085-01	Y	26847504	57427647	183	-3.079
