barcode	chromosome	start	stop	num.mark	seg.mean
TCGA-E1-5322-01A-01D-1466-01	1	3218610	6387152	2023	-0.0039
TCGA-E1-5322-01A-01D-1466-01	1	6390572	6403048	9	-0.8024
TCGA-E1-5322-01A-01D-1466-01	1	6405551	247813706	127074	-0.0321
TCGA-E1-5322-01A-01D-1466-01	10	415240	4619787	2640	0.5112
TCGA-E1-5322-01A-01D-1466-01	10	4620457	4620477	2	-1.1673
TCGA-E1-5322-01A-01D-1466-01	10	4620699	38150141	23159	0.5018
TCGA-E1-5322-01A-01D-1466-01	10	38151228	96388835	30532	0.0627
TCGA-E1-5322-01A-01D-1466-01	10	96397924	96478910	43	0.4521
TCGA-E1-5322-01A-01D-1466-01	10	96484162	135225087	24495	0.062
TCGA-E1-5322-01A-01D-1466-01	11	456120	134142530	77241	0.0663
TCGA-E1-5322-01A-01D-1466-01	12	889902	133161346	73934	0.0627
TCGA-E1-5322-01A-01D-1466-01	13	19450806	99338477	46452	-0.1793
TCGA-E1-5322-01A-01D-1466-01	13	99338531	99341026	4	-1.1792
TCGA-E1-5322-01A-01D-1466-01	13	99341162	114987458	10173	-0.169
TCGA-E1-5322-01A-01D-1466-01	14	20501368	105988038	49434	-0.0932
TCGA-E1-5322-01A-01D-1466-01	15	23687685	101884307	44529	0.0535
TCGA-E1-5322-01A-01D-1466-01	16	653459	89379936	40792	0.0573
TCGA-E1-5322-01A-01D-1466-01	17	987221	80917016	36984	0.0654
TCGA-E1-5322-01A-01D-1466-01	18	329586	77109240	42661	0.0593
TCGA-E1-5322-01A-01D-1466-01	19	284018	24052992	8983	0.0623
TCGA-E1-5322-01A-01D-1466-01	19	28240494	47140679	10188	-0.6412
TCGA-E1-5322-01A-01D-1466-01	19	47141158	47143779	2	-2.709
TCGA-E1-5322-01A-01D-1466-01	19	47146072	58878226	4745	-0.6246
TCGA-E1-5322-01A-01D-1466-01	2	484222	100166898	51907	0.0581
TCGA-E1-5322-01A-01D-1466-01	2	100167798	100168258	2	-1.6771
TCGA-E1-5322-01A-01D-1466-01	2	100172059	138010188	19716	0.0567
TCGA-E1-5322-01A-01D-1466-01	2	138011809	138017393	7	-0.8737
TCGA-E1-5322-01A-01D-1466-01	2	138018893	242476062	59663	0.0629
TCGA-E1-5322-01A-01D-1466-01	20	455764	15287021	9055	0.064
TCGA-E1-5322-01A-01D-1466-01	20	15287316	15626539	323	-0.7229
TCGA-E1-5322-01A-01D-1466-01	20	15637240	62219837	27902	0.0569
TCGA-E1-5322-01A-01D-1466-01	21	15347621	47678774	20584	0.0603
TCGA-E1-5322-01A-01D-1466-01	22	17423930	49331012	16923	-0.1309
TCGA-E1-5322-01A-01D-1466-01	3	2212571	7546963	2739	-0.6484
TCGA-E1-5322-01A-01D-1466-01	3	7546997	7547142	2	-3.9136
TCGA-E1-5322-01A-01D-1466-01	3	7548067	27123670	11769	-0.5998
TCGA-E1-5322-01A-01D-1466-01	3	27123701	27123717	2	-2.484
TCGA-E1-5322-01A-01D-1466-01	3	27123844	30077482	1912	-0.6079
TCGA-E1-5322-01A-01D-1466-01	3	30078357	57916461	15767	-0.9113
TCGA-E1-5322-01A-01D-1466-01	3	57917790	136877493	43013	-0.0054
TCGA-E1-5322-01A-01D-1466-01	3	136880101	136880631	2	1.6941
TCGA-E1-5322-01A-01D-1466-01	3	136881627	197538677	31100	0.0699
TCGA-E1-5322-01A-01D-1466-01	4	1053934	146731553	80222	0.0607
TCGA-E1-5322-01A-01D-1466-01	4	146732517	188763651	22481	-0.6629
TCGA-E1-5322-01A-01D-1466-01	5	914233	124992010	66996	0.0404
TCGA-E1-5322-01A-01D-1466-01	5	124995153	124996940	5	1.0651
TCGA-E1-5322-01A-01D-1466-01	5	124996970	128669399	2094	0.0537
TCGA-E1-5322-01A-01D-1466-01	5	128674510	128978549	179	-0.6671
TCGA-E1-5322-01A-01D-1466-01	5	128983701	180360469	31229	0.0595
TCGA-E1-5322-01A-01D-1466-01	6	1014281	8075554	5210	0.0236
TCGA-E1-5322-01A-01D-1466-01	6	8075730	8075839	2	2.0165
TCGA-E1-5322-01A-01D-1466-01	6	8076969	132572195	68258	0.055
TCGA-E1-5322-01A-01D-1466-01	6	132576974	136539807	2768	-0.6619
TCGA-E1-5322-01A-01D-1466-01	6	136539853	136752092	124	0.0329
TCGA-E1-5322-01A-01D-1466-01	6	136756035	143376605	3601	-0.6625
TCGA-E1-5322-01A-01D-1466-01	6	143379351	143539833	87	0.0747
TCGA-E1-5322-01A-01D-1466-01	6	143548281	163318501	12756	-0.6674
TCGA-E1-5322-01A-01D-1466-01	6	163319108	163343570	16	0.0436
TCGA-E1-5322-01A-01D-1466-01	6	163348295	170903919	3636	-0.6878
TCGA-E1-5322-01A-01D-1466-01	7	705284	158385118	81317	0.1303
TCGA-E1-5322-01A-01D-1466-01	8	617667	145232496	81538	0.0685
TCGA-E1-5322-01A-01D-1466-01	9	789932	140938752	68030	0.0682
TCGA-E1-5322-01A-01D-1466-01	X	3157107	55318860	22729	-0.4478
TCGA-E1-5322-01A-01D-1466-01	X	55327982	56261604	438	0.2597
TCGA-E1-5322-01A-01D-1466-01	X	56520103	56546624	15	-0.5694
TCGA-E1-5322-01A-01D-1466-01	X	56553137	56575608	10	0.2254
TCGA-E1-5322-01A-01D-1466-01	X	56577978	57465467	403	-0.4008
TCGA-E1-5322-01A-01D-1466-01	X	57469147	57501023	14	0.3583
TCGA-E1-5322-01A-01D-1466-01	X	57504897	57526475	13	-0.387
TCGA-E1-5322-01A-01D-1466-01	X	57528577	57544084	10	0.3295
TCGA-E1-5322-01A-01D-1466-01	X	57547609	57930474	149	-0.4348
TCGA-E1-5322-01A-01D-1466-01	X	57932579	154905589	39964	0.2574
