barcode	chromosome	start	stop	num.mark	seg.mean
TCGA-DB-5275-01A-01D-1466-01	1	51598	88451	16	0.9431
TCGA-DB-5275-01A-01D-1466-01	1	88465	708526	21	0.0585
TCGA-DB-5275-01A-01D-1466-01	1	713180	12815095	6523	-0.5802
TCGA-DB-5275-01A-01D-1466-01	1	12832564	12849694	7	-1.6601
TCGA-DB-5275-01A-01D-1466-01	1	12850443	13672722	67	-0.3305
TCGA-DB-5275-01A-01D-1466-01	1	13674811	15993960	1747	-0.5498
TCGA-DB-5275-01A-01D-1466-01	1	15997168	16054232	55	-0.1979
TCGA-DB-5275-01A-01D-1466-01	1	16062696	16236527	76	-0.5195
TCGA-DB-5275-01A-01D-1466-01	1	16240720	16246917	4	-1.3815
TCGA-DB-5275-01A-01D-1466-01	1	16251918	16704450	207	-0.4647
TCGA-DB-5275-01A-01D-1466-01	1	16717519	16878363	48	-0.1991
TCGA-DB-5275-01A-01D-1466-01	1	16878565	16885372	14	-0.6736
TCGA-DB-5275-01A-01D-1466-01	1	16888764	16889665	5	-0.1234
TCGA-DB-5275-01A-01D-1466-01	1	16890117	16921066	17	-1.3697
TCGA-DB-5275-01A-01D-1466-01	1	16929044	25455928	5353	-0.5356
TCGA-DB-5275-01A-01D-1466-01	1	25465715	25519533	27	-1.4198
TCGA-DB-5275-01A-01D-1466-01	1	25519573	27886370	990	-0.5128
TCGA-DB-5275-01A-01D-1466-01	1	27888022	72522941	27788	0.0839
TCGA-DB-5275-01A-01D-1466-01	1	72528701	72535958	9	-0.7637
TCGA-DB-5275-01A-01D-1466-01	1	72541006	72589343	51	0.4076
TCGA-DB-5275-01A-01D-1466-01	1	72589609	75823432	1930	0.1278
TCGA-DB-5275-01A-01D-1466-01	1	75827351	75827442	2	1.005
TCGA-DB-5275-01A-01D-1466-01	1	75832097	103904753	18143	0.1188
TCGA-DB-5275-01A-01D-1466-01	1	103910761	103965310	29	0.6551
TCGA-DB-5275-01A-01D-1466-01	1	103979561	110023250	3619	0.1307
TCGA-DB-5275-01A-01D-1466-01	1	110025907	110027901	8	0.6711
TCGA-DB-5275-01A-01D-1466-01	1	110028010	110034497	8	0.1844
TCGA-DB-5275-01A-01D-1466-01	1	110034560	110047653	20	0.6515
TCGA-DB-5275-01A-01D-1466-01	1	110047796	111177743	836	0.0862
TCGA-DB-5275-01A-01D-1466-01	1	111178891	111189707	38	-0.665
TCGA-DB-5275-01A-01D-1466-01	1	111189749	112491849	1080	0.0915
TCGA-DB-5275-01A-01D-1466-01	1	112497488	112498764	23	-1.6029
TCGA-DB-5275-01A-01D-1466-01	1	112498899	150822330	8047	0.094
TCGA-DB-5275-01A-01D-1466-01	1	150822391	150852862	30	2.5559
TCGA-DB-5275-01A-01D-1466-01	1	150852902	150853218	4	1.2879
TCGA-DB-5275-01A-01D-1466-01	1	150857118	159775499	5488	0.0732
TCGA-DB-5275-01A-01D-1466-01	1	159780383	159905137	48	0.4161
TCGA-DB-5275-01A-01D-1466-01	1	159914861	167483561	6018	0.0815
TCGA-DB-5275-01A-01D-1466-01	1	167500598	167508390	7	-1.5802
TCGA-DB-5275-01A-01D-1466-01	1	167509025	192714857	16757	0.1177
TCGA-DB-5275-01A-01D-1466-01	1	192718034	192721641	2	1.5826
TCGA-DB-5275-01A-01D-1466-01	1	192723639	194981496	1455	0.1476
TCGA-DB-5275-01A-01D-1466-01	1	194994473	195028443	42	-1.6962
TCGA-DB-5275-01A-01D-1466-01	1	195028689	195065328	32	-0.506
TCGA-DB-5275-01A-01D-1466-01	1	195065342	195065911	4	-2.2413
TCGA-DB-5275-01A-01D-1466-01	1	195066128	195068278	9	-1.2008
TCGA-DB-5275-01A-01D-1466-01	1	195068407	217466417	15350	0.0949
TCGA-DB-5275-01A-01D-1466-01	1	217469050	217469388	3	-1.1042
TCGA-DB-5275-01A-01D-1466-01	1	217471689	227876030	6549	0.0897
TCGA-DB-5275-01A-01D-1466-01	1	227877792	227888376	11	0.5436
TCGA-DB-5275-01A-01D-1466-01	1	227888521	240560324	9745	0.1013
TCGA-DB-5275-01A-01D-1466-01	1	240563376	240566851	5	-0.6299
TCGA-DB-5275-01A-01D-1466-01	1	240569164	247191011	4307	0.1101
TCGA-DB-5275-01A-01D-1466-01	10	62759	17967560	14892	0.1949
TCGA-DB-5275-01A-01D-1466-01	10	17978214	17989863	2	-1.798
TCGA-DB-5275-01A-01D-1466-01	10	18011822	18176754	10	-0.3652
TCGA-DB-5275-01A-01D-1466-01	10	18190767	24415269	4352	0.2094
TCGA-DB-5275-01A-01D-1466-01	10	24417680	24418060	11	1.2358
TCGA-DB-5275-01A-01D-1466-01	10	24418914	45576787	12325	0.18
TCGA-DB-5275-01A-01D-1466-01	10	45613625	45632493	2	1.0533
TCGA-DB-5275-01A-01D-1466-01	10	45905767	46366714	17	0.1313
TCGA-DB-5275-01A-01D-1466-01	10	46366738	46567320	159	0.4055
TCGA-DB-5275-01A-01D-1466-01	10	46570476	47015897	14	0.6562
TCGA-DB-5275-01A-01D-1466-01	10	47015912	47417400	188	0.0767
TCGA-DB-5275-01A-01D-1466-01	10	47432905	47468066	3	1.4397
TCGA-DB-5275-01A-01D-1466-01	10	47480482	48882777	307	0.1162
TCGA-DB-5275-01A-01D-1466-01	10	48882834	48957609	7	-0.5516
TCGA-DB-5275-01A-01D-1466-01	10	48962469	51500366	1453	0.089
TCGA-DB-5275-01A-01D-1466-01	10	51510990	51573774	5	-1.7825
TCGA-DB-5275-01A-01D-1466-01	10	51580604	66976282	11029	0.1494
TCGA-DB-5275-01A-01D-1466-01	10	66977929	66984452	28	-1.6107
TCGA-DB-5275-01A-01D-1466-01	10	66992801	77922857	6804	0.0987
TCGA-DB-5275-01A-01D-1466-01	10	77927067	77927616	2	2.4868
TCGA-DB-5275-01A-01D-1466-01	10	77931273	90932947	9062	0.1151
TCGA-DB-5275-01A-01D-1466-01	10	90933076	90937889	8	-2.5792
TCGA-DB-5275-01A-01D-1466-01	10	90937948	90940074	4	-0.9156
TCGA-DB-5275-01A-01D-1466-01	10	90940386	106685014	9579	0.0935
TCGA-DB-5275-01A-01D-1466-01	10	106685767	106685855	2	-1.2306
TCGA-DB-5275-01A-01D-1466-01	10	106686002	124567586	13107	0.0918
TCGA-DB-5275-01A-01D-1466-01	10	124567747	124567871	2	-1.3952
TCGA-DB-5275-01A-01D-1466-01	10	124569325	135356694	7759	0.0677
TCGA-DB-5275-01A-01D-1466-01	11	188510	4923972	2472	-0.7713
TCGA-DB-5275-01A-01D-1466-01	11	4924226	4932833	31	0.11
TCGA-DB-5275-01A-01D-1466-01	11	4932848	4933483	13	-0.2957
TCGA-DB-5275-01A-01D-1466-01	11	4933587	5739501	776	-0.7598
TCGA-DB-5275-01A-01D-1466-01	11	5739535	5764916	37	-0.2504
TCGA-DB-5275-01A-01D-1466-01	11	5764952	5839893	79	-0.7506
TCGA-DB-5275-01A-01D-1466-01	11	5842287	18897446	9349	0.0856
TCGA-DB-5275-01A-01D-1466-01	11	18905648	18916691	36	-0.7752
TCGA-DB-5275-01A-01D-1466-01	11	18917326	18918564	21	-0.2165
TCGA-DB-5275-01A-01D-1466-01	11	18918592	49664951	21075	0.1111
TCGA-DB-5275-01A-01D-1466-01	11	49667437	49714247	19	-0.5424
TCGA-DB-5275-01A-01D-1466-01	11	49714343	51040482	384	0.1429
TCGA-DB-5275-01A-01D-1466-01	11	51049446	51051627	2	-1.3856
TCGA-DB-5275-01A-01D-1466-01	11	51061717	55116036	368	0.1454
TCGA-DB-5275-01A-01D-1466-01	11	55116094	55210152	67	-0.1043
TCGA-DB-5275-01A-01D-1466-01	11	55217259	85983309	17812	0.0931
TCGA-DB-5275-01A-01D-1466-01	11	85983461	85983702	5	-0.7937
TCGA-DB-5275-01A-01D-1466-01	11	85992822	96907189	7567	0.1193
TCGA-DB-5275-01A-01D-1466-01	11	96907626	96907657	3	-0.6998
TCGA-DB-5275-01A-01D-1466-01	11	96909386	101099594	3268	0.1436
TCGA-DB-5275-01A-01D-1466-01	11	101103070	101103174	4	0.9745
TCGA-DB-5275-01A-01D-1466-01	11	101103422	106735511	3810	0.1281
TCGA-DB-5275-01A-01D-1466-01	11	106735834	106757572	10	0.6295
TCGA-DB-5275-01A-01D-1466-01	11	106762375	133635399	19334	0.0966
TCGA-DB-5275-01A-01D-1466-01	11	133637834	134449982	638	0.6195
TCGA-DB-5275-01A-01D-1466-01	12	20703	7865270	5376	0.5961
TCGA-DB-5275-01A-01D-1466-01	12	7886054	8015167	61	1.1208
TCGA-DB-5275-01A-01D-1466-01	12	8022225	8443789	184	0.6066
TCGA-DB-5275-01A-01D-1466-01	12	8445670	8486161	25	0.2178
TCGA-DB-5275-01A-01D-1466-01	12	8486798	9525137	563	0.597
TCGA-DB-5275-01A-01D-1466-01	12	9529176	9619559	23	1.5247
TCGA-DB-5275-01A-01D-1466-01	12	9626236	11110690	1045	0.6106
TCGA-DB-5275-01A-01D-1466-01	12	11111991	11132799	12	1.3728
TCGA-DB-5275-01A-01D-1466-01	12	11143141	33271233	15667	0.6133
TCGA-DB-5275-01A-01D-1466-01	12	33277097	33286685	7	-0.3941
TCGA-DB-5275-01A-01D-1466-01	12	33290320	33478424	152	0.6901
TCGA-DB-5275-01A-01D-1466-01	12	33478521	44190705	5427	0.032
TCGA-DB-5275-01A-01D-1466-01	12	44192107	44195804	3	-1.9988
TCGA-DB-5275-01A-01D-1466-01	12	44199559	49499700	2855	-0.1635
TCGA-DB-5275-01A-01D-1466-01	12	49504381	49504590	2	-1.9244
TCGA-DB-5275-01A-01D-1466-01	12	49505968	103218883	34052	-0.0501
TCGA-DB-5275-01A-01D-1466-01	12	103221232	103221444	2	-1.7686
TCGA-DB-5275-01A-01D-1466-01	12	103222333	128865706	17579	0.058
TCGA-DB-5275-01A-01D-1466-01	12	128870234	128870600	2	1.4568
TCGA-DB-5275-01A-01D-1466-01	12	128870692	130686668	1491	0.0668
TCGA-DB-5275-01A-01D-1466-01	12	130698537	130699288	13	0.5838
TCGA-DB-5275-01A-01D-1466-01	12	130708284	132288262	572	0.0189
TCGA-DB-5275-01A-01D-1466-01	13	17924949	18033291	10	-0.1287
TCGA-DB-5275-01A-01D-1466-01	13	18033703	18383611	133	-0.4453
TCGA-DB-5275-01A-01D-1466-01	13	18385049	19279873	543	-0.7199
TCGA-DB-5275-01A-01D-1466-01	13	19286021	19363980	39	-0.3004
TCGA-DB-5275-01A-01D-1466-01	13	19364715	22527177	2166	-0.7518
TCGA-DB-5275-01A-01D-1466-01	13	22527187	22536195	15	0.0085
TCGA-DB-5275-01A-01D-1466-01	13	22536210	36968370	10636	-0.7502
TCGA-DB-5275-01A-01D-1466-01	13	36969135	36986387	20	-0.1665
TCGA-DB-5275-01A-01D-1466-01	13	36986609	47225156	7121	-0.7371
TCGA-DB-5275-01A-01D-1466-01	13	47226648	47227237	11	-0.1559
TCGA-DB-5275-01A-01D-1466-01	13	47232098	47777936	305	-0.7135
TCGA-DB-5275-01A-01D-1466-01	13	47777958	47797054	31	-0.3323
TCGA-DB-5275-01A-01D-1466-01	13	47797232	56649097	5055	-0.6832
TCGA-DB-5275-01A-01D-1466-01	13	56656271	56676369	33	-1.8917
TCGA-DB-5275-01A-01D-1466-01	13	56676381	71374425	8999	-0.6613
TCGA-DB-5275-01A-01D-1466-01	13	71374989	71378557	5	-2.1876
TCGA-DB-5275-01A-01D-1466-01	13	71378606	84470487	8841	-0.695
TCGA-DB-5275-01A-01D-1466-01	13	84476982	107878552	16342	0.1919
TCGA-DB-5275-01A-01D-1466-01	13	107878976	107879038	3	-0.7649
TCGA-DB-5275-01A-01D-1466-01	13	107884170	114126499	3963	0.1541
TCGA-DB-5275-01A-01D-1466-01	14	18072124	18674114	44	0.244
TCGA-DB-5275-01A-01D-1466-01	14	18677007	19493212	146	-0.3408
TCGA-DB-5275-01A-01D-1466-01	14	19494766	39678679	12929	0.1303
TCGA-DB-5275-01A-01D-1466-01	14	39683673	39686670	2	1.6557
TCGA-DB-5275-01A-01D-1466-01	14	39687916	40678108	721	0.1708
TCGA-DB-5275-01A-01D-1466-01	14	40680246	40727099	15	-0.4899
TCGA-DB-5275-01A-01D-1466-01	14	40739852	87631051	30167	0.1078
TCGA-DB-5275-01A-01D-1466-01	14	87637670	87644857	4	-0.4783
TCGA-DB-5275-01A-01D-1466-01	14	87645895	105598011	11153	0.0779
TCGA-DB-5275-01A-01D-1466-01	14	105601409	105618359	8	-0.7595
TCGA-DB-5275-01A-01D-1466-01	14	105618552	105632486	9	-2.3353
TCGA-DB-5275-01A-01D-1466-01	14	105638145	105786534	67	0.1373
TCGA-DB-5275-01A-01D-1466-01	14	105788401	105798514	8	-0.4985
TCGA-DB-5275-01A-01D-1466-01	14	105799207	105854089	28	0.1698
TCGA-DB-5275-01A-01D-1466-01	14	105867070	105873098	7	-1.357
TCGA-DB-5275-01A-01D-1466-01	14	105886988	106224218	218	0.1736
TCGA-DB-5275-01A-01D-1466-01	14	106231370	106247258	14	-0.2805
TCGA-DB-5275-01A-01D-1466-01	14	106248976	106356482	76	0.099
TCGA-DB-5275-01A-01D-1466-01	15	18276341	18491920	50	0.2054
TCGA-DB-5275-01A-01D-1466-01	15	18506386	18838066	43	-0.2954
TCGA-DB-5275-01A-01D-1466-01	15	18838078	19566875	213	-0.0545
TCGA-DB-5275-01A-01D-1466-01	15	19764921	20224763	117	-0.4045
TCGA-DB-5275-01A-01D-1466-01	15	20232440	73983729	33568	0.0903
TCGA-DB-5275-01A-01D-1466-01	15	73983858	74254433	150	-0.5255
TCGA-DB-5275-01A-01D-1466-01	15	74256261	74276580	20	-0.839
TCGA-DB-5275-01A-01D-1466-01	15	74277010	74678566	217	-0.4772
TCGA-DB-5275-01A-01D-1466-01	15	74678682	74682829	19	-1.6221
TCGA-DB-5275-01A-01D-1466-01	15	74682830	74989317	142	-0.4116
TCGA-DB-5275-01A-01D-1466-01	15	74994332	80478557	3516	0.0806
TCGA-DB-5275-01A-01D-1466-01	15	80482757	80966604	14	0.5619
TCGA-DB-5275-01A-01D-1466-01	15	80966626	100286563	14022	0.0879
TCGA-DB-5275-01A-01D-1466-01	16	777	19847267	13527	0.0765
TCGA-DB-5275-01A-01D-1466-01	16	19848764	19878366	38	0.3851
TCGA-DB-5275-01A-01D-1466-01	16	19878749	32496123	6607	0.0723
TCGA-DB-5275-01A-01D-1466-01	16	32496402	32496410	5	0.7581
TCGA-DB-5275-01A-01D-1466-01	16	32516775	54352715	7156	0.0615
TCGA-DB-5275-01A-01D-1466-01	16	54353890	54374147	18	-2.1864
TCGA-DB-5275-01A-01D-1466-01	16	54374206	54399855	7	-0.3625
TCGA-DB-5275-01A-01D-1466-01	16	54399883	54416294	13	0.8206
TCGA-DB-5275-01A-01D-1466-01	16	54425940	82462193	20784	0.0632
TCGA-DB-5275-01A-01D-1466-01	16	82466542	82483847	15	-0.8884
TCGA-DB-5275-01A-01D-1466-01	16	82483881	88815036	4361	0.0516
TCGA-DB-5275-01A-01D-1466-01	17	526	8183635	4556	0.0745
TCGA-DB-5275-01A-01D-1466-01	17	8188272	8188458	2	-1.4938
TCGA-DB-5275-01A-01D-1466-01	17	8190183	15404403	5458	0.073
TCGA-DB-5275-01A-01D-1466-01	17	15405081	15425596	8	-0.6782
TCGA-DB-5275-01A-01D-1466-01	17	15430825	16595026	488	0.0896
TCGA-DB-5275-01A-01D-1466-01	17	16598056	16630594	4	0.9219
TCGA-DB-5275-01A-01D-1466-01	17	16642251	16680995	9	-0.1392
TCGA-DB-5275-01A-01D-1466-01	17	16682240	16682253	2	1.3929
TCGA-DB-5275-01A-01D-1466-01	17	16682509	18219477	886	0.0412
TCGA-DB-5275-01A-01D-1466-01	17	18219492	18353283	50	0.251
TCGA-DB-5275-01A-01D-1466-01	17	18367186	18405311	10	-0.8249
TCGA-DB-5275-01A-01D-1466-01	17	18405946	36676552	9508	0.0757
TCGA-DB-5275-01A-01D-1466-01	17	36676583	36684057	22	-0.8537
TCGA-DB-5275-01A-01D-1466-01	17	36686250	40926009	2157	0.0577
TCGA-DB-5275-01A-01D-1466-01	17	40929917	41031255	19	0.64
TCGA-DB-5275-01A-01D-1466-01	17	41044105	41518916	335	0.1053
TCGA-DB-5275-01A-01D-1466-01	17	41521621	41553424	24	0.6579
TCGA-DB-5275-01A-01D-1466-01	17	41553876	41719947	101	0.3857
TCGA-DB-5275-01A-01D-1466-01	17	41750187	42107479	48	-0.3692
TCGA-DB-5275-01A-01D-1466-01	17	42120174	53042488	7016	0.0776
TCGA-DB-5275-01A-01D-1466-01	17	53043332	53043992	2	-1.649
TCGA-DB-5275-01A-01D-1466-01	17	53046992	78248104	14416	0.0834
TCGA-DB-5275-01A-01D-1466-01	17	78251054	78253977	4	-0.2225
TCGA-DB-5275-01A-01D-1466-01	17	78264640	78643088	193	-0.5302
TCGA-DB-5275-01A-01D-1466-01	18	1543	74747552	50116	-0.1792
TCGA-DB-5275-01A-01D-1466-01	18	74747559	75709191	505	0.0984
TCGA-DB-5275-01A-01D-1466-01	18	75709929	76116029	215	-0.4828
TCGA-DB-5275-01A-01D-1466-01	19	41910	21606759	9686	0.0609
TCGA-DB-5275-01A-01D-1466-01	19	21607480	21611709	2	1.6455
TCGA-DB-5275-01A-01D-1466-01	19	21611951	40547193	7145	0.078
TCGA-DB-5275-01A-01D-1466-01	19	40547289	40570220	31	0.3718
TCGA-DB-5275-01A-01D-1466-01	19	40572730	46492453	3069	0.0588
TCGA-DB-5275-01A-01D-1466-01	19	46493596	55727667	4339	-0.7447
TCGA-DB-5275-01A-01D-1466-01	19	55728047	60969862	3222	-0.1816
TCGA-DB-5275-01A-01D-1466-01	19	60973882	60978105	6	0.8327
TCGA-DB-5275-01A-01D-1466-01	19	60980753	63789666	1849	-0.186
TCGA-DB-5275-01A-01D-1466-01	2	2784	20143	10	0.2196
TCGA-DB-5275-01A-01D-1466-01	2	23901	24346	3	-1.5089
TCGA-DB-5275-01A-01D-1466-01	2	26862	37839780	26619	0.0638
TCGA-DB-5275-01A-01D-1466-01	2	37840628	37852368	11	-0.5097
TCGA-DB-5275-01A-01D-1466-01	2	37852434	52607972	10578	0.0946
TCGA-DB-5275-01A-01D-1466-01	2	52607984	52635046	39	0.7481
TCGA-DB-5275-01A-01D-1466-01	2	52641453	87366798	22141	0.1032
TCGA-DB-5275-01A-01D-1466-01	2	87367890	87367901	2	-1.3434
TCGA-DB-5275-01A-01D-1466-01	2	87373867	153504314	35763	0.1044
TCGA-DB-5275-01A-01D-1466-01	2	153505016	153505030	2	-1.705
TCGA-DB-5275-01A-01D-1466-01	2	153508815	184502096	19109	0.1178
TCGA-DB-5275-01A-01D-1466-01	2	184502645	184510686	17	-0.5079
TCGA-DB-5275-01A-01D-1466-01	2	184516834	242738129	35846	0.0988
TCGA-DB-5275-01A-01D-1466-01	20	9305	1519325	1222	0.0814
TCGA-DB-5275-01A-01D-1466-01	20	1519363	1541893	25	-0.5045
TCGA-DB-5275-01A-01D-1466-01	20	1545946	62426597	41266	0.0736
TCGA-DB-5275-01A-01D-1466-01	21	9758742	9965425	35	-0.3191
TCGA-DB-5275-01A-01D-1466-01	21	9975295	46921385	24387	0.1019
TCGA-DB-5275-01A-01D-1466-01	22	14432528	17128440	1216	0.1044
TCGA-DB-5275-01A-01D-1466-01	22	17128454	17150527	3	-0.8686
TCGA-DB-5275-01A-01D-1466-01	22	17161546	17727928	315	0.1072
TCGA-DB-5275-01A-01D-1466-01	22	17728158	17728199	2	-1.2701
TCGA-DB-5275-01A-01D-1466-01	22	17728926	21082462	2111	0.1364
TCGA-DB-5275-01A-01D-1466-01	22	21082680	21082880	4	1.1771
TCGA-DB-5275-01A-01D-1466-01	22	21087321	21107883	7	0.4228
TCGA-DB-5275-01A-01D-1466-01	22	21107920	23411338	1338	0.1075
TCGA-DB-5275-01A-01D-1466-01	22	23412115	23412534	3	-1.946
TCGA-DB-5275-01A-01D-1466-01	22	23417674	30830058	5469	0.062
TCGA-DB-5275-01A-01D-1466-01	22	30830263	30830274	2	-1.2234
TCGA-DB-5275-01A-01D-1466-01	22	30833675	30876946	22	0.2332
TCGA-DB-5275-01A-01D-1466-01	22	30882837	30884985	2	-1.23
TCGA-DB-5275-01A-01D-1466-01	22	30888547	49581321	13075	0.0671
TCGA-DB-5275-01A-01D-1466-01	3	35345	199602	157	0.0938
TCGA-DB-5275-01A-01D-1466-01	3	205022	207800	4	-0.9886
TCGA-DB-5275-01A-01D-1466-01	3	209877	26401195	19786	0.1181
TCGA-DB-5275-01A-01D-1466-01	3	26409128	26414347	5	-0.6887
TCGA-DB-5275-01A-01D-1466-01	3	26420977	36000243	6407	0.1212
TCGA-DB-5275-01A-01D-1466-01	3	36000411	36836485	644	-0.4984
TCGA-DB-5275-01A-01D-1466-01	3	36837984	36923941	69	0.0987
TCGA-DB-5275-01A-01D-1466-01	3	36924832	45249536	5135	-0.4978
TCGA-DB-5275-01A-01D-1466-01	3	45250196	45433777	146	0.102
TCGA-DB-5275-01A-01D-1466-01	3	45437139	45454702	10	-0.4636
TCGA-DB-5275-01A-01D-1466-01	3	45456749	45516945	36	0.0567
TCGA-DB-5275-01A-01D-1466-01	3	45517901	46341273	577	-0.5278
TCGA-DB-5275-01A-01D-1466-01	3	46341328	46531952	141	0.0765
TCGA-DB-5275-01A-01D-1466-01	3	46533477	47163472	331	-0.494
TCGA-DB-5275-01A-01D-1466-01	3	47173795	47234269	24	0.0851
TCGA-DB-5275-01A-01D-1466-01	3	47235404	47537297	115	-0.5226
TCGA-DB-5275-01A-01D-1466-01	3	47540137	47701584	56	0.0483
TCGA-DB-5275-01A-01D-1466-01	3	47704884	51358246	1479	-0.4918
TCGA-DB-5275-01A-01D-1466-01	3	51361854	51487853	53	0.1188
TCGA-DB-5275-01A-01D-1466-01	3	51493059	52997933	614	-0.5229
TCGA-DB-5275-01A-01D-1466-01	3	52997964	53013888	36	-0.1336
TCGA-DB-5275-01A-01D-1466-01	3	53013942	54825553	1279	-0.5092
TCGA-DB-5275-01A-01D-1466-01	3	54827193	55040751	201	0.1148
TCGA-DB-5275-01A-01D-1466-01	3	55040796	55131560	88	-0.4882
TCGA-DB-5275-01A-01D-1466-01	3	55132152	55300001	152	0.126
TCGA-DB-5275-01A-01D-1466-01	3	55303345	57458824	1467	-0.4927
TCGA-DB-5275-01A-01D-1466-01	3	57461152	57629227	71	0.1066
TCGA-DB-5275-01A-01D-1466-01	3	57633773	58128497	257	-0.5185
TCGA-DB-5275-01A-01D-1466-01	3	58131752	58384166	170	0.0689
TCGA-DB-5275-01A-01D-1466-01	3	58388505	58508323	59	-0.5388
TCGA-DB-5275-01A-01D-1466-01	3	58520299	58859309	219	0.1001
TCGA-DB-5275-01A-01D-1466-01	3	58859519	59414785	327	-0.5032
TCGA-DB-5275-01A-01D-1466-01	3	59416523	59911538	513	0.0991
TCGA-DB-5275-01A-01D-1466-01	3	59911573	60006558	164	-0.4419
TCGA-DB-5275-01A-01D-1466-01	3	60006571	60154499	190	0.1533
TCGA-DB-5275-01A-01D-1466-01	3	60157184	60487000	348	-0.4882
TCGA-DB-5275-01A-01D-1466-01	3	60487512	60611461	140	0.1625
TCGA-DB-5275-01A-01D-1466-01	3	60612522	60637031	19	-0.4033
TCGA-DB-5275-01A-01D-1466-01	3	60638987	60704923	93	0.1329
TCGA-DB-5275-01A-01D-1466-01	3	60708935	67040003	5080	-0.4772
TCGA-DB-5275-01A-01D-1466-01	3	67040158	67791503	567	0.123
TCGA-DB-5275-01A-01D-1466-01	3	67792427	68808441	641	-0.4852
TCGA-DB-5275-01A-01D-1466-01	3	68814718	68830103	16	0.5211
TCGA-DB-5275-01A-01D-1466-01	3	68831448	69563743	574	-0.4884
TCGA-DB-5275-01A-01D-1466-01	3	69565194	69615982	43	0.1053
TCGA-DB-5275-01A-01D-1466-01	3	69616101	71078470	1120	-0.4843
TCGA-DB-5275-01A-01D-1466-01	3	71079349	71150218	44	0.1257
TCGA-DB-5275-01A-01D-1466-01	3	71150793	71413966	194	-0.5088
TCGA-DB-5275-01A-01D-1466-01	3	71417167	71637081	152	0.0992
TCGA-DB-5275-01A-01D-1466-01	3	71637737	71941729	205	-0.4784
TCGA-DB-5275-01A-01D-1466-01	3	71946698	72042644	77	0.0805
TCGA-DB-5275-01A-01D-1466-01	3	72044083	72055726	9	-0.5778
TCGA-DB-5275-01A-01D-1466-01	3	72057085	72310408	254	0.0567
TCGA-DB-5275-01A-01D-1466-01	3	72310558	72520103	173	-0.542
TCGA-DB-5275-01A-01D-1466-01	3	72522549	73060176	350	0.0633
TCGA-DB-5275-01A-01D-1466-01	3	73060530	73078232	12	-0.5705
TCGA-DB-5275-01A-01D-1466-01	3	73082594	73103993	21	0.0458
TCGA-DB-5275-01A-01D-1466-01	3	73106249	75548841	1677	-0.4767
TCGA-DB-5275-01A-01D-1466-01	3	75551899	75837105	81	-0.1415
TCGA-DB-5275-01A-01D-1466-01	3	75841832	84184912	4662	-0.4182
TCGA-DB-5275-01A-01D-1466-01	3	84188123	84188856	2	-2.7429
TCGA-DB-5275-01A-01D-1466-01	3	84193657	88902304	2578	-0.4231
TCGA-DB-5275-01A-01D-1466-01	3	88904962	89170536	154	0.1531
TCGA-DB-5275-01A-01D-1466-01	3	89170752	89354748	176	-0.4209
TCGA-DB-5275-01A-01D-1466-01	3	89358596	89752705	282	0.1821
TCGA-DB-5275-01A-01D-1466-01	3	89754023	89756830	8	-0.68
TCGA-DB-5275-01A-01D-1466-01	3	89761289	100427322	3126	0.1516
TCGA-DB-5275-01A-01D-1466-01	3	100427453	100431746	20	-0.4892
TCGA-DB-5275-01A-01D-1466-01	3	100431759	120227951	12296	0.1331
TCGA-DB-5275-01A-01D-1466-01	3	120228110	120235085	3	-0.8105
TCGA-DB-5275-01A-01D-1466-01	3	120237429	126631166	3845	0.1014
TCGA-DB-5275-01A-01D-1466-01	3	126633063	129629375	1842	-0.5167
TCGA-DB-5275-01A-01D-1466-01	3	129629521	129704232	43	0.0638
TCGA-DB-5275-01A-01D-1466-01	3	129709011	129984404	172	-0.4689
TCGA-DB-5275-01A-01D-1466-01	3	129985562	130080516	51	0.0582
TCGA-DB-5275-01A-01D-1466-01	3	130085840	130095914	6	-0.4721
TCGA-DB-5275-01A-01D-1466-01	3	130096823	130196986	55	0.099
TCGA-DB-5275-01A-01D-1466-01	3	130197197	130256581	24	-0.5457
TCGA-DB-5275-01A-01D-1466-01	3	130260362	131994964	938	0.0937
TCGA-DB-5275-01A-01D-1466-01	3	132002106	133139165	678	-0.4638
TCGA-DB-5275-01A-01D-1466-01	3	133141799	133142435	5	-1.2866
TCGA-DB-5275-01A-01D-1466-01	3	133142633	133478374	303	-0.4672
TCGA-DB-5275-01A-01D-1466-01	3	133483167	135689496	1420	0.1039
TCGA-DB-5275-01A-01D-1466-01	3	135694136	136322361	459	-0.5023
TCGA-DB-5275-01A-01D-1466-01	3	136325315	136355789	32	0.1264
TCGA-DB-5275-01A-01D-1466-01	3	136360325	137108291	497	-0.4648
TCGA-DB-5275-01A-01D-1466-01	3	137114072	137193066	52	0.1012
TCGA-DB-5275-01A-01D-1466-01	3	137196273	137462023	117	-0.4673
TCGA-DB-5275-01A-01D-1466-01	3	137462258	137521231	16	0.2478
TCGA-DB-5275-01A-01D-1466-01	3	137523582	138410985	372	-0.4797
TCGA-DB-5275-01A-01D-1466-01	3	138415286	138625067	162	0.0979
TCGA-DB-5275-01A-01D-1466-01	3	138638497	138726532	56	-0.456
TCGA-DB-5275-01A-01D-1466-01	3	138729092	138770514	17	0.0736
TCGA-DB-5275-01A-01D-1466-01	3	138773712	139561352	442	-0.4803
TCGA-DB-5275-01A-01D-1466-01	3	139563320	140017431	192	0.0707
TCGA-DB-5275-01A-01D-1466-01	3	140019205	151811322	7490	-0.461
TCGA-DB-5275-01A-01D-1466-01	3	151814251	151814701	4	-1.3538
TCGA-DB-5275-01A-01D-1466-01	3	151817452	163990962	7520	-0.4616
TCGA-DB-5275-01A-01D-1466-01	3	163995351	164106591	68	0.2608
TCGA-DB-5275-01A-01D-1466-01	3	164108674	164571515	289	-0.4139
TCGA-DB-5275-01A-01D-1466-01	3	164572363	164822531	110	0.1854
TCGA-DB-5275-01A-01D-1466-01	3	164830324	165136122	180	-0.3809
TCGA-DB-5275-01A-01D-1466-01	3	165141637	165141769	8	0.3368
TCGA-DB-5275-01A-01D-1466-01	3	165144991	166136278	550	-0.4144
TCGA-DB-5275-01A-01D-1466-01	3	166149465	168084060	1140	0.1535
TCGA-DB-5275-01A-01D-1466-01	3	168086157	169050871	466	-0.4347
TCGA-DB-5275-01A-01D-1466-01	3	169056192	174719597	3630	0.1238
TCGA-DB-5275-01A-01D-1466-01	3	174723329	174772374	24	0.6794
TCGA-DB-5275-01A-01D-1466-01	3	174782887	195726011	13727	0.1231
TCGA-DB-5275-01A-01D-1466-01	3	195726929	195734026	3	-2.9746
TCGA-DB-5275-01A-01D-1466-01	3	195734549	199380515	1805	0.1079
TCGA-DB-5275-01A-01D-1466-01	4	2281	4169858	1706	0.0916
TCGA-DB-5275-01A-01D-1466-01	4	4170587	4203661	7	-0.9543
TCGA-DB-5275-01A-01D-1466-01	4	4210964	4235191	14	0.4824
TCGA-DB-5275-01A-01D-1466-01	4	4235598	9046106	3517	0.0741
TCGA-DB-5275-01A-01D-1466-01	4	9046107	9066075	8	0.3723
TCGA-DB-5275-01A-01D-1466-01	4	9070328	9088443	9	-0.8083
TCGA-DB-5275-01A-01D-1466-01	4	9095185	9819488	546	0.0712
TCGA-DB-5275-01A-01D-1466-01	4	9832514	9844366	35	-1.2429
TCGA-DB-5275-01A-01D-1466-01	4	9845240	9999813	171	0.0567
TCGA-DB-5275-01A-01D-1466-01	4	10001452	10009766	16	0.4581
TCGA-DB-5275-01A-01D-1466-01	4	10011816	23583008	9856	0.1079
TCGA-DB-5275-01A-01D-1466-01	4	23583593	23586806	2	-1.1434
TCGA-DB-5275-01A-01D-1466-01	4	23587207	23695082	106	0.1349
TCGA-DB-5275-01A-01D-1466-01	4	23701695	23704473	3	0.7279
TCGA-DB-5275-01A-01D-1466-01	4	23709339	34463385	6846	0.1364
TCGA-DB-5275-01A-01D-1466-01	4	34463544	34501120	35	-0.2236
TCGA-DB-5275-01A-01D-1466-01	4	34506267	35686329	770	0.1682
TCGA-DB-5275-01A-01D-1466-01	4	35687788	35690807	7	-0.1627
TCGA-DB-5275-01A-01D-1466-01	4	35691376	35691913	4	-0.8282
TCGA-DB-5275-01A-01D-1466-01	4	35693913	47589992	7448	0.1235
TCGA-DB-5275-01A-01D-1466-01	4	47594960	48986112	764	-0.6377
TCGA-DB-5275-01A-01D-1466-01	4	48991977	49353369	22	-0.0582
TCGA-DB-5275-01A-01D-1466-01	4	52380456	64380064	7576	-0.7041
TCGA-DB-5275-01A-01D-1466-01	4	64380112	64399026	28	-0.0775
TCGA-DB-5275-01A-01D-1466-01	4	64399621	68890123	2835	-0.6767
TCGA-DB-5275-01A-01D-1466-01	4	68894123	68970737	20	-0.165
TCGA-DB-5275-01A-01D-1466-01	4	68977394	69054598	12	-0.6981
TCGA-DB-5275-01A-01D-1466-01	4	69057536	69168574	64	-1.1982
TCGA-DB-5275-01A-01D-1466-01	4	69171930	70155288	327	-0.6571
TCGA-DB-5275-01A-01D-1466-01	4	70155482	70324845	88	-0.3501
TCGA-DB-5275-01A-01D-1466-01	4	70324990	76800088	3779	-0.7073
TCGA-DB-5275-01A-01D-1466-01	4	76800799	115393149	23550	-0.4575
TCGA-DB-5275-01A-01D-1466-01	4	115394772	115403678	24	0.3844
TCGA-DB-5275-01A-01D-1466-01	4	115403701	116380624	600	-0.4327
TCGA-DB-5275-01A-01D-1466-01	4	116380640	116399819	38	-0.13
TCGA-DB-5275-01A-01D-1466-01	4	116400004	118425500	1195	-0.402
TCGA-DB-5275-01A-01D-1466-01	4	118434418	118434527	2	-2.1779
TCGA-DB-5275-01A-01D-1466-01	4	118447346	157174389	23126	-0.4963
TCGA-DB-5275-01A-01D-1466-01	4	157176082	157187923	7	0.1289
TCGA-DB-5275-01A-01D-1466-01	4	157188133	157524986	234	-0.4021
TCGA-DB-5275-01A-01D-1466-01	4	157525066	157525164	5	0.3419
TCGA-DB-5275-01A-01D-1466-01	4	157525239	162091125	2824	-0.483
TCGA-DB-5275-01A-01D-1466-01	4	162091210	162104799	49	-0.1613
TCGA-DB-5275-01A-01D-1466-01	4	162106995	172605921	6666	-0.4952
TCGA-DB-5275-01A-01D-1466-01	4	172611459	172614351	12	0.3759
TCGA-DB-5275-01A-01D-1466-01	4	172616946	173224503	395	-0.484
TCGA-DB-5275-01A-01D-1466-01	4	173225723	173226108	12	-1.496
TCGA-DB-5275-01A-01D-1466-01	4	173232554	191194480	12115	-0.5227
TCGA-DB-5275-01A-01D-1466-01	4	191195137	191261904	7	0.2398
TCGA-DB-5275-01A-01D-1466-01	5	68532	738748	306	-0.6207
TCGA-DB-5275-01A-01D-1466-01	5	751371	872815	48	-0.0878
TCGA-DB-5275-01A-01D-1466-01	5	872932	6812714	5028	-0.6184
TCGA-DB-5275-01A-01D-1466-01	5	6813020	6813499	2	-2.5121
TCGA-DB-5275-01A-01D-1466-01	5	6815770	21332616	10293	-0.5509
TCGA-DB-5275-01A-01D-1466-01	5	21337853	21653421	178	-0.3015
TCGA-DB-5275-01A-01D-1466-01	5	21653577	21898315	165	-0.5147
TCGA-DB-5275-01A-01D-1466-01	5	21898471	21898871	2	-2.0735
TCGA-DB-5275-01A-01D-1466-01	5	21899025	34369159	7775	-0.5197
TCGA-DB-5275-01A-01D-1466-01	5	34381779	34381918	2	-2.2717
TCGA-DB-5275-01A-01D-1466-01	5	34382725	36450090	1427	-0.5805
TCGA-DB-5275-01A-01D-1466-01	5	36450846	36451181	3	-2.0915
TCGA-DB-5275-01A-01D-1466-01	5	36453921	37988716	893	-0.5485
TCGA-DB-5275-01A-01D-1466-01	5	37989941	37990170	2	-2.0954
TCGA-DB-5275-01A-01D-1466-01	5	37990830	41239850	2310	-0.5807
TCGA-DB-5275-01A-01D-1466-01	5	41239887	46231871	2355	0.0634
TCGA-DB-5275-01A-01D-1466-01	5	46235191	46235192	2	-1.423
TCGA-DB-5275-01A-01D-1466-01	5	46245056	46306865	15	0.1287
TCGA-DB-5275-01A-01D-1466-01	5	46307687	46309259	6	1.1063
TCGA-DB-5275-01A-01D-1466-01	5	46313969	46425030	19	0.1116
TCGA-DB-5275-01A-01D-1466-01	5	49468588	49494811	5	1.0016
TCGA-DB-5275-01A-01D-1466-01	5	49495292	69269200	12406	0.115
TCGA-DB-5275-01A-01D-1466-01	5	69349429	69349444	2	-1.3865
TCGA-DB-5275-01A-01D-1466-01	5	70290651	70384949	14	0.1464
TCGA-DB-5275-01A-01D-1466-01	5	70426941	70427009	2	1.2609
TCGA-DB-5275-01A-01D-1466-01	5	70689828	180311316	69714	0.1126
TCGA-DB-5275-01A-01D-1466-01	5	180311494	180339836	11	-0.4385
TCGA-DB-5275-01A-01D-1466-01	5	180346900	180722926	177	0.1209
TCGA-DB-5275-01A-01D-1466-01	6	94661	230695	116	0.1298
TCGA-DB-5275-01A-01D-1466-01	6	231393	288505	34	0.3915
TCGA-DB-5275-01A-01D-1466-01	6	289175	19148098	14660	0.0904
TCGA-DB-5275-01A-01D-1466-01	6	19150160	19150797	3	-1.1138
TCGA-DB-5275-01A-01D-1466-01	6	19152681	26845011	5483	0.1091
TCGA-DB-5275-01A-01D-1466-01	6	26845417	26860476	10	0.5306
TCGA-DB-5275-01A-01D-1466-01	6	26860551	26870617	8	-0.0119
TCGA-DB-5275-01A-01D-1466-01	6	26871060	26876548	6	0.74
TCGA-DB-5275-01A-01D-1466-01	6	26881042	29945051	1435	0.1005
TCGA-DB-5275-01A-01D-1466-01	6	29945166	29982787	23	1.0837
TCGA-DB-5275-01A-01D-1466-01	6	29984938	30026566	28	-0.0565
TCGA-DB-5275-01A-01D-1466-01	6	30029053	30029106	2	1.2968
TCGA-DB-5275-01A-01D-1466-01	6	30029202	31388802	635	0.076
TCGA-DB-5275-01A-01D-1466-01	6	31394255	31404430	11	1.1675
TCGA-DB-5275-01A-01D-1466-01	6	31417903	32556107	505	0.1258
TCGA-DB-5275-01A-01D-1466-01	6	32557028	32564720	8	-0.7659
TCGA-DB-5275-01A-01D-1466-01	6	32577897	32732282	56	0.0412
TCGA-DB-5275-01A-01D-1466-01	6	32732569	32734596	5	-0.9787
TCGA-DB-5275-01A-01D-1466-01	6	32758590	41726739	5932	0.0717
TCGA-DB-5275-01A-01D-1466-01	6	41727028	41727225	2	-1.5025
TCGA-DB-5275-01A-01D-1466-01	6	41727667	67065007	13289	0.1179
TCGA-DB-5275-01A-01D-1466-01	6	67065744	67105350	55	-0.5855
TCGA-DB-5275-01A-01D-1466-01	6	67106127	68223695	887	0.1538
TCGA-DB-5275-01A-01D-1466-01	6	68223767	68224010	3	-1
TCGA-DB-5275-01A-01D-1466-01	6	68224451	70257986	1269	0.178
TCGA-DB-5275-01A-01D-1466-01	6	70261334	70278043	15	0.7101
TCGA-DB-5275-01A-01D-1466-01	6	70280028	77496587	4613	0.1362
TCGA-DB-5275-01A-01D-1466-01	6	77496767	77509392	18	-0.3578
TCGA-DB-5275-01A-01D-1466-01	6	77509408	78521141	656	0.1497
TCGA-DB-5275-01A-01D-1466-01	6	78526174	78526852	2	1.3118
TCGA-DB-5275-01A-01D-1466-01	6	78526852	79019608	323	0.1538
TCGA-DB-5275-01A-01D-1466-01	6	79025784	79095953	114	-0.4158
TCGA-DB-5275-01A-01D-1466-01	6	79098352	170892930	59809	0.1262
TCGA-DB-5275-01A-01D-1466-01	7	52911	163742	33	0.6231
TCGA-DB-5275-01A-01D-1466-01	7	166359	22401305	16081	0.1345
TCGA-DB-5275-01A-01D-1466-01	7	22401997	22403012	2	1.2989
TCGA-DB-5275-01A-01D-1466-01	7	22405279	38235260	11324	0.1072
TCGA-DB-5275-01A-01D-1466-01	7	38235817	38323786	116	0.3164
TCGA-DB-5275-01A-01D-1466-01	7	38323833	54353999	11042	0.1097
TCGA-DB-5275-01A-01D-1466-01	7	54354003	54354011	5	-1.8536
TCGA-DB-5275-01A-01D-1466-01	7	54360982	86770701	15543	0.128
TCGA-DB-5275-01A-01D-1466-01	7	86778739	86784824	3	-1.1375
TCGA-DB-5275-01A-01D-1466-01	7	86786163	91046078	2761	0.1404
TCGA-DB-5275-01A-01D-1466-01	7	91056820	91057068	3	-1.2319
TCGA-DB-5275-01A-01D-1466-01	7	91062968	91359774	206	0.1133
TCGA-DB-5275-01A-01D-1466-01	7	91360940	91370664	3	-0.9824
TCGA-DB-5275-01A-01D-1466-01	7	91379055	97233396	3646	0.1202
TCGA-DB-5275-01A-01D-1466-01	7	97233398	97240411	15	-0.525
TCGA-DB-5275-01A-01D-1466-01	7	97242176	109224916	6648	0.102
TCGA-DB-5275-01A-01D-1466-01	7	109224993	109241146	22	0.5818
TCGA-DB-5275-01A-01D-1466-01	7	109241218	125832210	10043	0.1468
TCGA-DB-5275-01A-01D-1466-01	7	125832718	125834113	14	-0.7915
TCGA-DB-5275-01A-01D-1466-01	7	125834114	127950571	1400	0.1125
TCGA-DB-5275-01A-01D-1466-01	7	127954550	127966934	5	0.7627
TCGA-DB-5275-01A-01D-1466-01	7	127967947	133435717	3299	0.1037
TCGA-DB-5275-01A-01D-1466-01	7	133435735	133446174	26	0.7336
TCGA-DB-5275-01A-01D-1466-01	7	133446205	142154515	5704	0.1162
TCGA-DB-5275-01A-01D-1466-01	7	142156294	142165614	27	-1.9819
TCGA-DB-5275-01A-01D-1466-01	7	142165684	158819765	10581	0.1101
TCGA-DB-5275-01A-01D-1466-01	8	21254	2042845	1457	0.0928
TCGA-DB-5275-01A-01D-1466-01	8	2043196	2048845	5	0.7991
TCGA-DB-5275-01A-01D-1466-01	8	2049653	6827707	6276	0.1413
TCGA-DB-5275-01A-01D-1466-01	8	6846225	6847072	3	1.6308
TCGA-DB-5275-01A-01D-1466-01	8	6863552	7225429	118	0.1727
TCGA-DB-5275-01A-01D-1466-01	8	7237790	7869055	154	0.601
TCGA-DB-5275-01A-01D-1466-01	8	7869464	11888565	3275	0.1145
TCGA-DB-5275-01A-01D-1466-01	8	11893164	12072406	21	0.5856
TCGA-DB-5275-01A-01D-1466-01	8	12207108	12291857	47	0.2561
TCGA-DB-5275-01A-01D-1466-01	8	12305298	12483119	61	0.5292
TCGA-DB-5275-01A-01D-1466-01	8	12483262	12606826	37	0.2362
TCGA-DB-5275-01A-01D-1466-01	8	12607363	12690760	64	0.0216
TCGA-DB-5275-01A-01D-1466-01	8	12693099	12693549	2	-1.3064
TCGA-DB-5275-01A-01D-1466-01	8	12696476	25027405	10331	0.1147
TCGA-DB-5275-01A-01D-1466-01	8	25027558	25040250	30	0.494
TCGA-DB-5275-01A-01D-1466-01	8	25047021	39349816	9040	0.0956
TCGA-DB-5275-01A-01D-1466-01	8	39354760	39506122	58	-1.7613
TCGA-DB-5275-01A-01D-1466-01	8	39507456	72374735	17918	0.0203
TCGA-DB-5275-01A-01D-1466-01	8	72374919	72379153	10	-0.5439
TCGA-DB-5275-01A-01D-1466-01	8	72382417	112360670	24145	0.0681
TCGA-DB-5275-01A-01D-1466-01	8	112363455	112364436	10	1.0092
TCGA-DB-5275-01A-01D-1466-01	8	112369457	143740979	22079	0.097
TCGA-DB-5275-01A-01D-1466-01	8	143746720	143746992	2	-2.5865
TCGA-DB-5275-01A-01D-1466-01	8	143749237	146268959	867	0.0881
TCGA-DB-5275-01A-01D-1466-01	9	36587	139481	15	-0.1859
TCGA-DB-5275-01A-01D-1466-01	9	139727	661330	638	-0.5412
TCGA-DB-5275-01A-01D-1466-01	9	661347	666278	11	0.1034
TCGA-DB-5275-01A-01D-1466-01	9	666305	1995245	1504	-0.6123
TCGA-DB-5275-01A-01D-1466-01	9	2000942	5069156	3083	0.0391
TCGA-DB-5275-01A-01D-1466-01	9	5071416	5073003	12	-0.3917
TCGA-DB-5275-01A-01D-1466-01	9	5073017	6645056	1092	0.0558
TCGA-DB-5275-01A-01D-1466-01	9	6647192	6651406	2	-1.27
TCGA-DB-5275-01A-01D-1466-01	9	6651613	21778877	13084	0.0516
TCGA-DB-5275-01A-01D-1466-01	9	21787135	22723238	610	-0.5691
TCGA-DB-5275-01A-01D-1466-01	9	22730232	41616896	11300	0.0542
TCGA-DB-5275-01A-01D-1466-01	9	41618269	41975187	22	0.6193
TCGA-DB-5275-01A-01D-1466-01	9	42013107	93441971	17470	0.1236
TCGA-DB-5275-01A-01D-1466-01	9	93442027	93443366	17	-0.4501
TCGA-DB-5275-01A-01D-1466-01	9	93443531	100491565	4454	0.1115
TCGA-DB-5275-01A-01D-1466-01	9	100494554	100496034	2	-1.2129
TCGA-DB-5275-01A-01D-1466-01	9	100500104	134933258	24210	0.1178
TCGA-DB-5275-01A-01D-1466-01	9	134939411	134947261	8	-0.9491
TCGA-DB-5275-01A-01D-1466-01	9	134955483	140194458	2413	0.0893
TCGA-DB-5275-01A-01D-1466-01	9	140194650	140211215	4	0.7087
TCGA-DB-5275-01A-01D-1466-01	X	108477	154835548	84572	3e-04
TCGA-DB-5275-01A-01D-1466-01	Y	2710438	9179647	2384	-0.9241
TCGA-DB-5275-01A-01D-1466-01	Y	9190238	9203147	9	-2.7209
TCGA-DB-5275-01A-01D-1466-01	Y	9203742	57427647	6197	-0.9278
