barcode	chromosome	start	stop	num.mark	seg.mean
TCGA-DU-8165-01A-11D-2252-01	1	3208470	160550535	74400	0.4057
TCGA-DU-8165-01A-11D-2252-01	1	160550681	160562462	10	-0.1568
TCGA-DU-8165-01A-11D-2252-01	1	160564436	245880329	54690	0.4193
TCGA-DU-8165-01A-11D-2252-01	10	405240	135075077	80770	-0.6675
TCGA-DU-8165-01A-11D-2252-01	11	446120	125222025	71516	-0.3343
TCGA-DU-8165-01A-11D-2252-01	11	125224804	125239592	6	0.5917
TCGA-DU-8165-01A-11D-2252-01	11	125240774	133647740	5740	-0.3402
TCGA-DU-8165-01A-11D-2252-01	12	760163	5229178	2684	0.1276
TCGA-DU-8165-01A-11D-2252-01	12	5235504	5457407	201	0.4779
TCGA-DU-8165-01A-11D-2252-01	12	5457413	21113197	8727	0.1281
TCGA-DU-8165-01A-11D-2252-01	12	21118118	22247448	751	0.4827
TCGA-DU-8165-01A-11D-2252-01	12	22251490	22251516	2	-0.6791
TCGA-DU-8165-01A-11D-2252-01	12	22253612	23087842	580	0.4853
TCGA-DU-8165-01A-11D-2252-01	12	23090432	25315197	1386	0.1243
TCGA-DU-8165-01A-11D-2252-01	12	25315349	25757793	330	0.4815
TCGA-DU-8165-01A-11D-2252-01	12	25760125	39347967	5938	0.1317
TCGA-DU-8165-01A-11D-2252-01	12	39348572	41495409	1429	0.4788
TCGA-DU-8165-01A-11D-2252-01	12	41495569	101366682	35039	0.1342
TCGA-DU-8165-01A-11D-2252-01	12	101368311	106866537	3811	0.4318
TCGA-DU-8165-01A-11D-2252-01	12	106869718	116341331	5540	0.1327
TCGA-DU-8165-01A-11D-2252-01	12	116342792	116342848	2	-1.0419
TCGA-DU-8165-01A-11D-2252-01	12	116344262	125923228	5331	0.1387
TCGA-DU-8165-01A-11D-2252-01	12	125924725	125925145	4	-0.7684
TCGA-DU-8165-01A-11D-2252-01	12	125928785	131671419	2199	0.1388
TCGA-DU-8165-01A-11D-2252-01	13	18348806	31851529	8237	-0.2925
TCGA-DU-8165-01A-11D-2252-01	13	31857240	31859202	8	-1.4034
TCGA-DU-8165-01A-11D-2252-01	13	31863730	36625519	3146	-0.2714
TCGA-DU-8165-01A-11D-2252-01	13	36628520	36630264	2	-2.3649
TCGA-DU-8165-01A-11D-2252-01	13	36635381	37431890	574	-0.2784
TCGA-DU-8165-01A-11D-2252-01	13	37438370	37449496	6	-2.0245
TCGA-DU-8165-01A-11D-2252-01	13	37456604	47847919	6745	-0.2831
TCGA-DU-8165-01A-11D-2252-01	13	47849706	47864091	17	-1.6932
TCGA-DU-8165-01A-11D-2252-01	13	47869523	47869577	5	-0.5617
TCGA-DU-8165-01A-11D-2252-01	13	47869579	62451647	6880	-0.2703
TCGA-DU-8165-01A-11D-2252-01	13	62452052	62452064	2	-2.0868
TCGA-DU-8165-01A-11D-2252-01	13	62454792	82481838	11425	-0.2678
TCGA-DU-8165-01A-11D-2252-01	13	82485041	82509266	15	-1.9071
TCGA-DU-8165-01A-11D-2252-01	13	82509419	97280416	8773	-0.2712
TCGA-DU-8165-01A-11D-2252-01	13	97282262	97283653	6	-1.145
TCGA-DU-8165-01A-11D-2252-01	13	97284648	103872967	4787	-0.2818
TCGA-DU-8165-01A-11D-2252-01	13	103877805	103913892	27	-2.6446
TCGA-DU-8165-01A-11D-2252-01	13	103914442	103951201	40	-0.2833
TCGA-DU-8165-01A-11D-2252-01	13	103955393	103981840	21	-2.8955
TCGA-DU-8165-01A-11D-2252-01	13	103987458	114005560	5924	-0.2816
TCGA-DU-8165-01A-11D-2252-01	14	19571208	23026112	1175	-0.6243
TCGA-DU-8165-01A-11D-2252-01	14	23026219	23026343	2	-2.4441
TCGA-DU-8165-01A-11D-2252-01	14	23028713	105059083	48234	-0.6346
TCGA-DU-8165-01A-11D-2252-01	15	21238778	99701830	44528	0.0896
TCGA-DU-8165-01A-11D-2252-01	16	593460	69396838	28822	-0.1043
TCGA-DU-8165-01A-11D-2252-01	16	69403572	69757550	66	0.2704
TCGA-DU-8165-01A-11D-2252-01	16	69762695	87907437	11974	-0.1184
TCGA-DU-8165-01A-11D-2252-01	17	933971	12217109	6177	-0.1315
TCGA-DU-8165-01A-11D-2252-01	17	12224198	12230372	8	-0.7552
TCGA-DU-8165-01A-11D-2252-01	17	12230585	78510305	30801	-0.143
TCGA-DU-8165-01A-11D-2252-01	18	319586	75210228	42666	0.4484
TCGA-DU-8165-01A-11D-2252-01	19	235018	35976646	11264	0.0495
TCGA-DU-8165-01A-11D-2252-01	19	35979958	35980380	2	-1.2608
TCGA-DU-8165-01A-11D-2252-01	19	35982439	63570038	12689	0.0497
TCGA-DU-8165-01A-11D-2252-01	2	474222	63699226	36895	0.1624
TCGA-DU-8165-01A-11D-2252-01	2	63703113	63950055	93	0.4726
TCGA-DU-8165-01A-11D-2252-01	2	63957245	177948132	58020	0.1585
TCGA-DU-8165-01A-11D-2252-01	2	177948847	177956107	3	-1.0238
TCGA-DU-8165-01A-11D-2252-01	2	177961198	230189993	29507	0.1576
TCGA-DU-8165-01A-11D-2252-01	2	230191602	230194238	2	-1.1365
TCGA-DU-8165-01A-11D-2252-01	2	230195483	242124735	6806	0.1613
TCGA-DU-8165-01A-11D-2252-01	20	403764	1901363	875	0.4226
TCGA-DU-8165-01A-11D-2252-01	20	1904299	1904738	2	-1.1059
TCGA-DU-8165-01A-11D-2252-01	20	1906428	61690281	36411	0.4178
TCGA-DU-8165-01A-11D-2252-01	21	14269492	46503202	20586	-0.1663
TCGA-DU-8165-01A-11D-2252-01	22	15803930	47717016	16921	-0.4059
TCGA-DU-8165-01A-11D-2252-01	3	526235	199023074	106388	0.0711
TCGA-DU-8165-01A-11D-2252-01	4	1043934	174897423	95709	-0.124
TCGA-DU-8165-01A-11D-2252-01	4	174903907	174903970	2	-1.5158
TCGA-DU-8165-01A-11D-2252-01	4	174913333	188355168	6655	-0.1268
TCGA-DU-8165-01A-11D-2252-01	4	188357841	188457903	58	-0.712
TCGA-DU-8165-01A-11D-2252-01	4	188464945	189836143	321	-0.1217
TCGA-DU-8165-01A-11D-2252-01	5	967233	180293075	100513	-0.1007
TCGA-DU-8165-01A-11D-2252-01	6	959281	36786912	21164	0.0196
TCGA-DU-8165-01A-11D-2252-01	6	36791719	36893489	83	0.2552
TCGA-DU-8165-01A-11D-2252-01	6	36894050	170745844	75251	0.024
TCGA-DU-8165-01A-11D-2252-01	7	671810	152220045	78297	0.2837
TCGA-DU-8165-01A-11D-2252-01	7	152220417	152220646	2	-1.2735
TCGA-DU-8165-01A-11D-2252-01	7	152220735	158077879	3028	0.3
TCGA-DU-8165-01A-11D-2252-01	8	607667	145304484	81536	-0.0671
TCGA-DU-8165-01A-11D-2252-01	9	779932	12544019	6234	0.2711
TCGA-DU-8165-01A-11D-2252-01	9	12607803	12609065	2	-0.9234
TCGA-DU-8165-01A-11D-2252-01	9	12609365	93882903	33600	0.2744
TCGA-DU-8165-01A-11D-2252-01	9	93891184	93900170	2	-1.1202
TCGA-DU-8165-01A-11D-2252-01	9	93902676	140058573	28189	0.2764
TCGA-DU-8165-01A-11D-2252-01	X	3167107	46054860	19408	0.002
TCGA-DU-8165-01A-11D-2252-01	X	46054913	46379244	144	0.2614
TCGA-DU-8165-01A-11D-2252-01	X	46389046	78873863	10397	0.0066
TCGA-DU-8165-01A-11D-2252-01	X	78887315	78907293	11	0.6167
TCGA-DU-8165-01A-11D-2252-01	X	78918981	154558783	33819	0.0013
