barcode	chromosome	start	stop	num.mark	seg.mean
TCGA-CS-4943-01A-01D-1466-01	1	3208470	244252603	128655	0.033
TCGA-CS-4943-01A-01D-1466-01	1	245114232	245880329	427	-0.726
TCGA-CS-4943-01A-01D-1466-01	10	405240	8331179	5377	0.5436
TCGA-CS-4943-01A-01D-1466-01	10	8333153	17815489	7256	0.0698
TCGA-CS-4943-01A-01D-1466-01	10	17817542	18997653	615	0.5623
TCGA-CS-4943-01A-01D-1466-01	10	18999139	64124790	23829	0.0815
TCGA-CS-4943-01A-01D-1466-01	10	64137021	64138142	2	-1.0913
TCGA-CS-4943-01A-01D-1466-01	10	64139237	111258877	28219	0.0615
TCGA-CS-4943-01A-01D-1466-01	10	111259473	111259757	2	-1.4454
TCGA-CS-4943-01A-01D-1466-01	10	111261753	135075077	15571	0.009
TCGA-CS-4943-01A-01D-1466-01	11	446120	11771038	6577	-0.7444
TCGA-CS-4943-01A-01D-1466-01	11	11771277	80745411	36612	0.0756
TCGA-CS-4943-01A-01D-1466-01	11	80749491	80815466	38	0.4446
TCGA-CS-4943-01A-01D-1466-01	11	80815969	87355890	3893	0.0985
TCGA-CS-4943-01A-01D-1466-01	11	87358180	87438212	33	0.5689
TCGA-CS-4943-01A-01D-1466-01	11	87438300	133647740	30094	0.0646
TCGA-CS-4943-01A-01D-1466-01	12	760163	3371099	1205	0.566
TCGA-CS-4943-01A-01D-1466-01	12	3378980	4400402	757	1.3995
TCGA-CS-4943-01A-01D-1466-01	12	4400575	4519597	79	1.9147
TCGA-CS-4943-01A-01D-1466-01	12	4527313	5533433	923	0.5678
TCGA-CS-4943-01A-01D-1466-01	12	5535591	6862481	801	0.9233
TCGA-CS-4943-01A-01D-1466-01	12	6900326	8526796	521	-0.8024
TCGA-CS-4943-01A-01D-1466-01	12	8535337	12006428	1810	1.5083
TCGA-CS-4943-01A-01D-1466-01	12	12010310	14895807	1803	-0.8228
TCGA-CS-4943-01A-01D-1466-01	12	14897198	15310012	290	0.9902
TCGA-CS-4943-01A-01D-1466-01	12	15311464	17747722	1430	-0.7789
TCGA-CS-4943-01A-01D-1466-01	12	17759500	18274068	293	1.4423
TCGA-CS-4943-01A-01D-1466-01	12	18279212	18279838	11	0.7054
TCGA-CS-4943-01A-01D-1466-01	12	18279933	18804256	322	1.4282
TCGA-CS-4943-01A-01D-1466-01	12	18805876	18811025	3	0.4465
TCGA-CS-4943-01A-01D-1466-01	12	18847684	21005728	1285	1.3763
TCGA-CS-4943-01A-01D-1466-01	12	21006141	21033897	13	2.3263
TCGA-CS-4943-01A-01D-1466-01	12	21034188	21036608	6	1.0085
TCGA-CS-4943-01A-01D-1466-01	12	21036651	22295901	842	2.2004
TCGA-CS-4943-01A-01D-1466-01	12	22298541	25567165	2128	1.4121
TCGA-CS-4943-01A-01D-1466-01	12	25567821	25567844	2	-0.6196
TCGA-CS-4943-01A-01D-1466-01	12	25568200	26216646	478	1.3541
TCGA-CS-4943-01A-01D-1466-01	12	26221639	26700804	359	2.0262
TCGA-CS-4943-01A-01D-1466-01	12	26701494	26907939	131	1.4008
TCGA-CS-4943-01A-01D-1466-01	12	26910520	27772021	488	0.5256
TCGA-CS-4943-01A-01D-1466-01	12	27772556	28973090	706	1.3805
TCGA-CS-4943-01A-01D-1466-01	12	28974593	29089425	104	0.5483
TCGA-CS-4943-01A-01D-1466-01	12	29122730	29378245	179	1.3897
TCGA-CS-4943-01A-01D-1466-01	12	29386204	31142829	1312	0.5385
TCGA-CS-4943-01A-01D-1466-01	12	31303936	131671419	55652	0.0664
TCGA-CS-4943-01A-01D-1466-01	13	18348806	28105392	5589	-0.1196
TCGA-CS-4943-01A-01D-1466-01	13	28107182	28107340	2	-1.5443
TCGA-CS-4943-01A-01D-1466-01	13	28109409	103774808	44956	-0.118
TCGA-CS-4943-01A-01D-1466-01	13	103774966	103776920	2	-1.1843
TCGA-CS-4943-01A-01D-1466-01	13	103778202	114005560	6093	0.0714
TCGA-CS-4943-01A-01D-1466-01	14	19571208	105059083	49447	0.0698
TCGA-CS-4943-01A-01D-1466-01	15	21238778	68232979	26596	0.1038
TCGA-CS-4943-01A-01D-1466-01	15	68234636	68235033	3	-0.9183
TCGA-CS-4943-01A-01D-1466-01	15	68236881	78801117	5812	0.0932
TCGA-CS-4943-01A-01D-1466-01	15	78801275	78803197	6	-0.652
TCGA-CS-4943-01A-01D-1466-01	15	78804138	86920483	4359	0.1061
TCGA-CS-4943-01A-01D-1466-01	15	86920715	87121955	104	0.3591
TCGA-CS-4943-01A-01D-1466-01	15	87128348	87431709	220	0.0936
TCGA-CS-4943-01A-01D-1466-01	15	87448134	87521181	45	0.3714
TCGA-CS-4943-01A-01D-1466-01	15	87521605	87718919	126	0.1185
TCGA-CS-4943-01A-01D-1466-01	15	87721213	90590557	1903	0.3611
TCGA-CS-4943-01A-01D-1466-01	15	90590573	90590728	3	-0.7511
TCGA-CS-4943-01A-01D-1466-01	15	90590743	94542680	2378	0.3572
TCGA-CS-4943-01A-01D-1466-01	15	94543701	96314849	1167	0.0842
TCGA-CS-4943-01A-01D-1466-01	15	96315536	99701830	1811	0.3487
TCGA-CS-4943-01A-01D-1466-01	16	593460	69699898	28876	0.0598
TCGA-CS-4943-01A-01D-1466-01	16	69700988	69707161	2	1.307
TCGA-CS-4943-01A-01D-1466-01	16	69714924	76102191	3924	0.1166
TCGA-CS-4943-01A-01D-1466-01	16	76102545	76108373	6	-0.3979
TCGA-CS-4943-01A-01D-1466-01	16	76111968	87907437	8056	0.0702
TCGA-CS-4943-01A-01D-1466-01	17	933971	78510305	36989	0.0602
TCGA-CS-4943-01A-01D-1466-01	18	319586	14650482	8214	-0.4246
TCGA-CS-4943-01A-01D-1466-01	18	16943745	29117213	7385	0.5654
TCGA-CS-4943-01A-01D-1466-01	18	29117228	29118341	12	0.2481
TCGA-CS-4943-01A-01D-1466-01	18	29127683	35185141	3740	0.6589
TCGA-CS-4943-01A-01D-1466-01	18	35324213	37012186	979	-0.157
TCGA-CS-4943-01A-01D-1466-01	18	37012205	63508317	16592	0.3854
TCGA-CS-4943-01A-01D-1466-01	18	63510495	63518311	17	0.0747
TCGA-CS-4943-01A-01D-1466-01	18	63523834	64527923	392	-0.7323
TCGA-CS-4943-01A-01D-1466-01	18	64528189	75210228	5333	0.0878
TCGA-CS-4943-01A-01D-1466-01	19	235018	38779035	13121	0.0345
TCGA-CS-4943-01A-01D-1466-01	19	38779832	38780101	2	-1.4865
TCGA-CS-4943-01A-01D-1466-01	19	38782717	63570038	10827	-0.1501
TCGA-CS-4943-01A-01D-1466-01	2	474222	676621	181	-0.0221
TCGA-CS-4943-01A-01D-1466-01	2	676675	6466366	3229	-0.6712
TCGA-CS-4943-01A-01D-1466-01	2	6466670	20425570	9553	0.0404
TCGA-CS-4943-01A-01D-1466-01	2	20426022	20426943	2	-1.1725
TCGA-CS-4943-01A-01D-1466-01	2	20428502	39018175	9805	0.0422
TCGA-CS-4943-01A-01D-1466-01	2	39018558	39020080	3	-0.6819
TCGA-CS-4943-01A-01D-1466-01	2	39022545	39395652	204	-0.14
TCGA-CS-4943-01A-01D-1466-01	2	39398729	39399296	2	-0.8283
TCGA-CS-4943-01A-01D-1466-01	2	39401785	209792275	88725	0.0641
TCGA-CS-4943-01A-01D-1466-01	2	209826507	210472607	388	0.4198
TCGA-CS-4943-01A-01D-1466-01	2	210479594	235324652	15175	0.041
TCGA-CS-4943-01A-01D-1466-01	2	235325091	235325096	2	-1.2896
TCGA-CS-4943-01A-01D-1466-01	2	235325612	242124735	4037	-0.032
TCGA-CS-4943-01A-01D-1466-01	20	403764	14612033	8964	0.0811
TCGA-CS-4943-01A-01D-1466-01	20	14612988	14634509	10	-0.4604
TCGA-CS-4943-01A-01D-1466-01	20	14635769	47527997	18901	0.0485
TCGA-CS-4943-01A-01D-1466-01	20	47529242	47532227	3	-1.3316
TCGA-CS-4943-01A-01D-1466-01	20	47536592	61690281	9405	0.0332
TCGA-CS-4943-01A-01D-1466-01	21	14269492	18095761	2294	-0.1087
TCGA-CS-4943-01A-01D-1466-01	21	18096199	18413593	241	0.2167
TCGA-CS-4943-01A-01D-1466-01	21	18415630	18417355	4	-0.5012
TCGA-CS-4943-01A-01D-1466-01	21	18417907	18945836	351	0.2378
TCGA-CS-4943-01A-01D-1466-01	21	18946159	46503202	17693	-0.0147
TCGA-CS-4943-01A-01D-1466-01	22	15803930	47717016	16902	-0.7594
TCGA-CS-4943-01A-01D-1466-01	3	526235	62730798	34699	0.066
TCGA-CS-4943-01A-01D-1466-01	3	62734881	62735075	2	1.3625
TCGA-CS-4943-01A-01D-1466-01	3	62735658	72720464	7132	0.0052
TCGA-CS-4943-01A-01D-1466-01	3	72721919	72722022	2	1.1532
TCGA-CS-4943-01A-01D-1466-01	3	72724106	90568652	9085	0.0615
TCGA-CS-4943-01A-01D-1466-01	3	95217361	95589811	178	0.6223
TCGA-CS-4943-01A-01D-1466-01	3	95595787	95598737	2	-2e-04
TCGA-CS-4943-01A-01D-1466-01	3	95599070	95820980	94	-0.7616
TCGA-CS-4943-01A-01D-1466-01	3	95824973	96010643	79	0.0988
TCGA-CS-4943-01A-01D-1466-01	3	96016895	96164114	73	0.6563
TCGA-CS-4943-01A-01D-1466-01	3	96172820	96178183	5	-0.8604
TCGA-CS-4943-01A-01D-1466-01	3	96180508	96354858	102	0.7332
TCGA-CS-4943-01A-01D-1466-01	3	96356861	96387588	16	-0.771
TCGA-CS-4943-01A-01D-1466-01	3	96390796	96557051	121	0.6522
TCGA-CS-4943-01A-01D-1466-01	3	96561682	100870593	2233	-0.7423
TCGA-CS-4943-01A-01D-1466-01	3	100875256	101282401	214	0.5821
TCGA-CS-4943-01A-01D-1466-01	3	101283607	101590841	151	-0.7598
TCGA-CS-4943-01A-01D-1466-01	3	101594429	101669551	27	0.4802
TCGA-CS-4943-01A-01D-1466-01	3	101687648	199023074	52165	0.0585
TCGA-CS-4943-01A-01D-1466-01	4	1043934	26645059	16172	0.1196
TCGA-CS-4943-01A-01D-1466-01	4	26657122	30383061	2384	-0.6248
TCGA-CS-4943-01A-01D-1466-01	4	30383181	30383367	2	-2.3963
TCGA-CS-4943-01A-01D-1466-01	4	30383406	40067907	5603	-0.6423
TCGA-CS-4943-01A-01D-1466-01	4	40068940	40221824	87	0.6046
TCGA-CS-4943-01A-01D-1466-01	4	40223184	40383493	102	-0.6416
TCGA-CS-4943-01A-01D-1466-01	4	40482510	43074192	1443	0.6414
TCGA-CS-4943-01A-01D-1466-01	4	43074542	43638766	310	0.1928
TCGA-CS-4943-01A-01D-1466-01	4	43639658	43648212	8	-0.406
TCGA-CS-4943-01A-01D-1466-01	4	43655686	43727085	34	0.1306
TCGA-CS-4943-01A-01D-1466-01	4	43729848	43818515	39	-0.6265
TCGA-CS-4943-01A-01D-1466-01	4	43820268	43935051	53	0.68
TCGA-CS-4943-01A-01D-1466-01	4	43937394	44045469	51	-0.6033
TCGA-CS-4943-01A-01D-1466-01	4	44045623	44227220	48	0.6577
TCGA-CS-4943-01A-01D-1466-01	4	44227949	44945689	394	-0.6347
TCGA-CS-4943-01A-01D-1466-01	4	44954059	45016502	41	0.1935
TCGA-CS-4943-01A-01D-1466-01	4	45022371	45543548	238	-0.5707
TCGA-CS-4943-01A-01D-1466-01	4	45545841	45681648	83	0.1624
TCGA-CS-4943-01A-01D-1466-01	4	45683601	52401470	1063	-0.6638
TCGA-CS-4943-01A-01D-1466-01	4	52409226	53259217	456	0.6796
TCGA-CS-4943-01A-01D-1466-01	4	53266435	53296497	17	1.1709
TCGA-CS-4943-01A-01D-1466-01	4	53302716	53712367	264	0.6264
TCGA-CS-4943-01A-01D-1466-01	4	53722705	54676984	613	1.262
TCGA-CS-4943-01A-01D-1466-01	4	54678752	54802375	82	1.5325
TCGA-CS-4943-01A-01D-1466-01	4	54810460	54810517	6	0.2548
TCGA-CS-4943-01A-01D-1466-01	4	54815314	54933434	154	1.5287
TCGA-CS-4943-01A-01D-1466-01	4	54934091	55572586	629	1.2225
TCGA-CS-4943-01A-01D-1466-01	4	55574979	55746185	88	1.6117
TCGA-CS-4943-01A-01D-1466-01	4	55746739	56666826	482	1.2687
TCGA-CS-4943-01A-01D-1466-01	4	56668818	71352173	7339	-0.7128
TCGA-CS-4943-01A-01D-1466-01	4	71352212	71354985	3	-3.163
TCGA-CS-4943-01A-01D-1466-01	4	71356062	79819801	4893	-0.8107
TCGA-CS-4943-01A-01D-1466-01	4	79821200	79822595	2	-3.8599
TCGA-CS-4943-01A-01D-1466-01	4	79822944	140193790	33131	-0.7457
TCGA-CS-4943-01A-01D-1466-01	4	140197505	140269870	133	-0.5025
TCGA-CS-4943-01A-01D-1466-01	4	140269912	189836143	26162	-0.7626
TCGA-CS-4943-01A-01D-1466-01	5	967233	31985974	18540	-0.3634
TCGA-CS-4943-01A-01D-1466-01	5	31998950	180293075	81966	0.0677
TCGA-CS-4943-01A-01D-1466-01	6	959281	22439705	14975	0.0288
TCGA-CS-4943-01A-01D-1466-01	6	22442900	23225406	618	0.5775
TCGA-CS-4943-01A-01D-1466-01	6	23227481	163546667	77465	0.0797
TCGA-CS-4943-01A-01D-1466-01	6	163548035	164886304	805	0.4183
TCGA-CS-4943-01A-01D-1466-01	6	164888776	170745844	2623	0.1306
TCGA-CS-4943-01A-01D-1466-01	7	671810	67373601	34907	0.0733
TCGA-CS-4943-01A-01D-1466-01	7	67374879	67375640	3	-0.8895
TCGA-CS-4943-01A-01D-1466-01	7	67380440	69063286	1051	-0.0154
TCGA-CS-4943-01A-01D-1466-01	7	69065240	69067513	2	-1.1808
TCGA-CS-4943-01A-01D-1466-01	7	69067843	121735066	26064	0.1076
TCGA-CS-4943-01A-01D-1466-01	7	121743454	122046987	163	-0.1466
TCGA-CS-4943-01A-01D-1466-01	7	122047793	122783202	443	0.1754
TCGA-CS-4943-01A-01D-1466-01	7	122787072	123025290	122	-0.1819
TCGA-CS-4943-01A-01D-1466-01	7	123032157	123247502	137	0.0916
TCGA-CS-4943-01A-01D-1466-01	7	123252303	123486008	132	-0.1712
TCGA-CS-4943-01A-01D-1466-01	7	123502103	147177772	12790	0.1195
TCGA-CS-4943-01A-01D-1466-01	7	147177872	147678229	420	-0.223
TCGA-CS-4943-01A-01D-1466-01	7	147678485	158077879	5090	0.0957
TCGA-CS-4943-01A-01D-1466-01	8	607667	25353037	14214	-0.8096
TCGA-CS-4943-01A-01D-1466-01	8	25354592	91693108	35322	0.0592
TCGA-CS-4943-01A-01D-1466-01	8	91701035	145304484	31970	0.5928
TCGA-CS-4943-01A-01D-1466-01	9	779932	21079454	12897	-0.804
TCGA-CS-4943-01A-01D-1466-01	9	21081240	22128762	692	-2.6421
TCGA-CS-4943-01A-01D-1466-01	9	22130863	30861298	4802	-0.7238
TCGA-CS-4943-01A-01D-1466-01	9	30864360	124203407	41414	0.0637
TCGA-CS-4943-01A-01D-1466-01	9	124204757	124205841	5	-0.7126
TCGA-CS-4943-01A-01D-1466-01	9	124211039	140058573	8171	0.0614
TCGA-CS-4943-01A-01D-1466-01	X	3167107	154558783	63712	0.0025
