barcode	chromosome	start	stop	num.mark	seg.mean
TCGA-FG-7636-01A-11D-2085-01	1	3208470	236995874	123883	0.014
TCGA-FG-7636-01A-11D-2085-01	1	236996148	236996538	2	-2.366
TCGA-FG-7636-01A-11D-2085-01	1	236996964	245880329	5192	-0.0409
TCGA-FG-7636-01A-11D-2085-01	10	405240	135075077	80871	0.0801
TCGA-FG-7636-01A-11D-2085-01	11	446120	133647740	77251	0.0648
TCGA-FG-7636-01A-11D-2085-01	12	760163	32221682	18816	0.0561
TCGA-FG-7636-01A-11D-2085-01	12	32222462	32222936	2	-1.459
TCGA-FG-7636-01A-11D-2085-01	12	32228229	131671419	55121	0.1082
TCGA-FG-7636-01A-11D-2085-01	13	18348806	114005560	56644	0.0109
TCGA-FG-7636-01A-11D-2085-01	14	19571208	27849395	3940	0.078
TCGA-FG-7636-01A-11D-2085-01	14	27851277	27858640	2	-1.463
TCGA-FG-7636-01A-11D-2085-01	14	27861385	105059083	45500	0.0671
TCGA-FG-7636-01A-11D-2085-01	15	21238778	99701830	44526	-0.0607
TCGA-FG-7636-01A-11D-2085-01	16	593460	87907437	40863	0.0391
TCGA-FG-7636-01A-11D-2085-01	17	933971	8591683	3681	0.035
TCGA-FG-7636-01A-11D-2085-01	17	8591687	8592729	2	-1.5019
TCGA-FG-7636-01A-11D-2085-01	17	8593107	78510305	33303	0.043
TCGA-FG-7636-01A-11D-2085-01	18	319586	75210228	42664	0.0515
TCGA-FG-7636-01A-11D-2085-01	19	235018	35295483	10796	0.0381
TCGA-FG-7636-01A-11D-2085-01	19	35297799	63570038	13142	-0.4049
TCGA-FG-7636-01A-11D-2085-01	2	474222	242124735	131297	0.034
TCGA-FG-7636-01A-11D-2085-01	20	403764	61690281	37281	0.0514
TCGA-FG-7636-01A-11D-2085-01	21	14269492	16979504	1659	-0.147
TCGA-FG-7636-01A-11D-2085-01	21	16979517	16979537	2	-1.8197
TCGA-FG-7636-01A-11D-2085-01	21	16983163	46503202	18917	-0.1063
TCGA-FG-7636-01A-11D-2085-01	22	15803930	47717016	16927	0.0262
TCGA-FG-7636-01A-11D-2085-01	3	526235	145961303	79314	-0.0321
TCGA-FG-7636-01A-11D-2085-01	3	145965084	145965600	2	-1.9087
TCGA-FG-7636-01A-11D-2085-01	3	145968799	171047446	12727	-0.2025
TCGA-FG-7636-01A-11D-2085-01	3	171048265	190476907	10260	0.3623
TCGA-FG-7636-01A-11D-2085-01	3	190478325	190481193	2	-1.0212
TCGA-FG-7636-01A-11D-2085-01	3	190481724	199023074	4077	0.3476
TCGA-FG-7636-01A-11D-2085-01	4	1043934	189836143	102717	-0.1008
TCGA-FG-7636-01A-11D-2085-01	5	967233	166314684	92230	-0.0014
TCGA-FG-7636-01A-11D-2085-01	5	166318417	166609711	177	-0.4779
TCGA-FG-7636-01A-11D-2085-01	5	166615185	180293075	8083	-0.1282
TCGA-FG-7636-01A-11D-2085-01	6	959281	1215673	252	0.3085
TCGA-FG-7636-01A-11D-2085-01	6	1217183	1311672	106	0.0248
TCGA-FG-7636-01A-11D-2085-01	6	1317135	1586324	174	-0.3412
TCGA-FG-7636-01A-11D-2085-01	6	1590552	2189827	398	-1e-04
TCGA-FG-7636-01A-11D-2085-01	6	2195882	2585996	294	-0.3073
TCGA-FG-7636-01A-11D-2085-01	6	2587380	3327318	561	0.0072
TCGA-FG-7636-01A-11D-2085-01	6	3330626	4127758	599	-0.3336
TCGA-FG-7636-01A-11D-2085-01	6	4128253	4449006	56	-0.0134
TCGA-FG-7636-01A-11D-2085-01	6	4460914	4750115	226	-0.3455
TCGA-FG-7636-01A-11D-2085-01	6	4753353	4821801	38	0.0251
TCGA-FG-7636-01A-11D-2085-01	6	4826614	4908176	86	-0.302
TCGA-FG-7636-01A-11D-2085-01	6	4908945	5844256	636	0.0993
TCGA-FG-7636-01A-11D-2085-01	6	5846352	6156376	284	-0.363
TCGA-FG-7636-01A-11D-2085-01	6	6162746	6539166	355	-0.0328
TCGA-FG-7636-01A-11D-2085-01	6	6539743	6764028	176	-0.3479
TCGA-FG-7636-01A-11D-2085-01	6	6764226	6931364	182	-0.0111
TCGA-FG-7636-01A-11D-2085-01	6	6931453	6992619	38	0.2631
TCGA-FG-7636-01A-11D-2085-01	6	6993605	7167812	101	-0.09
TCGA-FG-7636-01A-11D-2085-01	6	7170534	7480257	170	0.2241
TCGA-FG-7636-01A-11D-2085-01	6	7481051	7687483	198	-0.0525
TCGA-FG-7636-01A-11D-2085-01	6	7688662	7729233	30	-0.3712
TCGA-FG-7636-01A-11D-2085-01	6	7731412	10241571	1639	0.2102
TCGA-FG-7636-01A-11D-2085-01	6	10241824	10575087	255	-0.1294
TCGA-FG-7636-01A-11D-2085-01	6	10643649	12055941	926	0.2555
TCGA-FG-7636-01A-11D-2085-01	6	12059275	12095660	46	-0.0354
TCGA-FG-7636-01A-11D-2085-01	6	12097150	12701138	473	-0.3082
TCGA-FG-7636-01A-11D-2085-01	6	12701446	12811038	77	0.0183
TCGA-FG-7636-01A-11D-2085-01	6	12811838	14274149	1059	-0.3274
TCGA-FG-7636-01A-11D-2085-01	6	14275177	14287462	5	-0.0382
TCGA-FG-7636-01A-11D-2085-01	6	14288066	14437174	107	0.2865
TCGA-FG-7636-01A-11D-2085-01	6	14441766	14760147	268	0.0016
TCGA-FG-7636-01A-11D-2085-01	6	14761148	15322066	376	-0.3182
TCGA-FG-7636-01A-11D-2085-01	6	15323129	15943835	286	0.0292
TCGA-FG-7636-01A-11D-2085-01	6	15943966	15993477	47	-0.3988
TCGA-FG-7636-01A-11D-2085-01	6	15997701	16383183	267	0.0361
TCGA-FG-7636-01A-11D-2085-01	6	16383206	16980112	476	-0.3077
TCGA-FG-7636-01A-11D-2085-01	6	16980128	18006506	560	0.1266
TCGA-FG-7636-01A-11D-2085-01	6	18007675	18092631	48	-0.4409
TCGA-FG-7636-01A-11D-2085-01	6	18098257	18927613	632	-0.0399
TCGA-FG-7636-01A-11D-2085-01	6	18927779	19277621	266	0.307
TCGA-FG-7636-01A-11D-2085-01	6	19277697	19569533	218	0.0464
TCGA-FG-7636-01A-11D-2085-01	6	19569799	20013531	309	0.3295
TCGA-FG-7636-01A-11D-2085-01	6	20013940	20236536	186	0.0087
TCGA-FG-7636-01A-11D-2085-01	6	20236624	20920436	469	-0.3084
TCGA-FG-7636-01A-11D-2085-01	6	20920567	21423154	349	-0.0212
TCGA-FG-7636-01A-11D-2085-01	6	21439563	21656154	118	-0.3551
TCGA-FG-7636-01A-11D-2085-01	6	21661237	23288415	1215	0.123
TCGA-FG-7636-01A-11D-2085-01	6	23291416	23476956	127	-0.3062
TCGA-FG-7636-01A-11D-2085-01	6	23477412	25014648	1055	0.0402
TCGA-FG-7636-01A-11D-2085-01	6	25015529	25125106	89	-0.287
TCGA-FG-7636-01A-11D-2085-01	6	25128833	25259400	97	0.046
TCGA-FG-7636-01A-11D-2085-01	6	25263186	25847866	224	0.3172
TCGA-FG-7636-01A-11D-2085-01	6	25848308	26127191	197	-0.0111
TCGA-FG-7636-01A-11D-2085-01	6	26135399	27160861	381	-0.2805
TCGA-FG-7636-01A-11D-2085-01	6	27163208	29131193	669	0.0327
TCGA-FG-7636-01A-11D-2085-01	6	29139121	30312378	379	-0.318
TCGA-FG-7636-01A-11D-2085-01	6	30329999	30500227	88	0.0632
TCGA-FG-7636-01A-11D-2085-01	6	30500385	30523883	7	-0.4473
TCGA-FG-7636-01A-11D-2085-01	6	30524746	33271429	434	-0.2107
TCGA-FG-7636-01A-11D-2085-01	6	33272713	47607895	8680	0.0589
TCGA-FG-7636-01A-11D-2085-01	6	47609983	48621954	586	-0.2213
TCGA-FG-7636-01A-11D-2085-01	6	48622439	49784117	555	0.0948
TCGA-FG-7636-01A-11D-2085-01	6	49787349	50906652	628	-0.2429
TCGA-FG-7636-01A-11D-2085-01	6	50908267	51203486	177	0.1198
TCGA-FG-7636-01A-11D-2085-01	6	51205121	51250189	39	-0.2836
TCGA-FG-7636-01A-11D-2085-01	6	51250260	51323765	70	0.119
TCGA-FG-7636-01A-11D-2085-01	6	51328768	51491491	103	-0.2164
TCGA-FG-7636-01A-11D-2085-01	6	51491555	51910646	319	0.0778
TCGA-FG-7636-01A-11D-2085-01	6	51918155	52457303	357	-0.2356
TCGA-FG-7636-01A-11D-2085-01	6	52457781	53062153	396	0.0702
TCGA-FG-7636-01A-11D-2085-01	6	53063101	53580474	346	-0.2058
TCGA-FG-7636-01A-11D-2085-01	6	53583965	53646757	57	0.1229
TCGA-FG-7636-01A-11D-2085-01	6	53649275	53730674	71	-0.2738
TCGA-FG-7636-01A-11D-2085-01	6	53730802	53873907	99	0.1224
TCGA-FG-7636-01A-11D-2085-01	6	53877779	54249610	269	-0.2076
TCGA-FG-7636-01A-11D-2085-01	6	54249847	54396422	117	0.1277
TCGA-FG-7636-01A-11D-2085-01	6	54398780	55441548	614	-0.2175
TCGA-FG-7636-01A-11D-2085-01	6	55442530	70347069	5249	0.0767
TCGA-FG-7636-01A-11D-2085-01	6	70349922	170745844	58334	-0.2899
TCGA-FG-7636-01A-11D-2085-01	7	671810	158077879	81318	0.0842
TCGA-FG-7636-01A-11D-2085-01	8	607667	145304484	81513	0.0513
TCGA-FG-7636-01A-11D-2085-01	9	779932	38737688	23308	-0.3716
TCGA-FG-7636-01A-11D-2085-01	9	70228864	134209496	42207	0.0355
TCGA-FG-7636-01A-11D-2085-01	9	134212096	134225493	13	0.638
TCGA-FG-7636-01A-11D-2085-01	9	134228239	140058573	2460	0.0252
TCGA-FG-7636-01A-11D-2085-01	X	3167107	53722090	22172	-0.1526
TCGA-FG-7636-01A-11D-2085-01	X	53723607	63810012	2212	0.2459
TCGA-FG-7636-01A-11D-2085-01	X	63810574	63811499	3	-3.1993
TCGA-FG-7636-01A-11D-2085-01	X	63814302	75434542	4217	0.2203
TCGA-FG-7636-01A-11D-2085-01	X	75440255	75443842	3	2.468
TCGA-FG-7636-01A-11D-2085-01	X	75446787	89460622	6238	0.2059
TCGA-FG-7636-01A-11D-2085-01	X	90672103	91490568	311	-0.2258
TCGA-FG-7636-01A-11D-2085-01	X	91493490	117130059	11430	0.2092
TCGA-FG-7636-01A-11D-2085-01	X	117153610	117154325	2	-5.1921
TCGA-FG-7636-01A-11D-2085-01	X	117156738	154558783	17033	-0.0162
