barcode	chromosome	start	stop	num.mark	seg.mean
TCGA-DU-5871-10A-01D-1704-01	1	61735	86324	14	0.0193
TCGA-DU-5871-10A-01D-1704-01	1	86341	761732	35	0.6089
TCGA-DU-5871-10A-01D-1704-01	1	762118	12834287	6472	0.0302
TCGA-DU-5871-10A-01D-1704-01	1	12834580	12892508	37	0.4517
TCGA-DU-5871-10A-01D-1704-01	1	12909977	12927107	7	-0.4409
TCGA-DU-5871-10A-01D-1704-01	1	12927856	13717824	50	0.3479
TCGA-DU-5871-10A-01D-1704-01	1	13724101	16153497	1804	0.0391
TCGA-DU-5871-10A-01D-1704-01	1	16153536	16153925	5	-1.7802
TCGA-DU-5871-10A-01D-1704-01	1	16154201	16970456	347	0.0157
TCGA-DU-5871-10A-01D-1704-01	1	17005734	17048479	38	0.3753
TCGA-DU-5871-10A-01D-1704-01	1	17056457	17114712	20	-0.2943
TCGA-DU-5871-10A-01D-1704-01	1	17177045	17295212	75	0.2857
TCGA-DU-5871-10A-01D-1704-01	1	17297698	20882523	2534	0.0228
TCGA-DU-5871-10A-01D-1704-01	1	20882944	20883816	6	-1.0074
TCGA-DU-5871-10A-01D-1704-01	1	20884941	22147279	708	0.0048
TCGA-DU-5871-10A-01D-1704-01	1	22151649	22152194	2	1.5061
TCGA-DU-5871-10A-01D-1704-01	1	22160111	25583341	2012	0.0188
TCGA-DU-5871-10A-01D-1704-01	1	25593128	25646744	26	-1.0182
TCGA-DU-5871-10A-01D-1704-01	1	25646946	45626175	10927	0.0162
TCGA-DU-5871-10A-01D-1704-01	1	45634781	45652241	8	-0.8294
TCGA-DU-5871-10A-01D-1704-01	1	45665580	72768418	17914	0.0159
TCGA-DU-5871-10A-01D-1704-01	1	72768498	72811148	47	1.1148
TCGA-DU-5871-10A-01D-1704-01	1	72811904	104159384	20093	0.0079
TCGA-DU-5871-10A-01D-1704-01	1	104163499	104261206	26	1.1718
TCGA-DU-5871-10A-01D-1704-01	1	104268222	106019483	925	-0.0134
TCGA-DU-5871-10A-01D-1704-01	1	106021204	106024090	15	0.6042
TCGA-DU-5871-10A-01D-1704-01	1	106024137	112690326	4639	0.011
TCGA-DU-5871-10A-01D-1704-01	1	112695965	112705956	26	-1.1417
TCGA-DU-5871-10A-01D-1704-01	1	112706060	147831183	6323	0.0235
TCGA-DU-5871-10A-01D-1704-01	1	147844790	149758024	255	0.3341
TCGA-DU-5871-10A-01D-1704-01	1	149758041	152759678	1670	0.0324
TCGA-DU-5871-10A-01D-1704-01	1	152761923	152768700	37	0.5051
TCGA-DU-5871-10A-01D-1704-01	1	152773905	158866573	3622	0.0084
TCGA-DU-5871-10A-01D-1704-01	1	158868501	158869759	2	-1.406
TCGA-DU-5871-10A-01D-1704-01	1	158874818	161478993	1646	7e-04
TCGA-DU-5871-10A-01D-1704-01	1	161479438	161638480	54	-0.3566
TCGA-DU-5871-10A-01D-1704-01	1	161638513	196732086	24234	0.0057
TCGA-DU-5871-10A-01D-1704-01	1	196738623	196815791	92	-0.2877
TCGA-DU-5871-10A-01D-1704-01	1	196816730	243124511	32164	0.015
TCGA-DU-5871-10A-01D-1704-01	1	243129352	243282484	31	0.5133
TCGA-DU-5871-10A-01D-1704-01	1	243293127	249224388	3752	0.0267
TCGA-DU-5871-10A-01D-1704-01	10	72759	13049585	10939	0.0104
TCGA-DU-5871-10A-01D-1704-01	10	13049600	13050170	8	-0.8646
TCGA-DU-5871-10A-01D-1704-01	10	13050428	15010553	1789	0.0168
TCGA-DU-5871-10A-01D-1704-01	10	15010933	15060276	22	0.4762
TCGA-DU-5871-10A-01D-1704-01	10	15065675	27223903	8493	0.0102
TCGA-DU-5871-10A-01D-1704-01	10	27225904	27228473	13	0.6511
TCGA-DU-5871-10A-01D-1704-01	10	27229993	42525124	7936	0.009
TCGA-DU-5871-10A-01D-1704-01	10	42614436	42760053	24	0.749
TCGA-DU-5871-10A-01D-1704-01	10	42763230	42831215	15	-0.5488
TCGA-DU-5871-10A-01D-1704-01	10	42835207	46543857	2338	0.0227
TCGA-DU-5871-10A-01D-1704-01	10	46585050	46954524	16	0.6014
TCGA-DU-5871-10A-01D-1704-01	10	46954534	56326392	5535	0.0155
TCGA-DU-5871-10A-01D-1704-01	10	56328612	56329106	2	-1.7452
TCGA-DU-5871-10A-01D-1704-01	10	56329389	57573815	841	-0.0227
TCGA-DU-5871-10A-01D-1704-01	10	57575755	57633266	56	-0.2814
TCGA-DU-5871-10A-01D-1704-01	10	57634415	67306079	6716	0.0048
TCGA-DU-5871-10A-01D-1704-01	10	67306158	67332872	42	-0.2873
TCGA-DU-5871-10A-01D-1704-01	10	67335440	92459611	16958	0.0093
TCGA-DU-5871-10A-01D-1704-01	10	92459927	92463291	5	-1.0883
TCGA-DU-5871-10A-01D-1704-01	10	92471580	123452142	20757	0.0169
TCGA-DU-5871-10A-01D-1704-01	10	123452206	123459523	9	0.7123
TCGA-DU-5871-10A-01D-1704-01	10	123460078	124334013	647	0.0236
TCGA-DU-5871-10A-01D-1704-01	10	124341534	124357726	10	0.5359
TCGA-DU-5871-10A-01D-1704-01	10	124383013	135506704	7918	0.0271
TCGA-DU-5871-10A-01D-1704-01	11	198510	3413187	1328	0.0239
TCGA-DU-5871-10A-01D-1704-01	11	3416489	3613131	56	0.3478
TCGA-DU-5871-10A-01D-1704-01	11	3618417	4238406	406	0.0187
TCGA-DU-5871-10A-01D-1704-01	11	4239054	4358809	32	0.3395
TCGA-DU-5871-10A-01D-1704-01	11	4359056	4970294	661	0.0163
TCGA-DU-5871-10A-01D-1704-01	11	4970330	4976892	37	0.4661
TCGA-DU-5871-10A-01D-1704-01	11	4976907	5789725	790	-0.0238
TCGA-DU-5871-10A-01D-1704-01	11	5789741	5809139	28	-0.5221
TCGA-DU-5871-10A-01D-1704-01	11	5809338	18949072	9428	0.0122
TCGA-DU-5871-10A-01D-1704-01	11	18949109	18971175	62	0.4507
TCGA-DU-5871-10A-01D-1704-01	11	18971380	50524009	21423	0.0102
TCGA-DU-5871-10A-01D-1704-01	11	50573226	51192870	35	0.5883
TCGA-DU-5871-10A-01D-1704-01	11	51195051	55632785	565	0.0751
TCGA-DU-5871-10A-01D-1704-01	11	55633716	55660354	12	0.6613
TCGA-DU-5871-10A-01D-1704-01	11	55665423	67464630	6090	0.0151
TCGA-DU-5871-10A-01D-1704-01	11	67464928	67768796	88	0.4817
TCGA-DU-5871-10A-01D-1704-01	11	67770067	80987196	7837	0.012
TCGA-DU-5871-10A-01D-1704-01	11	80988211	80996612	23	0.4066
TCGA-DU-5871-10A-01D-1704-01	11	80996726	81662203	571	-0.008
TCGA-DU-5871-10A-01D-1704-01	11	81662646	81663024	3	1.2511
TCGA-DU-5871-10A-01D-1704-01	11	81668644	89474831	5177	0.0102
TCGA-DU-5871-10A-01D-1704-01	11	89487949	89548104	11	0.5867
TCGA-DU-5871-10A-01D-1704-01	11	89548892	127788904	26936	0.012
TCGA-DU-5871-10A-01D-1704-01	11	127790755	127790962	3	-2.0026
TCGA-DU-5871-10A-01D-1704-01	11	127792290	134839972	5466	0.0249
TCGA-DU-5871-10A-01D-1704-01	11	134839990	134944770	75	0.3416
TCGA-DU-5871-10A-01D-1704-01	12	150442	869263	419	0.0543
TCGA-DU-5871-10A-01D-1704-01	12	869278	874029	15	-1.003
TCGA-DU-5871-10A-01D-1704-01	12	875354	8372757	5126	0.0123
TCGA-DU-5871-10A-01D-1704-01	12	8378251	8584672	79	0.5461
TCGA-DU-5871-10A-01D-1704-01	12	8594894	9633870	564	0.0226
TCGA-DU-5871-10A-01D-1704-01	12	9637909	9713674	21	-1.2556
TCGA-DU-5871-10A-01D-1704-01	12	9714954	11231455	1054	2e-04
TCGA-DU-5871-10A-01D-1704-01	12	11232918	11241532	5	-0.9639
TCGA-DU-5871-10A-01D-1704-01	12	11251874	11504091	132	0.0518
TCGA-DU-5871-10A-01D-1704-01	12	11511577	11552192	33	0.5988
TCGA-DU-5871-10A-01D-1704-01	12	11552602	30235421	13130	0.0082
TCGA-DU-5871-10A-01D-1704-01	12	30235581	30240156	10	0.5708
TCGA-DU-5871-10A-01D-1704-01	12	30240171	33294511	2281	0.0145
TCGA-DU-5871-10A-01D-1704-01	12	33294545	33306947	29	0.3399
TCGA-DU-5871-10A-01D-1704-01	12	33306965	33718811	270	-0.0548
TCGA-DU-5871-10A-01D-1704-01	12	33722802	33723561	7	0.8573
TCGA-DU-5871-10A-01D-1704-01	12	33723577	73355585	22155	0.0131
TCGA-DU-5871-10A-01D-1704-01	12	73355620	73359166	2	-1.5729
TCGA-DU-5871-10A-01D-1704-01	12	73359722	133778189	39755	0.0143
TCGA-DU-5871-10A-01D-1704-01	13	19026949	19315173	71	0.2979
TCGA-DU-5871-10A-01D-1704-01	13	19318366	19398553	14	0.8493
TCGA-DU-5871-10A-01D-1704-01	13	19398769	19448395	35	0.2623
TCGA-DU-5871-10A-01D-1704-01	13	19450806	31725617	8994	0.0183
TCGA-DU-5871-10A-01D-1704-01	13	31726099	31890055	101	0.6044
TCGA-DU-5871-10A-01D-1704-01	13	31891161	64979245	21182	0.009
TCGA-DU-5871-10A-01D-1704-01	13	64980032	64980805	4	-1.009
TCGA-DU-5871-10A-01D-1704-01	13	64981899	115108397	33903	0.0037
TCGA-DU-5871-10A-01D-1704-01	14	19002124	19191718	19	0.6866
TCGA-DU-5871-10A-01D-1704-01	14	19273625	20211644	71	0.2301
TCGA-DU-5871-10A-01D-1704-01	14	20212335	20424926	101	0.6136
TCGA-DU-5871-10A-01D-1704-01	14	20425509	44713868	15515	0.0129
TCGA-DU-5871-10A-01D-1704-01	14	44716083	44721675	3	-1.2274
TCGA-DU-5871-10A-01D-1704-01	14	44727986	106872062	39597	0.0136
TCGA-DU-5871-10A-01D-1704-01	14	106874361	106918108	52	-1.5779
TCGA-DU-5871-10A-01D-1704-01	14	106918649	107285437	224	0.1157
TCGA-DU-5871-10A-01D-1704-01	15	20016328	20155638	30	0.6186
TCGA-DU-5871-10A-01D-1704-01	15	20162745	20578421	68	-0.0667
TCGA-DU-5871-10A-01D-1704-01	15	20581451	20581564	7	0.9235
TCGA-DU-5871-10A-01D-1704-01	15	20585988	22317512	212	-0.1669
TCGA-DU-5871-10A-01D-1704-01	15	22317738	22587474	104	-0.5153
TCGA-DU-5871-10A-01D-1704-01	15	22673399	24054787	615	0.0488
TCGA-DU-5871-10A-01D-1704-01	15	24055437	24058995	18	-0.949
TCGA-DU-5871-10A-01D-1704-01	15	24059093	27025373	2094	0.0307
TCGA-DU-5871-10A-01D-1704-01	15	27027847	27032067	5	-0.9172
TCGA-DU-5871-10A-01D-1704-01	15	27032107	28560816	1074	0.0441
TCGA-DU-5871-10A-01D-1704-01	15	28561016	29010269	58	0.4355
TCGA-DU-5871-10A-01D-1704-01	15	29012198	76891627	30077	0.017
TCGA-DU-5871-10A-01D-1704-01	15	76891741	76892225	8	-2.3764
TCGA-DU-5871-10A-01D-1704-01	15	76895064	76895775	11	-0.6532
TCGA-DU-5871-10A-01D-1704-01	15	76902179	102469040	17685	0.0157
TCGA-DU-5871-10A-01D-1704-01	16	60777	91192	12	0.7614
TCGA-DU-5871-10A-01D-1704-01	16	94808	18166459	12781	0.0281
TCGA-DU-5871-10A-01D-1704-01	16	18167517	18594400	24	0.5024
TCGA-DU-5871-10A-01D-1704-01	16	18606397	19944363	710	0.026
TCGA-DU-5871-10A-01D-1704-01	16	19945650	19965875	28	-0.6573
TCGA-DU-5871-10A-01D-1704-01	16	19967362	29337127	5618	0.0226
TCGA-DU-5871-10A-01D-1704-01	16	29337658	29656109	46	0.2947
TCGA-DU-5871-10A-01D-1704-01	16	29656210	30510692	244	-0.0054
TCGA-DU-5871-10A-01D-1704-01	16	30511775	30546506	7	0.638
TCGA-DU-5871-10A-01D-1704-01	16	30547895	31943672	573	-0.0206
TCGA-DU-5871-10A-01D-1704-01	16	31944081	31960151	7	-0.4529
TCGA-DU-5871-10A-01D-1704-01	16	31965616	34241713	362	0.4992
TCGA-DU-5871-10A-01D-1704-01	16	34242364	90287535	32015	0.0217
TCGA-DU-5871-10A-01D-1704-01	17	526	21815047	12835	0.0165
TCGA-DU-5871-10A-01D-1704-01	17	21816860	21919684	49	0.4315
TCGA-DU-5871-10A-01D-1704-01	17	21929925	44156081	10611	0.0199
TCGA-DU-5871-10A-01D-1704-01	17	44157487	44764994	181	-0.4529
TCGA-DU-5871-10A-01D-1704-01	17	44784652	81049726	21620	0.0146
TCGA-DU-5871-10A-01D-1704-01	18	11543	5003537	3552	0.0057
TCGA-DU-5871-10A-01D-1704-01	18	5012395	5012917	3	1.229
TCGA-DU-5871-10A-01D-1704-01	18	5013858	14191101	6533	0.0277
TCGA-DU-5871-10A-01D-1704-01	18	14193566	14351752	40	0.5083
TCGA-DU-5871-10A-01D-1704-01	18	14352852	15092486	257	0.0658
TCGA-DU-5871-10A-01D-1704-01	18	15093591	15402408	66	0.3656
TCGA-DU-5871-10A-01D-1704-01	18	18529353	22208217	2036	0.0088
TCGA-DU-5871-10A-01D-1704-01	18	22208601	22209159	3	-1.0492
TCGA-DU-5871-10A-01D-1704-01	18	22212190	38260470	10354	0.008
TCGA-DU-5871-10A-01D-1704-01	18	38260480	38269498	17	-0.708
TCGA-DU-5871-10A-01D-1704-01	18	38269812	51204135	8911	0.0169
TCGA-DU-5871-10A-01D-1704-01	18	51207209	51210640	5	-1.2125
TCGA-DU-5871-10A-01D-1704-01	18	51212148	63727675	8593	0.0104
TCGA-DU-5871-10A-01D-1704-01	18	63727767	63732738	9	0.7594
TCGA-DU-5871-10A-01D-1704-01	18	63732763	63762300	46	-0.023
TCGA-DU-5871-10A-01D-1704-01	18	63767140	63767922	3	-2.0609
TCGA-DU-5871-10A-01D-1704-01	18	63775595	78015057	10387	0.002
TCGA-DU-5871-10A-01D-1704-01	19	90910	15798394	6637	0.0058
TCGA-DU-5871-10A-01D-1704-01	19	15799276	15799343	2	-1.4493
TCGA-DU-5871-10A-01D-1704-01	19	15799366	20114566	2095	0.0045
TCGA-DU-5871-10A-01D-1704-01	19	20114690	20160167	29	-0.2723
TCGA-DU-5871-10A-01D-1704-01	19	20162052	35855449	8059	0.0276
TCGA-DU-5871-10A-01D-1704-01	19	35856043	35861779	18	0.619
TCGA-DU-5871-10A-01D-1704-01	19	35861848	52131813	8111	0.0207
TCGA-DU-5871-10A-01D-1704-01	19	52142352	52155888	14	-0.6879
TCGA-DU-5871-10A-01D-1704-01	19	52156536	54334379	1553	0.0509
TCGA-DU-5871-10A-01D-1704-01	19	54338042	54339347	3	1.4098
TCGA-DU-5871-10A-01D-1704-01	19	54341578	59097854	2821	0.0172
TCGA-DU-5871-10A-01D-1704-01	2	12784	99260	41	0.3398
TCGA-DU-5871-10A-01D-1704-01	2	99911	4197289	2943	0.0334
TCGA-DU-5871-10A-01D-1704-01	2	4198741	4223567	45	0.3033
TCGA-DU-5871-10A-01D-1704-01	2	4223695	14706056	8022	0.0088
TCGA-DU-5871-10A-01D-1704-01	2	14706269	14710092	10	-1.2309
TCGA-DU-5871-10A-01D-1704-01	2	14710364	27439751	8313	0.0181
TCGA-DU-5871-10A-01D-1704-01	2	27441302	27441500	3	-1.0341
TCGA-DU-5871-10A-01D-1704-01	2	27441904	32697836	3260	0.0058
TCGA-DU-5871-10A-01D-1704-01	2	32697911	32701687	4	-1.1365
TCGA-DU-5871-10A-01D-1704-01	2	32704640	34664750	1471	0.0069
TCGA-DU-5871-10A-01D-1704-01	2	34675467	34738032	54	0.3457
TCGA-DU-5871-10A-01D-1704-01	2	34740639	35957851	867	-0.0436
TCGA-DU-5871-10A-01D-1704-01	2	35960132	35987947	14	0.5056
TCGA-DU-5871-10A-01D-1704-01	2	35997473	52754468	12155	-0.0036
TCGA-DU-5871-10A-01D-1704-01	2	52754480	52781542	39	-0.7061
TCGA-DU-5871-10A-01D-1704-01	2	52787949	74146977	13697	-0.001
TCGA-DU-5871-10A-01D-1704-01	2	74147627	74147818	2	-1.2954
TCGA-DU-5871-10A-01D-1704-01	2	74150256	79281226	3475	0.0011
TCGA-DU-5871-10A-01D-1704-01	2	79281622	79283452	3	1.3483
TCGA-DU-5871-10A-01D-1704-01	2	79297019	89236281	5581	0.0101
TCGA-DU-5871-10A-01D-1704-01	2	89238063	95334806	414	0.3192
TCGA-DU-5871-10A-01D-1704-01	2	95341388	97717272	813	0.0499
TCGA-DU-5871-10A-01D-1704-01	2	97718336	98241192	115	0.342
TCGA-DU-5871-10A-01D-1704-01	2	98244174	112255472	8255	0.0129
TCGA-DU-5871-10A-01D-1704-01	2	112255701	112297825	10	-0.6543
TCGA-DU-5871-10A-01D-1704-01	2	112299024	118230538	3509	-3e-04
TCGA-DU-5871-10A-01D-1704-01	2	118233612	118243133	3	1.0296
TCGA-DU-5871-10A-01D-1704-01	2	118244990	131308378	8265	0.0132
TCGA-DU-5871-10A-01D-1704-01	2	131317849	131391745	4	1.0749
TCGA-DU-5871-10A-01D-1704-01	2	131407189	131946313	230	0.0037
TCGA-DU-5871-10A-01D-1704-01	2	131950542	132158447	44	0.2511
TCGA-DU-5871-10A-01D-1704-01	2	132159934	132506740	199	0.0435
TCGA-DU-5871-10A-01D-1704-01	2	132509119	132560381	6	0.8181
TCGA-DU-5871-10A-01D-1704-01	2	132571593	132759800	67	0.1024
TCGA-DU-5871-10A-01D-1704-01	2	132760324	132812735	14	0.6896
TCGA-DU-5871-10A-01D-1704-01	2	132815568	132932112	33	0.1948
TCGA-DU-5871-10A-01D-1704-01	2	132932734	132943235	4	0.9905
TCGA-DU-5871-10A-01D-1704-01	2	132950083	154889809	13799	0.0057
TCGA-DU-5871-10A-01D-1704-01	2	154895975	154896482	2	-1.9953
TCGA-DU-5871-10A-01D-1704-01	2	154900223	164636852	5707	-0.0017
TCGA-DU-5871-10A-01D-1704-01	2	164643488	164645126	5	-1.5934
TCGA-DU-5871-10A-01D-1704-01	2	164646642	184678816	12656	0.0151
TCGA-DU-5871-10A-01D-1704-01	2	184691453	184697939	5	-1.2257
TCGA-DU-5871-10A-01D-1704-01	2	184700796	213181322	16792	0.0036
TCGA-DU-5871-10A-01D-1704-01	2	213186549	213191825	25	-1.0284
TCGA-DU-5871-10A-01D-1704-01	2	213192126	243089456	19069	0.0174
TCGA-DU-5871-10A-01D-1704-01	20	61305	26232228	20029	0.0125
TCGA-DU-5871-10A-01D-1704-01	20	26232731	29651749	92	0.3942
TCGA-DU-5871-10A-01D-1704-01	20	29835049	37005352	3696	0.0165
TCGA-DU-5871-10A-01D-1704-01	20	37010785	37012294	5	-1.0684
TCGA-DU-5871-10A-01D-1704-01	20	37018652	62956153	18672	0.0179
TCGA-DU-5871-10A-01D-1704-01	21	10736871	24345940	6961	0.0178
TCGA-DU-5871-10A-01D-1704-01	21	24349208	24349335	2	1.4743
TCGA-DU-5871-10A-01D-1704-01	21	24349573	48096957	17440	0.0127
TCGA-DU-5871-10A-01D-1704-01	22	16052528	16206211	23	0.1833
TCGA-DU-5871-10A-01D-1704-01	22	16222695	16236204	5	-0.6744
TCGA-DU-5871-10A-01D-1704-01	22	16239362	17492452	342	0.1667
TCGA-DU-5871-10A-01D-1704-01	22	17493182	17499890	7	0.926
TCGA-DU-5871-10A-01D-1704-01	22	17500036	18655860	835	0.012
TCGA-DU-5871-10A-01D-1704-01	22	18672885	18876428	13	1.2118
TCGA-DU-5871-10A-01D-1704-01	22	18876713	21465672	1625	0.1062
TCGA-DU-5871-10A-01D-1704-01	22	21465835	21708108	10	1.3143
TCGA-DU-5871-10A-01D-1704-01	22	21721603	24344422	1761	0.0776
TCGA-DU-5871-10A-01D-1704-01	22	24350529	24396814	19	0.7154
TCGA-DU-5871-10A-01D-1704-01	22	24401529	32541123	5845	0.0201
TCGA-DU-5871-10A-01D-1704-01	22	32546946	32552837	2	-1.7051
TCGA-DU-5871-10A-01D-1704-01	22	32554985	36461076	3310	0.0257
TCGA-DU-5871-10A-01D-1704-01	22	36461992	36475682	6	0.8162
TCGA-DU-5871-10A-01D-1704-01	22	36478767	42892582	3623	0.0096
TCGA-DU-5871-10A-01D-1704-01	22	42892596	42955431	27	0.8752
TCGA-DU-5871-10A-01D-1704-01	22	42955788	51234455	6105	0.035
TCGA-DU-5871-10A-01D-1704-01	3	60345	68598	4	0.447
TCGA-DU-5871-10A-01D-1704-01	3	69244	4093840	3649	-0.0181
TCGA-DU-5871-10A-01D-1704-01	3	4093864	4106030	35	0.3669
TCGA-DU-5871-10A-01D-1704-01	3	4106054	53023211	32101	0.0102
TCGA-DU-5871-10A-01D-1704-01	3	53028375	53039263	39	-0.459
TCGA-DU-5871-10A-01D-1704-01	3	53039279	68725751	12031	0.0221
TCGA-DU-5871-10A-01D-1704-01	3	68732028	68747413	16	0.917
TCGA-DU-5871-10A-01D-1704-01	3	68748758	75366984	4844	0.0088
TCGA-DU-5871-10A-01D-1704-01	3	75367093	75441278	35	0.2858
TCGA-DU-5871-10A-01D-1704-01	3	75449614	75465102	16	-0.0349
TCGA-DU-5871-10A-01D-1704-01	3	75465193	75902909	127	0.4089
TCGA-DU-5871-10A-01D-1704-01	3	75912351	84698834	4914	-0.002
TCGA-DU-5871-10A-01D-1704-01	3	84698857	84707065	25	0.4058
TCGA-DU-5871-10A-01D-1704-01	3	84711725	94198693	3433	0.0084
TCGA-DU-5871-10A-01D-1704-01	3	94199621	94218465	11	0.542
TCGA-DU-5871-10A-01D-1704-01	3	94218641	107033464	7361	0.0098
TCGA-DU-5871-10A-01D-1704-01	3	107035798	107036184	2	1.8588
TCGA-DU-5871-10A-01D-1704-01	3	107039461	125407689	11482	0.0195
TCGA-DU-5871-10A-01D-1704-01	3	125424472	125469421	19	0.4827
TCGA-DU-5871-10A-01D-1704-01	3	125475334	125558170	31	0.0221
TCGA-DU-5871-10A-01D-1704-01	3	125558185	125569246	7	0.6769
TCGA-DU-5871-10A-01D-1704-01	3	125574996	129786739	2439	0.0197
TCGA-DU-5871-10A-01D-1704-01	3	129786753	129798735	36	-0.8321
TCGA-DU-5871-10A-01D-1704-01	3	129798781	131706696	1178	0.0159
TCGA-DU-5871-10A-01D-1704-01	3	131708157	131708471	2	-1.5176
TCGA-DU-5871-10A-01D-1704-01	3	131714999	136019099	2862	0.0197
TCGA-DU-5871-10A-01D-1704-01	3	136022951	136025426	2	-2.1349
TCGA-DU-5871-10A-01D-1704-01	3	136038541	162540490	16279	0.0082
TCGA-DU-5871-10A-01D-1704-01	3	162545716	162625980	47	0.4544
TCGA-DU-5871-10A-01D-1704-01	3	162625995	168730180	3447	-0.0066
TCGA-DU-5871-10A-01D-1704-01	3	168733402	168739827	3	-1.2815
TCGA-DU-5871-10A-01D-1704-01	3	168739850	192874747	15744	0.0057
TCGA-DU-5871-10A-01D-1704-01	3	192877902	192882903	20	0.6185
TCGA-DU-5871-10A-01D-1704-01	3	192886435	195412212	1492	0.0223
TCGA-DU-5871-10A-01D-1704-01	3	195418263	195446922	22	-0.466
TCGA-DU-5871-10A-01D-1704-01	3	195455508	197711230	1083	0.0209
TCGA-DU-5871-10A-01D-1704-01	3	197715447	197896118	109	0.598
TCGA-DU-5871-10A-01D-1704-01	4	12281	13290	2	-0.6984
TCGA-DU-5871-10A-01D-1704-01	4	16700	71420	61	0.5181
TCGA-DU-5871-10A-01D-1704-01	4	71566	3877790	1579	0.0273
TCGA-DU-5871-10A-01D-1704-01	4	3879618	4176629	81	0.4803
TCGA-DU-5871-10A-01D-1704-01	4	4177173	9431894	3513	0.0375
TCGA-DU-5871-10A-01D-1704-01	4	9431998	9650598	70	0.492
TCGA-DU-5871-10A-01D-1704-01	4	9653990	10209251	489	0.0217
TCGA-DU-5871-10A-01D-1704-01	4	10209869	10240713	50	0.3481
TCGA-DU-5871-10A-01D-1704-01	4	10244613	10398611	170	0.0492
TCGA-DU-5871-10A-01D-1704-01	4	10398737	10400668	11	-0.5765
TCGA-DU-5871-10A-01D-1704-01	4	10402718	26288818	11551	0.0162
TCGA-DU-5871-10A-01D-1704-01	4	26291985	26294776	3	-1.3047
TCGA-DU-5871-10A-01D-1704-01	4	26295174	34779054	5253	-0.0029
TCGA-DU-5871-10A-01D-1704-01	4	34786500	34824725	38	-1.8654
TCGA-DU-5871-10A-01D-1704-01	4	34829872	45005852	6647	0.0011
TCGA-DU-5871-10A-01D-1704-01	4	45006192	45006335	3	-3.168
TCGA-DU-5871-10A-01D-1704-01	4	45010969	49291355	2337	0.0063
TCGA-DU-5871-10A-01D-1704-01	4	49297220	52689539	29	0.5404
TCGA-DU-5871-10A-01D-1704-01	4	52696792	66565801	8787	0.0039
TCGA-DU-5871-10A-01D-1704-01	4	66567056	66567198	3	-1.5395
TCGA-DU-5871-10A-01D-1704-01	4	66568768	66588551	25	-0.091
TCGA-DU-5871-10A-01D-1704-01	4	66591738	66629985	42	0.4967
TCGA-DU-5871-10A-01D-1704-01	4	66632857	69338564	1624	0.01
TCGA-DU-5871-10A-01D-1704-01	4	69344612	69582483	81	0.4623
TCGA-DU-5871-10A-01D-1704-01	4	69591612	70138047	329	0.0313
TCGA-DU-5871-10A-01D-1704-01	4	70143374	70162893	12	-0.6617
TCGA-DU-5871-10A-01D-1704-01	4	70165731	95240869	15324	0.0138
TCGA-DU-5871-10A-01D-1704-01	4	95241313	95277414	21	0.697
TCGA-DU-5871-10A-01D-1704-01	4	95279214	96245748	627	0.0069
TCGA-DU-5871-10A-01D-1704-01	4	96246506	96249095	17	-0.8133
TCGA-DU-5871-10A-01D-1704-01	4	96251703	138092239	24698	0.0079
TCGA-DU-5871-10A-01D-1704-01	4	138092420	138092926	10	-0.8315
TCGA-DU-5871-10A-01D-1704-01	4	138092938	190785565	33947	0.0142
TCGA-DU-5871-10A-01D-1704-01	4	190791543	191027923	62	0.4151
TCGA-DU-5871-10A-01D-1704-01	5	15532	11161625	9132	0.0348
TCGA-DU-5871-10A-01D-1704-01	5	11162636	11162771	3	-1.3705
TCGA-DU-5871-10A-01D-1704-01	5	11167277	15719222	3082	0.0079
TCGA-DU-5871-10A-01D-1704-01	5	15719350	15723346	11	-0.9474
TCGA-DU-5871-10A-01D-1704-01	5	15723485	27521149	7114	0.0037
TCGA-DU-5871-10A-01D-1704-01	5	27524452	27526020	11	-0.6091
TCGA-DU-5871-10A-01D-1704-01	5	27527479	175460087	91062	0.0113
TCGA-DU-5871-10A-01D-1704-01	5	175465689	175469507	2	-2.2967
TCGA-DU-5871-10A-01D-1704-01	5	175470324	177198449	728	0.0258
TCGA-DU-5871-10A-01D-1704-01	5	177227551	177254965	4	2.0341
TCGA-DU-5871-10A-01D-1704-01	5	177259415	180374523	1810	0.0249
TCGA-DU-5871-10A-01D-1704-01	5	180378710	180442441	23	0.6333
TCGA-DU-5871-10A-01D-1704-01	5	180442920	180790320	167	0.0794
TCGA-DU-5871-10A-01D-1704-01	6	149661	31280823	22437	0.0161
TCGA-DU-5871-10A-01D-1704-01	6	31286276	31295953	8	-1.1533
TCGA-DU-5871-10A-01D-1704-01	6	31295987	32581838	554	-0.032
TCGA-DU-5871-10A-01D-1704-01	6	32581889	32602269	12	-0.7153
TCGA-DU-5871-10A-01D-1704-01	6	32604372	47171671	9374	0.0178
TCGA-DU-5871-10A-01D-1704-01	6	47173656	47176885	2	-1.4405
TCGA-DU-5871-10A-01D-1704-01	6	47177415	52611118	3383	0.0093
TCGA-DU-5871-10A-01D-1704-01	6	52611384	52664482	53	0.3697
TCGA-DU-5871-10A-01D-1704-01	6	52664572	77436532	13255	0.0071
TCGA-DU-5871-10A-01D-1704-01	6	77439868	77452689	20	0.5357
TCGA-DU-5871-10A-01D-1704-01	6	77452757	78962626	977	0.0135
TCGA-DU-5871-10A-01D-1704-01	6	78962874	79041809	120	-0.4135
TCGA-DU-5871-10A-01D-1704-01	6	79045766	86520002	4743	0.0026
TCGA-DU-5871-10A-01D-1704-01	6	86520337	86550042	12	0.5312
TCGA-DU-5871-10A-01D-1704-01	6	86555996	99226977	7967	0.0065
TCGA-DU-5871-10A-01D-1704-01	6	99230299	99231137	5	-0.9842
TCGA-DU-5871-10A-01D-1704-01	6	99231734	157779495	37624	0.013
TCGA-DU-5871-10A-01D-1704-01	6	157781264	157829617	8	0.9098
TCGA-DU-5871-10A-01D-1704-01	6	157835571	161032519	2158	0.0199
TCGA-DU-5871-10A-01D-1704-01	6	161032565	161033283	6	1.5248
TCGA-DU-5871-10A-01D-1704-01	6	161068042	164521653	2781	0.0165
TCGA-DU-5871-10A-01D-1704-01	6	164522036	164527207	2	1.4693
TCGA-DU-5871-10A-01D-1704-01	6	164527235	168234254	2575	0.0148
TCGA-DU-5871-10A-01D-1704-01	6	168234305	168238612	2	-2.1146
TCGA-DU-5871-10A-01D-1704-01	6	168239966	171051005	1905	0.0458
TCGA-DU-5871-10A-01D-1704-01	7	43355	3421727	1458	0.0339
TCGA-DU-5871-10A-01D-1704-01	7	3421808	3431865	13	0.5509
TCGA-DU-5871-10A-01D-1704-01	7	3432014	6837068	1965	0.011
TCGA-DU-5871-10A-01D-1704-01	7	6838724	6932776	29	0.664
TCGA-DU-5871-10A-01D-1704-01	7	6932790	48580942	30847	0.0071
TCGA-DU-5871-10A-01D-1704-01	7	48581852	48592025	8	-1.2361
TCGA-DU-5871-10A-01D-1704-01	7	48600179	53486167	3617	0.012
TCGA-DU-5871-10A-01D-1704-01	7	53487950	53489674	3	-1.1469
TCGA-DU-5871-10A-01D-1704-01	7	53493234	54380373	634	0.0415
TCGA-DU-5871-10A-01D-1704-01	7	54386505	54386512	4	1.1288
TCGA-DU-5871-10A-01D-1704-01	7	54386514	56704382	1539	0.018
TCGA-DU-5871-10A-01D-1704-01	7	56709255	56713651	6	-0.7549
TCGA-DU-5871-10A-01D-1704-01	7	56714112	65453218	1937	0.1241
TCGA-DU-5871-10A-01D-1704-01	7	65453398	65469817	3	1.0337
TCGA-DU-5871-10A-01D-1704-01	7	65470743	66105408	224	-2e-04
TCGA-DU-5871-10A-01D-1704-01	7	66110224	66110728	2	-1.0273
TCGA-DU-5871-10A-01D-1704-01	7	66113824	70420438	2590	0.0286
TCGA-DU-5871-10A-01D-1704-01	7	70423250	70426141	2	-2.0795
TCGA-DU-5871-10A-01D-1704-01	7	70428243	76143625	2186	0.0313
TCGA-DU-5871-10A-01D-1704-01	7	76143782	76197981	13	0.6069
TCGA-DU-5871-10A-01D-1704-01	7	76199475	76302034	45	0.1673
TCGA-DU-5871-10A-01D-1704-01	7	76302190	76303483	11	0.7215
TCGA-DU-5871-10A-01D-1704-01	7	76303510	97385933	13603	0.0053
TCGA-DU-5871-10A-01D-1704-01	7	97385970	97395506	8	0.8481
TCGA-DU-5871-10A-01D-1704-01	7	97395509	97407061	28	0.012
TCGA-DU-5871-10A-01D-1704-01	7	97417607	97420652	5	0.9823
TCGA-DU-5871-10A-01D-1704-01	7	97421090	101080923	1541	0.0047
TCGA-DU-5871-10A-01D-1704-01	7	101081798	101081986	2	-1.354
TCGA-DU-5871-10A-01D-1704-01	7	101086258	102102164	486	0.0053
TCGA-DU-5871-10A-01D-1704-01	7	102235712	102358307	37	0.3204
TCGA-DU-5871-10A-01D-1704-01	7	102358341	109437673	4552	0.0149
TCGA-DU-5871-10A-01D-1704-01	7	109437675	109441212	14	0.5986
TCGA-DU-5871-10A-01D-1704-01	7	109441244	125251823	9501	0.0075
TCGA-DU-5871-10A-01D-1704-01	7	125255577	125259452	2	-1.4809
TCGA-DU-5871-10A-01D-1704-01	7	125259772	126044974	549	-0.0216
TCGA-DU-5871-10A-01D-1704-01	7	126045482	126046876	13	-0.8928
TCGA-DU-5871-10A-01D-1704-01	7	126046877	126046881	5	0.8225
TCGA-DU-5871-10A-01D-1704-01	7	126052766	132605356	3997	0.0143
TCGA-DU-5871-10A-01D-1704-01	7	132606002	132607171	2	-1.3734
TCGA-DU-5871-10A-01D-1704-01	7	132611378	133778652	699	0.0209
TCGA-DU-5871-10A-01D-1704-01	7	133785177	133798543	33	0.6442
TCGA-DU-5871-10A-01D-1704-01	7	133798558	134243452	347	0.0032
TCGA-DU-5871-10A-01D-1704-01	7	134246106	134250322	2	0.9897
TCGA-DU-5871-10A-01D-1704-01	7	134250704	135560987	910	-0.0075
TCGA-DU-5871-10A-01D-1704-01	7	135564333	135572782	8	0.7202
TCGA-DU-5871-10A-01D-1704-01	7	135573240	142047396	4173	0.0102
TCGA-DU-5871-10A-01D-1704-01	7	142047648	142176073	60	0.2539
TCGA-DU-5871-10A-01D-1704-01	7	142179394	142260474	84	-0.0489
TCGA-DU-5871-10A-01D-1704-01	7	142260736	142474939	111	0.2157
TCGA-DU-5871-10A-01D-1704-01	7	142476719	142486345	29	1.1255
TCGA-DU-5871-10A-01D-1704-01	7	142486495	143909445	841	0.0246
TCGA-DU-5871-10A-01D-1704-01	7	143911624	144050933	37	0.5708
TCGA-DU-5871-10A-01D-1704-01	7	144051231	144763223	459	0.0205
TCGA-DU-5871-10A-01D-1704-01	7	144763542	144770803	3	-0.9736
TCGA-DU-5871-10A-01D-1704-01	7	144770965	145192317	253	-0.0038
TCGA-DU-5871-10A-01D-1704-01	7	145192718	145192893	2	-1.6173
TCGA-DU-5871-10A-01D-1704-01	7	145192945	154964560	6308	0.022
TCGA-DU-5871-10A-01D-1704-01	7	154965379	154965392	2	-1.4652
TCGA-DU-5871-10A-01D-1704-01	7	154966514	159069644	2618	0.0291
TCGA-DU-5871-10A-01D-1704-01	7	159072221	159127004	56	0.4214
TCGA-DU-5871-10A-01D-1704-01	8	31254	593041	326	0.1575
TCGA-DU-5871-10A-01D-1704-01	8	594944	595908	10	1.4921
TCGA-DU-5871-10A-01D-1704-01	8	601043	3787716	3112	0.0239
TCGA-DU-5871-10A-01D-1704-01	8	3788103	3788105	2	1.7721
TCGA-DU-5871-10A-01D-1704-01	8	3788251	5864927	3010	-0.0065
TCGA-DU-5871-10A-01D-1704-01	8	5868800	5869938	3	-1.8107
TCGA-DU-5871-10A-01D-1704-01	8	5870302	6825852	1253	0.0203
TCGA-DU-5871-10A-01D-1704-01	8	6826263	6880062	24	0.4579
TCGA-DU-5871-10A-01D-1704-01	8	6882393	6933758	51	0.0516
TCGA-DU-5871-10A-01D-1704-01	8	6935820	7238019	62	0.4308
TCGA-DU-5871-10A-01D-1704-01	8	7250380	7799390	149	-0.245
TCGA-DU-5871-10A-01D-1704-01	8	7809891	8018036	62	0.4631
TCGA-DU-5871-10A-01D-1704-01	8	8018037	10181541	1874	0.0066
TCGA-DU-5871-10A-01D-1704-01	8	10181957	10182124	2	-1.8678
TCGA-DU-5871-10A-01D-1704-01	8	10182144	11846482	1339	0.0376
TCGA-DU-5871-10A-01D-1704-01	8	11851156	12558929	165	0.3414
TCGA-DU-5871-10A-01D-1704-01	8	12559835	53984323	26030	0.0139
TCGA-DU-5871-10A-01D-1704-01	8	53984713	53992915	10	0.7379
TCGA-DU-5871-10A-01D-1704-01	8	53999395	95557312	25240	0.0116
TCGA-DU-5871-10A-01D-1704-01	8	95557552	95557992	7	1.236
TCGA-DU-5871-10A-01D-1704-01	8	95558115	112295038	10293	0.0131
TCGA-DU-5871-10A-01D-1704-01	8	112295081	112300281	5	-0.9551
TCGA-DU-5871-10A-01D-1704-01	8	112301252	115638467	1839	-0.018
TCGA-DU-5871-10A-01D-1704-01	8	115638701	115640817	6	1.0114
TCGA-DU-5871-10A-01D-1704-01	8	115640908	144706884	20572	0.0195
TCGA-DU-5871-10A-01D-1704-01	8	144706978	144707021	2	-2.6432
TCGA-DU-5871-10A-01D-1704-01	8	144707808	146298155	506	0.0693
TCGA-DU-5871-10A-01D-1704-01	9	46587	742947	735	0.5433
TCGA-DU-5871-10A-01D-1704-01	9	747276	39273177	30545	0.0048
TCGA-DU-5871-10A-01D-1704-01	9	39283389	44396927	203	0.3511
TCGA-DU-5871-10A-01D-1704-01	9	44404912	44855737	41	0.917
TCGA-DU-5871-10A-01D-1704-01	9	44866028	70996001	385	0.4487
TCGA-DU-5871-10A-01D-1704-01	9	70999387	141091394	48031	0.0133
TCGA-DU-5871-10A-01D-1704-01	X	168477	76349873	40145	0.0133
TCGA-DU-5871-10A-01D-1704-01	X	76353650	76378656	3	-1.2567
TCGA-DU-5871-10A-01D-1704-01	X	76378658	85182922	4434	-0.011
TCGA-DU-5871-10A-01D-1704-01	X	85185495	85190420	16	-0.9166
TCGA-DU-5871-10A-01D-1704-01	X	85191032	89889990	2675	-0.0112
TCGA-DU-5871-10A-01D-1704-01	X	89895048	89911858	22	-0.6609
TCGA-DU-5871-10A-01D-1704-01	X	89929979	120974241	17013	0.0161
TCGA-DU-5871-10A-01D-1704-01	X	120976997	120977683	4	-1.5914
TCGA-DU-5871-10A-01D-1704-01	X	120980654	150292898	17841	0.0158
TCGA-DU-5871-10A-01D-1704-01	X	150293934	150295459	2	-1.7839
TCGA-DU-5871-10A-01D-1704-01	X	150296555	155182354	2428	0.0396
TCGA-DU-5871-10A-01D-1704-01	Y	2650438	6101425	871	-2.0883
TCGA-DU-5871-10A-01D-1704-01	Y	6107901	6409541	123	-3.2928
TCGA-DU-5871-10A-01D-1704-01	Y	6410097	7399842	430	-2.431
TCGA-DU-5871-10A-01D-1704-01	Y	7400746	9823373	1221	-2.7456
TCGA-DU-5871-10A-01D-1704-01	Y	9826040	15024621	679	-2.4507
TCGA-DU-5871-10A-01D-1704-01	Y	15026424	15030817	5	-5.8899
TCGA-DU-5871-10A-01D-1704-01	Y	15032288	15590276	249	-2.6025
TCGA-DU-5871-10A-01D-1704-01	Y	15590342	15594523	3	-7.5064
TCGA-DU-5871-10A-01D-1704-01	Y	15594889	19063565	1842	-2.6353
TCGA-DU-5871-10A-01D-1704-01	Y	19068122	21088297	944	-3.0403
TCGA-DU-5871-10A-01D-1704-01	Y	21088485	23859163	1053	-2.6891
TCGA-DU-5871-10A-01D-1704-01	Y	23859468	26218232	513	-3.1032
TCGA-DU-5871-10A-01D-1704-01	Y	26222820	26408766	43	-2.1981
TCGA-DU-5871-10A-01D-1704-01	Y	26409789	26412603	3	-5.218
TCGA-DU-5871-10A-01D-1704-01	Y	26417092	26510799	35	-1.7074
TCGA-DU-5871-10A-01D-1704-01	Y	26513715	27436702	95	-3.658
TCGA-DU-5871-10A-01D-1704-01	Y	27444915	27695095	86	-2.0781
TCGA-DU-5871-10A-01D-1704-01	Y	27717799	28272116	199	-3.1639
TCGA-DU-5871-10A-01D-1704-01	Y	28277692	28321752	13	-4.6697
TCGA-DU-5871-10A-01D-1704-01	Y	28322019	28452016	51	-2.9683
TCGA-DU-5871-10A-01D-1704-01	Y	28457337	59018259	175	-1.9986
