barcode	chromosome	start	stop	num.mark	seg.mean
TCGA-DU-8165-10A-01D-2252-01	1	61735	12845863	6528	-0.0092
TCGA-DU-8165-10A-01D-2252-01	1	12852748	12858053	3	-7.5522
TCGA-DU-8165-10A-01D-2252-01	1	12859292	13471945	66	-1.0217
TCGA-DU-8165-10A-01D-2252-01	1	13506877	16886193	2130	-3e-04
TCGA-DU-8165-10A-01D-2252-01	1	16888067	17195155	103	-0.2969
TCGA-DU-8165-10A-01D-2252-01	1	17203497	25583341	5332	-0.0025
TCGA-DU-8165-10A-01D-2252-01	1	25593128	25646986	28	0.5378
TCGA-DU-8165-10A-01D-2252-01	1	25661501	72768418	28866	0.0015
TCGA-DU-8165-10A-01D-2252-01	1	72768498	72768916	2	-0.6981
TCGA-DU-8165-10A-01D-2252-01	1	72768936	72811148	45	-1.5594
TCGA-DU-8165-10A-01D-2252-01	1	72811904	104163787	20097	0.0013
TCGA-DU-8165-10A-01D-2252-01	1	104178038	104259444	21	0.9711
TCGA-DU-8165-10A-01D-2252-01	1	104260032	106013376	924	0.0033
TCGA-DU-8165-10A-01D-2252-01	1	106019205	106022375	17	0.7283
TCGA-DU-8165-10A-01D-2252-01	1	106024055	152555527	12714	-0.0018
TCGA-DU-8165-10A-01D-2252-01	1	152555706	152586540	33	-2.0681
TCGA-DU-8165-10A-01D-2252-01	1	152586576	162283911	6089	-0.0042
TCGA-DU-8165-10A-01D-2252-01	1	162284057	162295838	10	-0.9419
TCGA-DU-8165-10A-01D-2252-01	1	162297812	174796405	8990	0.0022
TCGA-DU-8165-10A-01D-2252-01	1	174796556	174801840	16	-0.9708
TCGA-DU-8165-10A-01D-2252-01	1	174801854	199054666	16094	0.0049
TCGA-DU-8165-10A-01D-2252-01	1	199072722	199094632	28	-0.8466
TCGA-DU-8165-10A-01D-2252-01	1	199103924	243047556	30748	0.0043
TCGA-DU-8165-10A-01D-2252-01	1	243048740	243084694	56	-0.2978
TCGA-DU-8165-10A-01D-2252-01	1	243085556	245636410	1578	0.0014
TCGA-DU-8165-10A-01D-2252-01	1	245637039	245646904	11	-1.2152
TCGA-DU-8165-10A-01D-2252-01	1	245649651	248749219	2035	0.003
TCGA-DU-8165-10A-01D-2252-01	1	248749560	248797213	31	-0.8486
TCGA-DU-8165-10A-01D-2252-01	1	248805339	249224388	144	0.1
TCGA-DU-8165-10A-01D-2252-01	10	72759	135506704	91136	-4e-04
TCGA-DU-8165-10A-01D-2252-01	11	198510	4968117	2478	-0.0164
TCGA-DU-8165-10A-01D-2252-01	11	4968510	4975705	28	0.8216
TCGA-DU-8165-10A-01D-2252-01	11	4976257	5788092	801	-0.0011
TCGA-DU-8165-10A-01D-2252-01	11	5789601	5809048	29	-0.5368
TCGA-DU-8165-10A-01D-2252-01	11	5809139	18950586	9441	0.0026
TCGA-DU-8165-10A-01D-2252-01	11	18951037	18961097	27	-0.4393
TCGA-DU-8165-10A-01D-2252-01	11	18961178	49708375	21089	8e-04
TCGA-DU-8165-10A-01D-2252-01	11	49710861	49757671	19	-0.6488
TCGA-DU-8165-10A-01D-2252-01	11	49757767	55376498	771	-0.0553
TCGA-DU-8165-10A-01D-2252-01	11	55376511	55453576	51	-0.5031
TCGA-DU-8165-10A-01D-2252-01	11	55460683	101594384	28654	-0.002
TCGA-DU-8165-10A-01D-2252-01	11	101597860	101597964	4	1.2215
TCGA-DU-8165-10A-01D-2252-01	11	101598212	107238656	3811	0.0098
TCGA-DU-8165-10A-01D-2252-01	11	107238671	107239128	6	0.7823
TCGA-DU-8165-10A-01D-2252-01	11	107252362	134944770	19967	1e-04
TCGA-DU-8165-10A-01D-2252-01	12	150442	7994787	5374	-0.0037
TCGA-DU-8165-10A-01D-2252-01	12	8004425	8123900	60	-1.0326
TCGA-DU-8165-10A-01D-2252-01	12	8130958	8320899	109	-0.0019
TCGA-DU-8165-10A-01D-2252-01	12	8322838	8595531	101	-0.2486
TCGA-DU-8165-10A-01D-2252-01	12	8596353	11219423	1629	0.0059
TCGA-DU-8165-10A-01D-2252-01	12	11220724	11241532	12	0.6062
TCGA-DU-8165-10A-01D-2252-01	12	11251874	11511578	134	0.0125
TCGA-DU-8165-10A-01D-2252-01	12	11512492	11543406	30	-3.1224
TCGA-DU-8165-10A-01D-2252-01	12	11552192	45905840	21085	0.0044
TCGA-DU-8165-10A-01D-2252-01	12	45908740	45909537	2	-2.9287
TCGA-DU-8165-10A-01D-2252-01	12	45913292	46542954	370	-0.0016
TCGA-DU-8165-10A-01D-2252-01	12	46543441	46543654	3	-0.7318
TCGA-DU-8165-10A-01D-2252-01	12	46545490	47526730	570	-0.0069
TCGA-DU-8165-10A-01D-2252-01	12	47527599	47527808	2	1.2336
TCGA-DU-8165-10A-01D-2252-01	12	47528373	48725042	774	-0.0067
TCGA-DU-8165-10A-01D-2252-01	12	48725239	48725415	3	-1.7535
TCGA-DU-8165-10A-01D-2252-01	12	48730036	99791814	32045	0.0018
TCGA-DU-8165-10A-01D-2252-01	12	99795293	99798734	31	-0.7049
TCGA-DU-8165-10A-01D-2252-01	12	99803093	133778189	22772	0.0016
TCGA-DU-8165-10A-01D-2252-01	13	19026949	19221244	28	-0.2605
TCGA-DU-8165-10A-01D-2252-01	13	19224439	32532121	9619	0.0052
TCGA-DU-8165-10A-01D-2252-01	13	32532622	32538423	18	-1.0412
TCGA-DU-8165-10A-01D-2252-01	13	32540047	32953529	402	0.0104
TCGA-DU-8165-10A-01D-2252-01	13	32959240	32961202	8	-0.704
TCGA-DU-8165-10A-01D-2252-01	13	32965730	53094799	13425	0.0056
TCGA-DU-8165-10A-01D-2252-01	13	53097984	53105785	3	-1.7584
TCGA-DU-8165-10A-01D-2252-01	13	53117879	115108397	40837	7e-04
TCGA-DU-8165-10A-01D-2252-01	14	19002124	19417203	28	-0.202
TCGA-DU-8165-10A-01D-2252-01	14	19422533	19469520	10	0.5641
TCGA-DU-8165-10A-01D-2252-01	14	19541714	19792968	20	-0.5239
TCGA-DU-8165-10A-01D-2252-01	14	19795585	20210997	31	0.0185
TCGA-DU-8165-10A-01D-2252-01	14	20211644	20418957	96	-0.3747
TCGA-DU-8165-10A-01D-2252-01	14	20419259	20423372	5	-1.0711
TCGA-DU-8165-10A-01D-2252-01	14	20424926	23092105	1984	-0.0332
TCGA-DU-8165-10A-01D-2252-01	14	23094845	23099209	7	-1.1179
TCGA-DU-8165-10A-01D-2252-01	14	23099390	24474523	764	-0.0048
TCGA-DU-8165-10A-01D-2252-01	14	24478894	24488143	7	-0.8268
TCGA-DU-8165-10A-01D-2252-01	14	24488396	38134579	8740	0.002
TCGA-DU-8165-10A-01D-2252-01	14	38134804	38138176	3	-1.0706
TCGA-DU-8165-10A-01D-2252-01	14	38139170	38358206	111	0.0038
TCGA-DU-8165-10A-01D-2252-01	14	38362430	38364852	4	-0.8869
TCGA-DU-8165-10A-01D-2252-01	14	38367230	47963568	5745	0.0053
TCGA-DU-8165-10A-01D-2252-01	14	47966854	47969468	5	-1.0897
TCGA-DU-8165-10A-01D-2252-01	14	47974587	70018047	14155	0.0042
TCGA-DU-8165-10A-01D-2252-01	14	70018368	70022726	10	-0.8886
TCGA-DU-8165-10A-01D-2252-01	14	70022944	73995774	2625	0.0068
TCGA-DU-8165-10A-01D-2252-01	14	74001123	74017521	7	-1.3996
TCGA-DU-8165-10A-01D-2252-01	14	74017538	91683205	11617	0.0043
TCGA-DU-8165-10A-01D-2252-01	14	91684609	91684690	3	-1.0685
TCGA-DU-8165-10A-01D-2252-01	14	91687291	94367750	1686	0.0027
TCGA-DU-8165-10A-01D-2252-01	14	94372768	94372790	2	-1.2813
TCGA-DU-8165-10A-01D-2252-01	14	94373491	96589360	1819	0.0025
TCGA-DU-8165-10A-01D-2252-01	14	96590183	96592034	2	-1.338
TCGA-DU-8165-10A-01D-2252-01	14	96592891	106796025	5816	-0.0073
TCGA-DU-8165-10A-01D-2252-01	14	106796228	106802053	6	0.8415
TCGA-DU-8165-10A-01D-2252-01	14	106815943	107285437	308	0.0517
TCGA-DU-8165-10A-01D-2252-01	15	20016328	20269773	57	0.0121
TCGA-DU-8165-10A-01D-2252-01	15	20284066	20446138	12	-0.5483
TCGA-DU-8165-10A-01D-2252-01	15	20454259	21201536	210	-0.2326
TCGA-DU-8165-10A-01D-2252-01	15	21210772	21223683	2	-2.3913
TCGA-DU-8165-10A-01D-2252-01	15	21238984	22293227	32	-0.5496
TCGA-DU-8165-10A-01D-2252-01	15	22302006	22363231	21	0.2894
TCGA-DU-8165-10A-01D-2252-01	15	22373070	22381411	6	-0.9836
TCGA-DU-8165-10A-01D-2252-01	15	22383201	22410032	10	0.1008
TCGA-DU-8165-10A-01D-2252-01	15	22410343	22587474	72	0.3068
TCGA-DU-8165-10A-01D-2252-01	15	22673399	24478764	931	0.0062
TCGA-DU-8165-10A-01D-2252-01	15	24483045	24574757	39	-0.3308
TCGA-DU-8165-10A-01D-2252-01	15	24574937	76878362	32973	0.0041
TCGA-DU-8165-10A-01D-2252-01	15	76891241	76902179	23	0.6587
TCGA-DU-8165-10A-01D-2252-01	15	76902194	83043161	3659	0.0012
TCGA-DU-8165-10A-01D-2252-01	15	83046078	83108839	7	-1.3157
TCGA-DU-8165-10A-01D-2252-01	15	83169549	84828351	952	-0.0073
TCGA-DU-8165-10A-01D-2252-01	15	84861346	84943204	14	-0.4533
TCGA-DU-8165-10A-01D-2252-01	15	84945448	97808409	9614	0.005
TCGA-DU-8165-10A-01D-2252-01	15	97817792	97833652	14	-0.8001
TCGA-DU-8165-10A-01D-2252-01	15	97844990	102469040	3429	-0.0048
TCGA-DU-8165-10A-01D-2252-01	16	60777	16513279	11790	0.0027
TCGA-DU-8165-10A-01D-2252-01	16	16513638	16657460	17	-0.501
TCGA-DU-8165-10A-01D-2252-01	16	16663576	18704192	1025	-0.017
TCGA-DU-8165-10A-01D-2252-01	16	18716255	18726036	4	-1.2698
TCGA-DU-8165-10A-01D-2252-01	16	18727232	21389970	1629	0.0078
TCGA-DU-8165-10A-01D-2252-01	16	21412403	21593455	24	-0.4897
TCGA-DU-8165-10A-01D-2252-01	16	21593634	22625602	380	-0.0134
TCGA-DU-8165-10A-01D-2252-01	16	22625619	22720189	63	-0.3992
TCGA-DU-8165-10A-01D-2252-01	16	22720366	90287535	37516	-0.0054
TCGA-DU-8165-10A-01D-2252-01	17	526	6310041	3583	0.001
TCGA-DU-8165-10A-01D-2252-01	17	6310686	6312267	5	-1.4348
TCGA-DU-8165-10A-01D-2252-01	17	6312819	12276384	3913	0.0067
TCGA-DU-8165-10A-01D-2252-01	17	12283473	12289269	6	-1.1504
TCGA-DU-8165-10A-01D-2252-01	17	12289610	16413609	2906	0.0116
TCGA-DU-8165-10A-01D-2252-01	17	16414212	16414457	3	-1.553
TCGA-DU-8165-10A-01D-2252-01	17	16414787	16709547	106	-0.0622
TCGA-DU-8165-10A-01D-2252-01	17	16709740	16741784	10	-0.706
TCGA-DU-8165-10A-01D-2252-01	17	16757147	18319862	917	-0.0022
TCGA-DU-8165-10A-01D-2252-01	17	18355392	18465221	29	0.3898
TCGA-DU-8165-10A-01D-2252-01	17	18469197	21838258	1376	-0.0172
TCGA-DU-8165-10A-01D-2252-01	17	21842921	21848623	7	-1.0947
TCGA-DU-8165-10A-01D-2252-01	17	21850014	34426245	5532	-0.0073
TCGA-DU-8165-10A-01D-2252-01	17	34428415	34816256	51	-0.324
TCGA-DU-8165-10A-01D-2252-01	17	34819191	39421708	2537	-0.0057
TCGA-DU-8165-10A-01D-2252-01	17	39423014	39430531	24	-0.4122
TCGA-DU-8165-10A-01D-2252-01	17	39432724	44214166	2551	-0.0279
TCGA-DU-8165-10A-01D-2252-01	17	44215364	44788194	141	0.2586
TCGA-DU-8165-10A-01D-2252-01	17	44789285	81049726	21615	-0.0042
TCGA-DU-8165-10A-01D-2252-01	18	11543	51266861	31851	0.0048
TCGA-DU-8165-10A-01D-2252-01	18	51267097	51267392	6	1.1417
TCGA-DU-8165-10A-01D-2252-01	18	51268184	63727599	8533	0.0058
TCGA-DU-8165-10A-01D-2252-01	18	63727675	63728340	9	-0.5866
TCGA-DU-8165-10A-01D-2252-01	18	63732738	63767140	48	-0.0331
TCGA-DU-8165-10A-01D-2252-01	18	63767288	63767922	2	1.2692
TCGA-DU-8165-10A-01D-2252-01	18	63775595	63906866	97	0.0012
TCGA-DU-8165-10A-01D-2252-01	18	63907434	63911589	10	-0.9387
TCGA-DU-8165-10A-01D-2252-01	18	63911876	69425044	3989	-0.0051
TCGA-DU-8165-10A-01D-2252-01	18	69428939	69441344	15	-1.243
TCGA-DU-8165-10A-01D-2252-01	18	69441613	78015057	6278	0.0128
TCGA-DU-8165-10A-01D-2252-01	19	90910	35657458	16650	-0.006
TCGA-DU-8165-10A-01D-2252-01	19	35658728	35664043	7	-0.8093
TCGA-DU-8165-10A-01D-2252-01	19	35666047	53962997	9595	-0.017
TCGA-DU-8165-10A-01D-2252-01	19	53964404	53964419	2	-1.2518
TCGA-DU-8165-10A-01D-2252-01	19	53964532	59097854	3102	-0.0225
TCGA-DU-8165-10A-01D-2252-01	2	12784	4205687	2990	-0.0097
TCGA-DU-8165-10A-01D-2252-01	2	4213864	4223512	37	-0.7124
TCGA-DU-8165-10A-01D-2252-01	2	4223567	9924387	4538	0.0047
TCGA-DU-8165-10A-01D-2252-01	2	9926309	9926943	2	-1.3018
TCGA-DU-8165-10A-01D-2252-01	2	9930180	30616549	13869	-8e-04
TCGA-DU-8165-10A-01D-2252-01	2	30617697	30627654	7	-1.2534
TCGA-DU-8165-10A-01D-2252-01	2	30629876	52758753	15781	0.0077
TCGA-DU-8165-10A-01D-2252-01	2	52758768	52781542	32	0.4238
TCGA-DU-8165-10A-01D-2252-01	2	52787949	67781364	9833	0.0019
TCGA-DU-8165-10A-01D-2252-01	2	67786037	67786130	2	-1.5229
TCGA-DU-8165-10A-01D-2252-01	2	67788812	86937687	12118	-5e-04
TCGA-DU-8165-10A-01D-2252-01	2	86953070	86953854	2	1.4507
TCGA-DU-8165-10A-01D-2252-01	2	86970406	87172727	68	-0.0241
TCGA-DU-8165-10A-01D-2252-01	2	87250496	87309263	10	-0.5731
TCGA-DU-8165-10A-01D-2252-01	2	87309834	87434138	41	-0.0539
TCGA-DU-8165-10A-01D-2252-01	2	87434189	87450469	18	-0.3931
TCGA-DU-8165-10A-01D-2252-01	2	87452754	97790279	1938	-0.0183
TCGA-DU-8165-10A-01D-2252-01	2	97794344	97949121	52	-0.2227
TCGA-DU-8165-10A-01D-2252-01	2	98013814	106874722	5603	0.0041
TCGA-DU-8165-10A-01D-2252-01	2	106880095	106885357	12	-1.7767
TCGA-DU-8165-10A-01D-2252-01	2	106887255	118223764	6193	-0.0055
TCGA-DU-8165-10A-01D-2252-01	2	118224170	118225951	4	-1.7845
TCGA-DU-8165-10A-01D-2252-01	2	118228517	243089456	76965	0.0014
TCGA-DU-8165-10A-01D-2252-01	20	61305	1552503	1185	-0.0138
TCGA-DU-8165-10A-01D-2252-01	20	1557190	1561580	22	-2.6817
TCGA-DU-8165-10A-01D-2252-01	20	1561667	1582207	35	-0.5514
TCGA-DU-8165-10A-01D-2252-01	20	1590257	1593893	5	1.3167
TCGA-DU-8165-10A-01D-2252-01	20	1597946	1862930	236	0.0111
TCGA-DU-8165-10A-01D-2252-01	20	1863025	1864788	4	-1.1339
TCGA-DU-8165-10A-01D-2252-01	20	1865198	4018460	1437	0.003
TCGA-DU-8165-10A-01D-2252-01	20	4020945	4040740	24	-0.3255
TCGA-DU-8165-10A-01D-2252-01	20	4040763	62956153	39562	-0.0152
TCGA-DU-8165-10A-01D-2252-01	21	10736871	10956144	40	-0.2823
TCGA-DU-8165-10A-01D-2252-01	21	10956147	28444652	10150	0
TCGA-DU-8165-10A-01D-2252-01	21	28451370	28457935	10	-0.9129
TCGA-DU-8165-10A-01D-2252-01	21	28459911	38358297	7070	1e-04
TCGA-DU-8165-10A-01D-2252-01	21	38358632	38364985	2	-1.1481
TCGA-DU-8165-10A-01D-2252-01	21	38366411	44968053	5384	0.0081
TCGA-DU-8165-10A-01D-2252-01	21	44970873	44972812	2	-2.4952
TCGA-DU-8165-10A-01D-2252-01	21	44973667	48096957	1766	-0.0278
TCGA-DU-8165-10A-01D-2252-01	22	16052528	16055207	3	-1.3676
TCGA-DU-8165-10A-01D-2252-01	22	16058854	21465630	2849	-0.0412
TCGA-DU-8165-10A-01D-2252-01	22	21465672	21708030	10	0.5796
TCGA-DU-8165-10A-01D-2252-01	22	21708108	22752462	787	-0.0227
TCGA-DU-8165-10A-01D-2252-01	22	22752680	22752880	4	-1.0183
TCGA-DU-8165-10A-01D-2252-01	22	22757321	23262981	269	0.0027
TCGA-DU-8165-10A-01D-2252-01	22	23263242	23263257	2	-2.5157
TCGA-DU-8165-10A-01D-2252-01	22	23263274	24271745	668	-0.0629
TCGA-DU-8165-10A-01D-2252-01	22	24283016	24330218	26	-0.5582
TCGA-DU-8165-10A-01D-2252-01	22	24330269	24332933	4	-2.4071
TCGA-DU-8165-10A-01D-2252-01	22	24337307	24344422	3	-0.091
TCGA-DU-8165-10A-01D-2252-01	22	24350529	24396814	19	0.7083
TCGA-DU-8165-10A-01D-2252-01	22	24401529	34754100	7826	-0.004
TCGA-DU-8165-10A-01D-2252-01	22	34756718	34757006	2	-1.252
TCGA-DU-8165-10A-01D-2252-01	22	34757576	51234455	11098	-0.0092
TCGA-DU-8165-10A-01D-2252-01	3	60345	2968518	2554	0.0078
TCGA-DU-8165-10A-01D-2252-01	3	2968640	2973039	6	-1.6382
TCGA-DU-8165-10A-01D-2252-01	3	2975082	68746164	45321	0.0022
TCGA-DU-8165-10A-01D-2252-01	3	68746259	68747413	14	-1.6048
TCGA-DU-8165-10A-01D-2252-01	3	68748758	75415863	4876	0.0043
TCGA-DU-8165-10A-01D-2252-01	3	75421170	75548734	56	-0.9607
TCGA-DU-8165-10A-01D-2252-01	3	75549718	75608639	14	-0.3578
TCGA-DU-8165-10A-01D-2252-01	3	75613174	75639507	5	-0.99
TCGA-DU-8165-10A-01D-2252-01	3	75645384	83109212	4257	0.0053
TCGA-DU-8165-10A-01D-2252-01	3	83110059	83112394	2	-1.2321
TCGA-DU-8165-10A-01D-2252-01	3	83114414	84102222	430	-0.0249
TCGA-DU-8165-10A-01D-2252-01	3	84105433	84106166	2	-4.0535
TCGA-DU-8165-10A-01D-2252-01	3	84110967	89260274	2856	0.0096
TCGA-DU-8165-10A-01D-2252-01	3	89260326	89260661	3	-1.1926
TCGA-DU-8165-10A-01D-2252-01	3	89260993	129762859	22247	0.001
TCGA-DU-8165-10A-01D-2252-01	3	129763698	129806236	52	-1.5843
TCGA-DU-8165-10A-01D-2252-01	3	129806924	131988638	1439	-6e-04
TCGA-DU-8165-10A-01D-2252-01	3	131988864	131995684	8	-0.9834
TCGA-DU-8165-10A-01D-2252-01	3	132000477	140278729	5102	0.0052
TCGA-DU-8165-10A-01D-2252-01	3	140278881	140279002	3	-1.0489
TCGA-DU-8165-10A-01D-2252-01	3	140282084	162123366	13466	0.0061
TCGA-DU-8165-10A-01D-2252-01	3	162137600	162142705	14	-0.8165
TCGA-DU-8165-10A-01D-2252-01	3	162144248	162508268	260	0.0031
TCGA-DU-8165-10A-01D-2252-01	3	162512657	162528630	13	0.697
TCGA-DU-8165-10A-01D-2252-01	3	162530315	162540009	7	-0.1556
TCGA-DU-8165-10A-01D-2252-01	3	162540473	162625995	50	0.5217
TCGA-DU-8165-10A-01D-2252-01	3	162626572	189360754	16695	0.0016
TCGA-DU-8165-10A-01D-2252-01	3	189363678	189364638	11	-0.8124
TCGA-DU-8165-10A-01D-2252-01	3	189370988	192607750	2301	0.0056
TCGA-DU-8165-10A-01D-2252-01	3	192607973	192608551	6	0.914
TCGA-DU-8165-10A-01D-2252-01	3	192608598	192874747	191	-0.0102
TCGA-DU-8165-10A-01D-2252-01	3	192877902	192882903	20	-0.6121
TCGA-DU-8165-10A-01D-2252-01	3	192886435	195285898	1486	-2e-04
TCGA-DU-8165-10A-01D-2252-01	3	195383142	195474763	47	-0.4656
TCGA-DU-8165-10A-01D-2252-01	3	195478694	197338713	924	0.0019
TCGA-DU-8165-10A-01D-2252-01	3	197340846	197386303	5	-0.7881
TCGA-DU-8165-10A-01D-2252-01	3	197398216	197851225	237	-0.0078
TCGA-DU-8165-10A-01D-2252-01	3	197851471	197896118	8	-0.5782
TCGA-DU-8165-10A-01D-2252-01	4	12281	9456977	5248	-0.0142
TCGA-DU-8165-10A-01D-2252-01	4	9461230	9479345	9	-0.8697
TCGA-DU-8165-10A-01D-2252-01	4	9486087	10223416	546	-0.0081
TCGA-DU-8165-10A-01D-2252-01	4	10223628	10231498	27	-2.0794
TCGA-DU-8165-10A-01D-2252-01	4	10234214	10235268	7	-0.7279
TCGA-DU-8165-10A-01D-2252-01	4	10236142	10392354	172	-0.0385
TCGA-DU-8165-10A-01D-2252-01	4	10393154	10400668	15	0.4642
TCGA-DU-8165-10A-01D-2252-01	4	10402718	12639387	1813	-0.0023
TCGA-DU-8165-10A-01D-2252-01	4	12639594	12639830	2	-1.3153
TCGA-DU-8165-10A-01D-2252-01	4	12641417	34778860	14989	-2e-04
TCGA-DU-8165-10A-01D-2252-01	4	34778962	34829872	45	-0.3974
TCGA-DU-8165-10A-01D-2252-01	4	34829913	69375160	19512	0.0025
TCGA-DU-8165-10A-01D-2252-01	4	69375348	69485840	61	-0.2425
TCGA-DU-8165-10A-01D-2252-01	4	69485979	70123510	329	-0.0145
TCGA-DU-8165-10A-01D-2252-01	4	70127644	70231799	54	-0.6382
TCGA-DU-8165-10A-01D-2252-01	4	70232022	93350337	14277	8e-04
TCGA-DU-8165-10A-01D-2252-01	4	93357174	93358963	2	-2.3567
TCGA-DU-8165-10A-01D-2252-01	4	93359495	104215706	6406	0.0019
TCGA-DU-8165-10A-01D-2252-01	4	104218100	104218102	3	-0.8993
TCGA-DU-8165-10A-01D-2252-01	4	104220104	108504634	2561	0.003
TCGA-DU-8165-10A-01D-2252-01	4	108508648	108509815	2	-1.2797
TCGA-DU-8165-10A-01D-2252-01	4	108510155	115175323	4127	-0.0078
TCGA-DU-8165-10A-01D-2252-01	4	115175344	115182175	22	0.8814
TCGA-DU-8165-10A-01D-2252-01	4	115184229	125310929	6019	-6e-04
TCGA-DU-8165-10A-01D-2252-01	4	125317272	125318289	2	-2.7541
TCGA-DU-8165-10A-01D-2252-01	4	125318298	138092103	7246	0.0057
TCGA-DU-8165-10A-01D-2252-01	4	138092195	138092239	2	-1.1254
TCGA-DU-8165-10A-01D-2252-01	4	138092420	138093414	14	-2.7783
TCGA-DU-8165-10A-01D-2252-01	4	138094958	149098936	6866	0.0021
TCGA-DU-8165-10A-01D-2252-01	4	149100170	149100933	3	-1.0879
TCGA-DU-8165-10A-01D-2252-01	4	149102933	152789786	2012	-4e-04
TCGA-DU-8165-10A-01D-2252-01	4	152791533	152792891	13	-1.0531
TCGA-DU-8165-10A-01D-2252-01	4	152794796	156950378	2790	-0.0077
TCGA-DU-8165-10A-01D-2252-01	4	156951749	156968298	9	0.5365
TCGA-DU-8165-10A-01D-2252-01	4	156968473	172369346	9777	-0.0014
TCGA-DU-8165-10A-01D-2252-01	4	172374884	172377776	12	-0.4793
TCGA-DU-8165-10A-01D-2252-01	4	172380371	180939842	5379	-0.0076
TCGA-DU-8165-10A-01D-2252-01	4	180942572	180946934	5	-0.9752
TCGA-DU-8165-10A-01D-2252-01	4	180947356	191027923	7158	0.0035
TCGA-DU-8165-10A-01D-2252-01	5	15532	698505	310	-0.0352
TCGA-DU-8165-10A-01D-2252-01	5	717379	779860	27	0.531
TCGA-DU-8165-10A-01D-2252-01	5	779881	12998925	9957	-0.0017
TCGA-DU-8165-10A-01D-2252-01	5	13005214	13014507	3	-1.3925
TCGA-DU-8165-10A-01D-2252-01	5	13015045	21370577	5438	0.0018
TCGA-DU-8165-10A-01D-2252-01	5	21376844	21377853	3	-1.254
TCGA-DU-8165-10A-01D-2252-01	5	21386066	57326027	20174	0.0034
TCGA-DU-8165-10A-01D-2252-01	5	57326163	57333515	30	-0.4664
TCGA-DU-8165-10A-01D-2252-01	5	57333533	63259913	3833	0.0074
TCGA-DU-8165-10A-01D-2252-01	5	63262194	63263551	3	-0.8266
TCGA-DU-8165-10A-01D-2252-01	5	63265891	66579681	2065	0.0049
TCGA-DU-8165-10A-01D-2252-01	5	66582367	66599578	11	0.5125
TCGA-DU-8165-10A-01D-2252-01	5	66606188	68846303	1393	0.0098
TCGA-DU-8165-10A-01D-2252-01	5	68867294	70307407	22	0.4133
TCGA-DU-8165-10A-01D-2252-01	5	70307544	86111756	9659	0.0044
TCGA-DU-8165-10A-01D-2252-01	5	86115378	86119146	3	-1.5957
TCGA-DU-8165-10A-01D-2252-01	5	86121629	114471070	17074	0.001
TCGA-DU-8165-10A-01D-2252-01	5	114471454	114471555	2	1.3379
TCGA-DU-8165-10A-01D-2252-01	5	114476386	151514171	23641	0.0039
TCGA-DU-8165-10A-01D-2252-01	5	151515386	151518351	14	-0.8815
TCGA-DU-8165-10A-01D-2252-01	5	151520271	178936605	18475	7e-04
TCGA-DU-8165-10A-01D-2252-01	5	178936671	178937392	4	-1.0468
TCGA-DU-8165-10A-01D-2252-01	5	178939918	180790320	1036	-0.0065
TCGA-DU-8165-10A-01D-2252-01	6	149661	323326	134	-0.0232
TCGA-DU-8165-10A-01D-2252-01	6	323576	384546	73	-0.2293
TCGA-DU-8165-10A-01D-2252-01	6	385056	19040119	14600	0.0087
TCGA-DU-8165-10A-01D-2252-01	6	19042181	19042818	3	-4.736
TCGA-DU-8165-10A-01D-2252-01	6	19044702	19050742	7	-0.5039
TCGA-DU-8165-10A-01D-2252-01	6	19050968	26664532	5451	0.0063
TCGA-DU-8165-10A-01D-2252-01	6	26670250	26705574	19	-0.2621
TCGA-DU-8165-10A-01D-2252-01	6	26718131	26773509	32	0.2753
TCGA-DU-8165-10A-01D-2252-01	6	26783667	29837072	1437	-0.002
TCGA-DU-8165-10A-01D-2252-01	6	29837187	29849267	16	-1.1766
TCGA-DU-8165-10A-01D-2252-01	6	29850196	31286531	677	-0.032
TCGA-DU-8165-10A-01D-2252-01	6	31287111	31295406	4	1.3157
TCGA-DU-8165-10A-01D-2252-01	6	31295953	32587457	559	-0.067
TCGA-DU-8165-10A-01D-2252-01	6	32593021	32602107	7	-1.3058
TCGA-DU-8165-10A-01D-2252-01	6	32602269	53931151	13766	-0.0028
TCGA-DU-8165-10A-01D-2252-01	6	53931230	53931855	6	-1.6862
TCGA-DU-8165-10A-01D-2252-01	6	53935348	67038046	5500	0.0029
TCGA-DU-8165-10A-01D-2252-01	6	67040913	67042897	6	-2.5086
TCGA-DU-8165-10A-01D-2252-01	6	67043192	74591858	5022	0.0048
TCGA-DU-8165-10A-01D-2252-01	6	74592225	74597341	9	0.9341
TCGA-DU-8165-10A-01D-2252-01	6	74601410	77436532	1769	0.0094
TCGA-DU-8165-10A-01D-2252-01	6	77439868	77472237	30	0.3282
TCGA-DU-8165-10A-01D-2252-01	6	77472584	78962050	963	0.0043
TCGA-DU-8165-10A-01D-2252-01	6	78962064	79051614	129	0.2199
TCGA-DU-8165-10A-01D-2252-01	6	79051844	103734829	15490	0.0028
TCGA-DU-8165-10A-01D-2252-01	6	103737976	103762061	46	0.7843
TCGA-DU-8165-10A-01D-2252-01	6	103765470	134266268	19101	0.0047
TCGA-DU-8165-10A-01D-2252-01	6	134269071	134269632	2	1.2958
TCGA-DU-8165-10A-01D-2252-01	6	134272072	169270957	23982	0.0018
TCGA-DU-8165-10A-01D-2252-01	6	169271072	169271285	3	-1.1295
TCGA-DU-8165-10A-01D-2252-01	6	169275328	171051005	1181	-0.0177
TCGA-DU-8165-10A-01D-2252-01	7	43355	54380373	38589	0.0053
TCGA-DU-8165-10A-01D-2252-01	7	54386505	54386517	6	-1.9437
TCGA-DU-8165-10A-01D-2252-01	7	54393488	64594341	3141	-0.0142
TCGA-DU-8165-10A-01D-2252-01	7	64594929	64595698	4	1.1244
TCGA-DU-8165-10A-01D-2252-01	7	64637128	92993940	16277	0.0049
TCGA-DU-8165-10A-01D-2252-01	7	92995752	92996957	2	-1.564
TCGA-DU-8165-10A-01D-2252-01	7	92997653	102235712	4810	0.002
TCGA-DU-8165-10A-01D-2252-01	7	102238133	102317109	7	-0.7142
TCGA-DU-8165-10A-01D-2252-01	7	102335787	105160424	1753	0.0067
TCGA-DU-8165-10A-01D-2252-01	7	105161199	105166520	2	-1.5857
TCGA-DU-8165-10A-01D-2252-01	7	105166776	142474939	23348	0.001
TCGA-DU-8165-10A-01D-2252-01	7	142476719	142479722	8	-3.5595
TCGA-DU-8165-10A-01D-2252-01	7	142479807	142485699	14	-1.7429
TCGA-DU-8165-10A-01D-2252-01	7	142485771	142486045	5	-3.0923
TCGA-DU-8165-10A-01D-2252-01	7	142486115	143931103	849	0.0175
TCGA-DU-8165-10A-01D-2252-01	7	143938313	143977392	13	-0.5047
TCGA-DU-8165-10A-01D-2252-01	7	143992530	145192317	733	0.0063
TCGA-DU-8165-10A-01D-2252-01	7	145192718	145192893	2	-1.4933
TCGA-DU-8165-10A-01D-2252-01	7	145192945	147714781	1697	-8e-04
TCGA-DU-8165-10A-01D-2252-01	7	147715394	147717262	5	-0.8589
TCGA-DU-8165-10A-01D-2252-01	7	147721591	155464029	4957	-0.0053
TCGA-DU-8165-10A-01D-2252-01	7	155465863	155466938	2	1.1187
TCGA-DU-8165-10A-01D-2252-01	7	155469636	159127004	2327	-0.0041
TCGA-DU-8165-10A-01D-2252-01	8	31254	594973	329	-0.003
TCGA-DU-8165-10A-01D-2252-01	8	595220	595875	6	0.9752
TCGA-DU-8165-10A-01D-2252-01	8	595892	595908	2	4.4678
TCGA-DU-8165-10A-01D-2252-01	8	601043	3164485	2261	0.0055
TCGA-DU-8165-10A-01D-2252-01	8	3169351	3170084	4	-0.9344
TCGA-DU-8165-10A-01D-2252-01	8	3170594	5598770	3498	0.0113
TCGA-DU-8165-10A-01D-2252-01	8	5598786	5604495	23	-0.7328
TCGA-DU-8165-10A-01D-2252-01	8	5607088	6200402	845	0.0073
TCGA-DU-8165-10A-01D-2252-01	8	6200413	6200419	2	-1.3842
TCGA-DU-8165-10A-01D-2252-01	8	6204869	7186632	862	0.0055
TCGA-DU-8165-10A-01D-2252-01	8	7186646	7798851	174	0.3682
TCGA-DU-8165-10A-01D-2252-01	8	7799390	7943182	29	-0.1194
TCGA-DU-8165-10A-01D-2252-01	8	7943408	7962459	7	-1.1976
TCGA-DU-8165-10A-01D-2252-01	8	7962597	11949551	3258	8e-04
TCGA-DU-8165-10A-01D-2252-01	8	11987726	12001123	6	1.0043
TCGA-DU-8165-10A-01D-2252-01	8	12034307	12232416	13	0.0109
TCGA-DU-8165-10A-01D-2252-01	8	12233640	12247486	36	-0.6143
TCGA-DU-8165-10A-01D-2252-01	8	12260927	12646389	163	-0.0279
TCGA-DU-8165-10A-01D-2252-01	8	12648728	12652526	4	-1.4694
TCGA-DU-8165-10A-01D-2252-01	8	12653533	18475280	5439	0.0091
TCGA-DU-8165-10A-01D-2252-01	8	18475354	18475743	6	-0.823
TCGA-DU-8165-10A-01D-2252-01	8	18479157	24976202	4888	0.0062
TCGA-DU-8165-10A-01D-2252-01	8	24976536	24979987	14	-0.9037
TCGA-DU-8165-10A-01D-2252-01	8	24984069	112291494	51186	0.0037
TCGA-DU-8165-10A-01D-2252-01	8	112294279	112295260	10	0.901
TCGA-DU-8165-10A-01D-2252-01	8	112300281	115634487	1829	-0.0058
TCGA-DU-8165-10A-01D-2252-01	8	115634554	115641731	34	-0.7047
TCGA-DU-8165-10A-01D-2252-01	8	115650697	146298155	21078	-0.0021
TCGA-DU-8165-10A-01D-2252-01	9	46587	68920	8	-0.9646
TCGA-DU-8165-10A-01D-2252-01	9	88030	23361805	20465	0.0038
TCGA-DU-8165-10A-01D-2252-01	9	23363115	23373484	8	1.039
TCGA-DU-8165-10A-01D-2252-01	9	23378488	39110886	10763	-8e-04
TCGA-DU-8165-10A-01D-2252-01	9	39134926	39158785	11	-0.5124
TCGA-DU-8165-10A-01D-2252-01	9	39158800	39330197	51	-0.086
TCGA-DU-8165-10A-01D-2252-01	9	39337293	39342825	3	-1.3371
TCGA-DU-8165-10A-01D-2252-01	9	39743166	42065266	79	-0.021
TCGA-DU-8165-10A-01D-2252-01	9	42065343	43315974	22	-0.5704
TCGA-DU-8165-10A-01D-2252-01	9	43472537	44629223	88	0.1012
TCGA-DU-8165-10A-01D-2252-01	9	44727859	44855737	36	0.6275
TCGA-DU-8165-10A-01D-2252-01	9	44866028	45534869	44	-0.1663
TCGA-DU-8165-10A-01D-2252-01	9	45556354	66698702	70	-0.4961
TCGA-DU-8165-10A-01D-2252-01	9	66699238	68183981	41	-0.0284
TCGA-DU-8165-10A-01D-2252-01	9	68186051	68188547	8	1.3156
TCGA-DU-8165-10A-01D-2252-01	9	68209916	78002560	5197	0.007
TCGA-DU-8165-10A-01D-2252-01	9	78005177	78008161	3	-1.2657
TCGA-DU-8165-10A-01D-2252-01	9	78012459	106566497	19898	-0.0019
TCGA-DU-8165-10A-01D-2252-01	9	106568696	106569290	2	-3.12
TCGA-DU-8165-10A-01D-2252-01	9	106570702	132614138	18531	4e-04
TCGA-DU-8165-10A-01D-2252-01	9	132614255	132614412	3	-1.0903
TCGA-DU-8165-10A-01D-2252-01	9	132614436	134258779	986	-0.0038
TCGA-DU-8165-10A-01D-2252-01	9	134260926	134265704	5	-0.8257
TCGA-DU-8165-10A-01D-2252-01	9	134272015	138211368	2530	-0.0015
TCGA-DU-8165-10A-01D-2252-01	9	138214105	138226865	25	-0.3392
TCGA-DU-8165-10A-01D-2252-01	9	138227003	141091394	1091	-0.0298
TCGA-DU-8165-10A-01D-2252-01	X	168477	155182354	84616	0.0013
TCGA-DU-8165-10A-01D-2252-01	Y	2650438	2912181	133	-3.165
TCGA-DU-8165-10A-01D-2252-01	Y	2915500	5949434	674	-2.5551
TCGA-DU-8165-10A-01D-2252-01	Y	5949944	6110498	66	-3.1124
TCGA-DU-8165-10A-01D-2252-01	Y	6112554	6296423	83	-4.3142
TCGA-DU-8165-10A-01D-2252-01	Y	6299046	19486703	4672	-3.3113
TCGA-DU-8165-10A-01D-2252-01	Y	19490315	21024613	707	-3.8683
TCGA-DU-8165-10A-01D-2252-01	Y	21025062	24548177	1296	-3.348
TCGA-DU-8165-10A-01D-2252-01	Y	24560227	24964952	60	-4.2538
TCGA-DU-8165-10A-01D-2252-01	Y	24979518	25975796	144	-3.6786
TCGA-DU-8165-10A-01D-2252-01	Y	25976129	26059305	33	-4.6078
TCGA-DU-8165-10A-01D-2252-01	Y	26060553	26619135	154	-3.492
TCGA-DU-8165-10A-01D-2252-01	Y	26630929	27240184	80	-4.4178
TCGA-DU-8165-10A-01D-2252-01	Y	27254679	27718290	97	-3.1762
TCGA-DU-8165-10A-01D-2252-01	Y	27720551	28423938	252	-3.9925
TCGA-DU-8165-10A-01D-2252-01	Y	28438116	59018259	183	-2.969
