barcode	chromosome	start	stop	num.mark	seg.mean
TCGA-FG-7643-10A-01D-2085-01	1	51598	1637354	231	-0.0512
TCGA-FG-7643-10A-01D-2085-01	1	1637750	1653691	8	1.3441
TCGA-FG-7643-10A-01D-2085-01	1	1658961	16889467	8550	-0.0085
TCGA-FG-7643-10A-01D-2085-01	1	16889665	16921066	18	-1.1686
TCGA-FG-7643-10A-01D-2085-01	1	16929044	25455928	5361	-0.007
TCGA-FG-7643-10A-01D-2085-01	1	25465715	25519573	28	-1.7484
TCGA-FG-7643-10A-01D-2085-01	1	25534088	72541504	28781	-0.0011
TCGA-FG-7643-10A-01D-2085-01	1	72541524	72583736	45	-0.7631
TCGA-FG-7643-10A-01D-2085-01	1	72584492	108712268	23085	0.0052
TCGA-FG-7643-10A-01D-2085-01	1	108729983	108787720	11	-0.7659
TCGA-FG-7643-10A-01D-2085-01	1	108815431	110029038	641	0.0048
TCGA-FG-7643-10A-01D-2085-01	1	110034497	110041701	17	0.7831
TCGA-FG-7643-10A-01D-2085-01	1	110044476	112491849	1955	0.0061
TCGA-FG-7643-10A-01D-2085-01	1	112497488	112498736	22	-1.5663
TCGA-FG-7643-10A-01D-2085-01	1	112498764	151026302	8251	0.0117
TCGA-FG-7643-10A-01D-2085-01	1	151028547	151035324	37	0.6298
TCGA-FG-7643-10A-01D-2085-01	1	151040529	159746062	5270	0.0049
TCGA-FG-7643-10A-01D-2085-01	1	159763524	159917118	59	-0.401
TCGA-FG-7643-10A-01D-2085-01	1	159917245	166031459	4900	0.0116
TCGA-FG-7643-10A-01D-2085-01	1	166032807	166035137	5	-1.1854
TCGA-FG-7643-10A-01D-2085-01	1	166036296	195007939	19343	0.0027
TCGA-FG-7643-10A-01D-2085-01	1	195007990	195015840	12	-0.9304
TCGA-FG-7643-10A-01D-2085-01	1	195016444	195079130	67	-0.2974
TCGA-FG-7643-10A-01D-2085-01	1	195079153	195089940	4	-1.1367
TCGA-FG-7643-10A-01D-2085-01	1	195090236	243694224	33740	0.0049
TCGA-FG-7643-10A-01D-2085-01	1	243703033	243713527	12	-0.8846
TCGA-FG-7643-10A-01D-2085-01	1	243716274	247191011	2210	-0.0065
TCGA-FG-7643-10A-01D-2085-01	10	62759	18213969	14908	0.0091
TCGA-FG-7643-10A-01D-2085-01	10	18225129	18236775	2	-2.3562
TCGA-FG-7643-10A-01D-2085-01	10	18239819	24417680	4346	0.0051
TCGA-FG-7643-10A-01D-2085-01	10	24417681	24418060	10	-2.2142
TCGA-FG-7643-10A-01D-2085-01	10	24418914	46510869	12458	-0.001
TCGA-FG-7643-10A-01D-2085-01	10	46514311	46519535	6	-1.5846
TCGA-FG-7643-10A-01D-2085-01	10	46519694	51492405	2003	-0.0263
TCGA-FG-7643-10A-01D-2085-01	10	51500366	51561926	5	-1.8447
TCGA-FG-7643-10A-01D-2085-01	10	51573774	135356694	57385	0.0019
TCGA-FG-7643-10A-01D-2085-01	11	188510	417848	95	-0.0596
TCGA-FG-7643-10A-01D-2085-01	11	426461	446012	10	-0.6657
TCGA-FG-7643-10A-01D-2085-01	11	446120	656245	46	-0.037
TCGA-FG-7643-10A-01D-2085-01	11	659454	668561	6	0.5962
TCGA-FG-7643-10A-01D-2085-01	11	671922	1601016	326	-0.0205
TCGA-FG-7643-10A-01D-2085-01	11	1601481	1613703	14	-0.5215
TCGA-FG-7643-10A-01D-2085-01	11	1615884	2508908	360	0.0088
TCGA-FG-7643-10A-01D-2085-01	11	2510279	2559372	20	-0.4605
TCGA-FG-7643-10A-01D-2085-01	11	2561730	4924226	1599	0.0014
TCGA-FG-7643-10A-01D-2085-01	11	4924693	4933483	43	0.7263
TCGA-FG-7643-10A-01D-2085-01	11	4933587	5740499	784	0.0122
TCGA-FG-7643-10A-01D-2085-01	11	5743981	5766037	35	0.732
TCGA-FG-7643-10A-01D-2085-01	11	5768936	49664951	30548	0.0041
TCGA-FG-7643-10A-01D-2085-01	11	49667437	49714167	18	-0.7852
TCGA-FG-7643-10A-01D-2085-01	11	49714247	51033319	383	0.0124
TCGA-FG-7643-10A-01D-2085-01	11	51040151	51049446	4	-3.0567
TCGA-FG-7643-10A-01D-2085-01	11	51051627	55130624	379	0.0467
TCGA-FG-7643-10A-01D-2085-01	11	55130764	55209110	55	0.6035
TCGA-FG-7643-10A-01D-2085-01	11	55209553	134449982	52445	0.0019
TCGA-FG-7643-10A-01D-2085-01	12	20703	11395358	7417	-0.0014
TCGA-FG-7643-10A-01D-2085-01	12	11402844	11434673	32	-0.5783
TCGA-FG-7643-10A-01D-2085-01	12	11443459	36273993	16311	0.0014
TCGA-FG-7643-10A-01D-2085-01	12	36298834	36300285	2	-1.8541
TCGA-FG-7643-10A-01D-2085-01	12	36320625	62206256	15440	0.0066
TCGA-FG-7643-10A-01D-2085-01	12	62206852	62211072	3	-1.2514
TCGA-FG-7643-10A-01D-2085-01	12	62219230	69158942	4544	0.0012
TCGA-FG-7643-10A-01D-2085-01	12	69162581	69164294	8	-0.9042
TCGA-FG-7643-10A-01D-2085-01	12	69165652	89006974	12081	0.0034
TCGA-FG-7643-10A-01D-2085-01	12	89007478	89017744	11	0.7046
TCGA-FG-7643-10A-01D-2085-01	12	89017757	130686668	28674	6e-04
TCGA-FG-7643-10A-01D-2085-01	12	130698537	130699288	13	0.6558
TCGA-FG-7643-10A-01D-2085-01	12	130708284	132288262	572	-0.0194
TCGA-FG-7643-10A-01D-2085-01	13	17924949	18138688	36	-0.5601
TCGA-FG-7643-10A-01D-2085-01	13	18147154	50443055	22679	0.0025
TCGA-FG-7643-10A-01D-2085-01	13	50444912	50447199	2	1.9132
TCGA-FG-7643-10A-01D-2085-01	13	50447558	63122206	7258	0.005
TCGA-FG-7643-10A-01D-2085-01	13	63122793	63134693	9	-0.8925
TCGA-FG-7643-10A-01D-2085-01	13	63137564	71359622	5184	0.0075
TCGA-FG-7643-10A-01D-2085-01	13	71364624	71374989	7	-0.3776
TCGA-FG-7643-10A-01D-2085-01	13	71375556	71378557	4	-1.7849
TCGA-FG-7643-10A-01D-2085-01	13	71378606	112697753	28579	0.0051
TCGA-FG-7643-10A-01D-2085-01	13	112701847	112719365	2	-2.0135
TCGA-FG-7643-10A-01D-2085-01	13	112719398	114126499	579	-0.015
TCGA-FG-7643-10A-01D-2085-01	14	18072124	19207186	79	0.0999
TCGA-FG-7643-10A-01D-2085-01	14	19213349	19493212	111	0.6335
TCGA-FG-7643-10A-01D-2085-01	14	19494766	105640508	54999	0.0052
TCGA-FG-7643-10A-01D-2085-01	14	105645163	105822329	83	-0.821
TCGA-FG-7643-10A-01D-2085-01	14	105824904	105824912	3	1.4953
TCGA-FG-7643-10A-01D-2085-01	14	105825048	105873098	22	-0.6526
TCGA-FG-7643-10A-01D-2085-01	14	105886988	106356482	308	-0.0115
TCGA-FG-7643-10A-01D-2085-01	15	18276341	18838318	96	0.024
TCGA-FG-7643-10A-01D-2085-01	15	18838380	18846497	14	0.4963
TCGA-FG-7643-10A-01D-2085-01	15	18846673	19466195	183	-0.0879
TCGA-FG-7643-10A-01D-2085-01	15	19475431	19503643	3	-1.3703
TCGA-FG-7643-10A-01D-2085-01	15	19503764	19813174	19	-0.3372
TCGA-FG-7643-10A-01D-2085-01	15	19813175	20329146	135	0.2973
TCGA-FG-7643-10A-01D-2085-01	15	20329239	28518409	4739	0.0077
TCGA-FG-7643-10A-01D-2085-01	15	28518798	28712897	26	0.4906
TCGA-FG-7643-10A-01D-2085-01	15	28717792	32501415	2606	0.004
TCGA-FG-7643-10A-01D-2085-01	15	32507087	32643110	72	-0.6971
TCGA-FG-7643-10A-01D-2085-01	15	32645302	55868564	14546	-0.001
TCGA-FG-7643-10A-01D-2085-01	15	55869138	55870720	3	-1.5679
TCGA-FG-7643-10A-01D-2085-01	15	55875683	74678296	11923	0.0058
TCGA-FG-7643-10A-01D-2085-01	15	74678566	74682828	19	0.591
TCGA-FG-7643-10A-01D-2085-01	15	74682829	77275012	1386	0.0042
TCGA-FG-7643-10A-01D-2085-01	15	77275139	77275612	2	-2.9517
TCGA-FG-7643-10A-01D-2085-01	15	77275648	84309963	4181	-0.0013
TCGA-FG-7643-10A-01D-2085-01	15	84312898	84322137	7	-1.0926
TCGA-FG-7643-10A-01D-2085-01	15	84322841	100286563	12116	7e-04
TCGA-FG-7643-10A-01D-2085-01	16	777	11969897	8950	-0.0047
TCGA-FG-7643-10A-01D-2085-01	16	11970078	11972545	2	-2.8574
TCGA-FG-7643-10A-01D-2085-01	16	11974069	16170060	2799	-0.0141
TCGA-FG-7643-10A-01D-2085-01	16	16170651	16178910	13	-0.5542
TCGA-FG-7643-10A-01D-2085-01	16	16178973	16285163	24	-0.1064
TCGA-FG-7643-10A-01D-2085-01	16	16420592	16420780	2	-1.8256
TCGA-FG-7643-10A-01D-2085-01	16	16421139	19851864	1740	-0.0013
TCGA-FG-7643-10A-01D-2085-01	16	19853151	19873376	28	-0.8078
TCGA-FG-7643-10A-01D-2085-01	16	19874863	31879021	6504	0.005
TCGA-FG-7643-10A-01D-2085-01	16	31882670	32496123	105	-0.2733
TCGA-FG-7643-10A-01D-2085-01	16	32496402	32496410	5	-3.5787
TCGA-FG-7643-10A-01D-2085-01	16	32516775	32563024	25	-0.597
TCGA-FG-7643-10A-01D-2085-01	16	32650790	33339661	68	-0.0927
TCGA-FG-7643-10A-01D-2085-01	16	33344111	33550900	74	-0.4475
TCGA-FG-7643-10A-01D-2085-01	16	33551523	54352715	6990	0.0012
TCGA-FG-7643-10A-01D-2085-01	16	54353890	54379945	22	-0.8381
TCGA-FG-7643-10A-01D-2085-01	16	54387058	76929109	14510	0.0021
TCGA-FG-7643-10A-01D-2085-01	16	76929941	76942239	16	-2.8246
TCGA-FG-7643-10A-01D-2085-01	16	76942266	88539562	10544	-0.0137
TCGA-FG-7643-10A-01D-2085-01	16	88540428	88559733	8	-1.0113
TCGA-FG-7643-10A-01D-2085-01	16	88560756	88815036	91	0.0146
TCGA-FG-7643-10A-01D-2085-01	17	526	611794	337	-0.025
TCGA-FG-7643-10A-01D-2085-01	17	613993	614127	2	1.9006
TCGA-FG-7643-10A-01D-2085-01	17	625241	18260587	11106	-0.0011
TCGA-FG-7643-10A-01D-2085-01	17	18296117	18394162	26	-1.3835
TCGA-FG-7643-10A-01D-2085-01	17	18399997	31559764	6965	-0.0038
TCGA-FG-7643-10A-01D-2085-01	17	31567456	31653809	3	-1.3942
TCGA-FG-7643-10A-01D-2085-01	17	31890369	36676540	2540	-0.0045
TCGA-FG-7643-10A-01D-2085-01	17	36676552	36684057	23	-0.6159
TCGA-FG-7643-10A-01D-2085-01	17	36686250	41756832	2641	-0.0076
TCGA-FG-7643-10A-01D-2085-01	17	41764423	42107462	43	-0.6642
TCGA-FG-7643-10A-01D-2085-01	17	42107479	76243458	20655	-4e-04
TCGA-FG-7643-10A-01D-2085-01	17	76244388	76248774	2	2.1143
TCGA-FG-7643-10A-01D-2085-01	17	76248895	78643088	962	-0.0275
TCGA-FG-7643-10A-01D-2085-01	18	1543	38310655	24086	0
TCGA-FG-7643-10A-01D-2085-01	18	38310670	38314993	24	-0.5907
TCGA-FG-7643-10A-01D-2085-01	18	38316315	60203695	15144	-0.0021
TCGA-FG-7643-10A-01D-2085-01	18	60206490	60208468	4	-1.2376
TCGA-FG-7643-10A-01D-2085-01	18	60210475	61918120	1187	0.0105
TCGA-FG-7643-10A-01D-2085-01	18	61918268	61918902	2	-2.8368
TCGA-FG-7643-10A-01D-2085-01	18	61926575	63104251	769	-0.0013
TCGA-FG-7643-10A-01D-2085-01	18	63104629	63110481	6	-1.0443
TCGA-FG-7643-10A-01D-2085-01	18	63110893	65358207	1793	0.0148
TCGA-FG-7643-10A-01D-2085-01	18	65358832	65368522	9	-0.9162
TCGA-FG-7643-10A-01D-2085-01	18	65368807	76116029	7812	0.003
TCGA-FG-7643-10A-01D-2085-01	19	41910	46052372	19648	0.0045
TCGA-FG-7643-10A-01D-2085-01	19	46052414	46060809	11	0.7406
TCGA-FG-7643-10A-01D-2085-01	19	46060839	63789666	9691	-0.0025
TCGA-FG-7643-10A-01D-2085-01	2	2784	41090890	28986	0.0022
TCGA-FG-7643-10A-01D-2085-01	2	41091068	41104737	34	-0.5145
TCGA-FG-7643-10A-01D-2085-01	2	41104769	81361082	27022	0.0032
TCGA-FG-7643-10A-01D-2085-01	2	81379746	81412688	19	-0.9793
TCGA-FG-7643-10A-01D-2085-01	2	81415567	130510326	25242	0.0019
TCGA-FG-7643-10A-01D-2085-01	2	130510353	130721639	49	-0.3686
TCGA-FG-7643-10A-01D-2085-01	2	130732677	146580899	9560	-0.0022
TCGA-FG-7643-10A-01D-2085-01	2	146580913	146583404	22	-2.0406
TCGA-FG-7643-10A-01D-2085-01	2	146594276	184502645	23318	-5e-04
TCGA-FG-7643-10A-01D-2085-01	2	184502759	184510686	16	-0.7504
TCGA-FG-7643-10A-01D-2085-01	2	184516834	242738129	35834	-0.0011
TCGA-FG-7643-10A-01D-2085-01	20	9305	1508999	1207	-0.0125
TCGA-FG-7643-10A-01D-2085-01	20	1509580	1541893	41	-0.6602
TCGA-FG-7643-10A-01D-2085-01	20	1545946	28034214	18813	0.0024
TCGA-FG-7643-10A-01D-2085-01	20	28042184	28141554	22	-0.4046
TCGA-FG-7643-10A-01D-2085-01	20	28143486	62426597	22420	6e-04
TCGA-FG-7643-10A-01D-2085-01	21	9758742	9922344	14	-0.6246
TCGA-FG-7643-10A-01D-2085-01	21	9927130	13375624	118	0.0077
TCGA-FG-7643-10A-01D-2085-01	21	13378287	14064261	296	0.4743
TCGA-FG-7643-10A-01D-2085-01	21	14066363	14213787	32	0.0658
TCGA-FG-7643-10A-01D-2085-01	21	14214699	14214719	2	-1.2449
TCGA-FG-7643-10A-01D-2085-01	21	14215106	16129952	1337	-3e-04
TCGA-FG-7643-10A-01D-2085-01	21	16133993	16134259	2	-2.0492
TCGA-FG-7643-10A-01D-2085-01	21	16134710	43792481	20850	0.0056
TCGA-FG-7643-10A-01D-2085-01	21	43795301	43797240	2	-3.423
TCGA-FG-7643-10A-01D-2085-01	21	43798095	46921385	1763	-0.0244
TCGA-FG-7643-10A-01D-2085-01	22	14432528	14620484	35	-0.0608
TCGA-FG-7643-10A-01D-2085-01	22	14622645	14766665	14	-1.1614
TCGA-FG-7643-10A-01D-2085-01	22	14774605	22674422	4573	-0.0284
TCGA-FG-7643-10A-01D-2085-01	22	22680529	22726814	19	-1.949
TCGA-FG-7643-10A-01D-2085-01	22	22731529	49581321	18925	-0.0106
TCGA-FG-7643-10A-01D-2085-01	3	35345	68828949	47872	0.0054
TCGA-FG-7643-10A-01D-2085-01	3	68828974	68830103	13	-1.3602
TCGA-FG-7643-10A-01D-2085-01	3	68831448	74717787	4477	0.0046
TCGA-FG-7643-10A-01D-2085-01	3	74729582	74729957	2	-1.5991
TCGA-FG-7643-10A-01D-2085-01	3	74731875	88238814	7403	0.0089
TCGA-FG-7643-10A-01D-2085-01	3	88242445	88243648	3	-1.1406
TCGA-FG-7643-10A-01D-2085-01	3	88248216	100420474	4080	-0.0019
TCGA-FG-7643-10A-01D-2085-01	3	100427148	100431991	35	-0.6204
TCGA-FG-7643-10A-01D-2085-01	3	100431998	106838619	3831	0.0074
TCGA-FG-7643-10A-01D-2085-01	3	106839549	106846139	5	-1.0297
TCGA-FG-7643-10A-01D-2085-01	3	106847198	126918122	12433	0.0027
TCGA-FG-7643-10A-01D-2085-01	3	126918927	126926298	2	-1.4535
TCGA-FG-7643-10A-01D-2085-01	3	126929354	131245549	2481	0.0118
TCGA-FG-7643-10A-01D-2085-01	3	131246388	131288926	52	0.5364
TCGA-FG-7643-10A-01D-2085-01	3	131289614	189077988	35728	0.0023
TCGA-FG-7643-10A-01D-2085-01	3	189078072	189078407	2	1.9434
TCGA-FG-7643-10A-01D-2085-01	3	189078434	194090776	3639	0.0066
TCGA-FG-7643-10A-01D-2085-01	3	194090912	194091245	4	0.9525
TCGA-FG-7643-10A-01D-2085-01	3	194091292	194360739	193	0.0077
TCGA-FG-7643-10A-01D-2085-01	3	194360889	194365597	17	-0.893
TCGA-FG-7643-10A-01D-2085-01	3	194369129	199380515	2706	-0.007
TCGA-FG-7643-10A-01D-2085-01	4	2281	8578646	5067	-0.0055
TCGA-FG-7643-10A-01D-2085-01	4	8578868	8579753	3	-1.3398
TCGA-FG-7643-10A-01D-2085-01	4	8585183	9073635	183	-0.0113
TCGA-FG-7643-10A-01D-2085-01	4	9074070	9088304	6	1.6554
TCGA-FG-7643-10A-01D-2085-01	4	9088443	9819488	547	0.0036
TCGA-FG-7643-10A-01D-2085-01	4	9823258	9840596	29	-1.9166
TCGA-FG-7643-10A-01D-2085-01	4	9843312	34441990	16994	0.0031
TCGA-FG-7643-10A-01D-2085-01	4	34442092	34506399	54	0.5952
TCGA-FG-7643-10A-01D-2085-01	4	34508213	104965020	41001	0.0051
TCGA-FG-7643-10A-01D-2085-01	4	104971079	104971086	5	1.057
TCGA-FG-7643-10A-01D-2085-01	4	104971093	115393149	6315	-0.0037
TCGA-FG-7643-10A-01D-2085-01	4	115394772	115401624	23	-1.3987
TCGA-FG-7643-10A-01D-2085-01	4	115403678	135932212	11937	0.0049
TCGA-FG-7643-10A-01D-2085-01	4	135938135	135967202	20	0.5288
TCGA-FG-7643-10A-01D-2085-01	4	135968857	136013731	31	0.0107
TCGA-FG-7643-10A-01D-2085-01	4	136025961	136046341	10	0.6534
TCGA-FG-7643-10A-01D-2085-01	4	136046544	138311689	1264	0.0082
TCGA-FG-7643-10A-01D-2085-01	4	138311870	138312255	8	-0.8754
TCGA-FG-7643-10A-01D-2085-01	4	138312357	152097769	8416	-8e-04
TCGA-FG-7643-10A-01D-2085-01	4	152099114	152100659	12	-0.6138
TCGA-FG-7643-10A-01D-2085-01	4	152100848	156021998	2426	-0.0025
TCGA-FG-7643-10A-01D-2085-01	4	156022455	156022528	3	1.1617
TCGA-FG-7643-10A-01D-2085-01	4	156022649	157104603	779	0.0038
TCGA-FG-7643-10A-01D-2085-01	4	157104638	157107969	7	-0.7626
TCGA-FG-7643-10A-01D-2085-01	4	157109711	157176082	52	0.0041
TCGA-FG-7643-10A-01D-2085-01	4	157187425	157192655	16	-0.7553
TCGA-FG-7643-10A-01D-2085-01	4	157194147	162099591	3069	0.0033
TCGA-FG-7643-10A-01D-2085-01	4	162099647	162104358	18	-0.5912
TCGA-FG-7643-10A-01D-2085-01	4	162104369	173224503	7087	0.0055
TCGA-FG-7643-10A-01D-2085-01	4	173225723	173226108	12	-1.5865
TCGA-FG-7643-10A-01D-2085-01	4	173232554	191261904	12131	0.0023
TCGA-FG-7643-10A-01D-2085-01	5	68532	738748	307	-0.0406
TCGA-FG-7643-10A-01D-2085-01	5	751371	859336	41	0.4829
TCGA-FG-7643-10A-01D-2085-01	5	862047	949726	34	-0.0137
TCGA-FG-7643-10A-01D-2085-01	5	949815	961540	4	-1.1859
TCGA-FG-7643-10A-01D-2085-01	5	966391	12838262	9832	-0.0095
TCGA-FG-7643-10A-01D-2085-01	5	12843869	12891533	18	0.6862
TCGA-FG-7643-10A-01D-2085-01	5	12902201	26825253	8709	0.0024
TCGA-FG-7643-10A-01D-2085-01	5	26833517	26833601	2	-2.2587
TCGA-FG-7643-10A-01D-2085-01	5	26839641	57357403	16965	-0.0028
TCGA-FG-7643-10A-01D-2085-01	5	57361784	57369290	32	-0.5506
TCGA-FG-7643-10A-01D-2085-01	5	57374114	140198906	50136	0.0026
TCGA-FG-7643-10A-01D-2085-01	5	140204020	140223940	13	-2.1135
TCGA-FG-7643-10A-01D-2085-01	5	140232347	151494364	7539	8e-04
TCGA-FG-7643-10A-01D-2085-01	5	151495579	151498544	14	-2.9742
TCGA-FG-7643-10A-01D-2085-01	5	151500464	180311316	19321	-0.0027
TCGA-FG-7643-10A-01D-2085-01	5	180311494	180349813	14	0.7975
TCGA-FG-7643-10A-01D-2085-01	5	180350220	180722926	175	-0.0432
TCGA-FG-7643-10A-01D-2085-01	6	94661	199283	101	-0.0773
TCGA-FG-7643-10A-01D-2085-01	6	202353	248017	24	-0.8482
TCGA-FG-7643-10A-01D-2085-01	6	248121	32732569	22893	-0.0015
TCGA-FG-7643-10A-01D-2085-01	6	32733073	32734596	4	-2.1726
TCGA-FG-7643-10A-01D-2085-01	6	32758590	54039110	13750	0.0025
TCGA-FG-7643-10A-01D-2085-01	6	54039189	54039814	6	-1.6071
TCGA-FG-7643-10A-01D-2085-01	6	54043307	77071668	12006	0.0028
TCGA-FG-7643-10A-01D-2085-01	6	77073620	77073646	3	1.758
TCGA-FG-7643-10A-01D-2085-01	6	77073713	77084501	31	-0.0174
TCGA-FG-7643-10A-01D-2085-01	6	77089673	77089909	2	1.9489
TCGA-FG-7643-10A-01D-2085-01	6	77089929	77485308	257	0.0024
TCGA-FG-7643-10A-01D-2085-01	6	77485918	77509408	26	-0.5398
TCGA-FG-7643-10A-01D-2085-01	6	77509476	79019608	981	-0.0033
TCGA-FG-7643-10A-01D-2085-01	6	79025784	79084234	104	0.608
TCGA-FG-7643-10A-01D-2085-01	6	79084489	103841518	15501	0.003
TCGA-FG-7643-10A-01D-2085-01	6	103841522	103868754	47	-1.2562
TCGA-FG-7643-10A-01D-2085-01	6	103872163	170892930	44258	9e-04
TCGA-FG-7643-10A-01D-2085-01	7	52911	5915354	3079	-0.0097
TCGA-FG-7643-10A-01D-2085-01	7	5917354	5970431	10	0.7586
TCGA-FG-7643-10A-01D-2085-01	7	5993133	48551488	31236	0.004
TCGA-FG-7643-10A-01D-2085-01	7	48552398	48570725	9	-0.7503
TCGA-FG-7643-10A-01D-2085-01	7	48571391	54347867	4258	0.0097
TCGA-FG-7643-10A-01D-2085-01	7	54353999	54354011	6	-2.2231
TCGA-FG-7643-10A-01D-2085-01	7	54360982	61311022	2097	0.0011
TCGA-FG-7643-10A-01D-2085-01	7	61365842	61495380	39	-0.4343
TCGA-FG-7643-10A-01D-2085-01	7	61495436	61794065	61	-0.0461
TCGA-FG-7643-10A-01D-2085-01	7	61794068	61799709	11	-0.7239
TCGA-FG-7643-10A-01D-2085-01	7	61818545	69953809	4026	-0.0013
TCGA-FG-7643-10A-01D-2085-01	7	69959275	70003179	34	0.5098
TCGA-FG-7643-10A-01D-2085-01	7	70003388	83061152	6990	-5e-04
TCGA-FG-7643-10A-01D-2085-01	7	83061276	83061326	2	-1.56
TCGA-FG-7643-10A-01D-2085-01	7	83061360	109228448	15580	0.0082
TCGA-FG-7643-10A-01D-2085-01	7	109228480	109241146	11	-0.6225
TCGA-FG-7643-10A-01D-2085-01	7	109241218	120089523	6484	0.0013
TCGA-FG-7643-10A-01D-2085-01	7	120091603	120099995	7	-0.9145
TCGA-FG-7643-10A-01D-2085-01	7	120102455	124717869	2785	-0.001
TCGA-FG-7643-10A-01D-2085-01	7	124717958	124720459	2	-2.4875
TCGA-FG-7643-10A-01D-2085-01	7	124721113	152778571	17700	0.0043
TCGA-FG-7643-10A-01D-2085-01	7	152778578	152778645	2	-2.8323
TCGA-FG-7643-10A-01D-2085-01	7	152778648	158819765	4114	-0.0034
TCGA-FG-7643-10A-01D-2085-01	8	21254	6813262	7718	0.0073
TCGA-FG-7643-10A-01D-2085-01	8	6813673	6846225	17	-0.5473
TCGA-FG-7643-10A-01D-2085-01	8	6846816	7174042	94	-0.0477
TCGA-FG-7643-10A-01D-2085-01	8	7174056	7864332	178	0.36
TCGA-FG-7643-10A-01D-2085-01	8	7864777	8423207	353	-0.0103
TCGA-FG-7643-10A-01D-2085-01	8	8423560	8423767	3	-1.8223
TCGA-FG-7643-10A-01D-2085-01	8	8423852	25028104	13479	0.0017
TCGA-FG-7643-10A-01D-2085-01	8	25030360	25035904	21	0.6688
TCGA-FG-7643-10A-01D-2085-01	8	25039986	47120040	11732	0.0036
TCGA-FG-7643-10A-01D-2085-01	8	47120596	47166892	16	-0.528
TCGA-FG-7643-10A-01D-2085-01	8	47167018	53539863	3487	0.0034
TCGA-FG-7643-10A-01D-2085-01	8	53543396	53677163	81	0.5862
TCGA-FG-7643-10A-01D-2085-01	8	53680095	61783186	5366	6e-04
TCGA-FG-7643-10A-01D-2085-01	8	61783315	61784060	2	-2.0789
TCGA-FG-7643-10A-01D-2085-01	8	61786237	112363642	30492	-8e-04
TCGA-FG-7643-10A-01D-2085-01	8	112363846	112364436	6	-2.2811
TCGA-FG-7643-10A-01D-2085-01	8	112369457	115703829	1826	0.0024
TCGA-FG-7643-10A-01D-2085-01	8	115703843	115731770	36	-0.4463
TCGA-FG-7643-10A-01D-2085-01	8	115731957	125823412	6834	-0.002
TCGA-FG-7643-10A-01D-2085-01	8	125823757	125823850	2	-1.4319
TCGA-FG-7643-10A-01D-2085-01	8	125824710	138138546	9373	0.0047
TCGA-FG-7643-10A-01D-2085-01	8	138140319	138156075	13	-0.5661
TCGA-FG-7643-10A-01D-2085-01	8	138158286	138761725	493	0.0037
TCGA-FG-7643-10A-01D-2085-01	8	138761741	138761890	2	-1.2432
TCGA-FG-7643-10A-01D-2085-01	8	138763167	146268959	4356	-0.0394
TCGA-FG-7643-10A-01D-2085-01	9	36587	569853	469	0.0055
TCGA-FG-7643-10A-01D-2085-01	9	572866	583899	19	-0.9102
TCGA-FG-7643-10A-01D-2085-01	9	586826	592903	23	-0.053
TCGA-FG-7643-10A-01D-2085-01	9	596699	601487	18	0.4527
TCGA-FG-7643-10A-01D-2085-01	9	601502	5069156	4722	0.0091
TCGA-FG-7643-10A-01D-2085-01	9	5071416	5073003	12	-0.6915
TCGA-FG-7643-10A-01D-2085-01	9	5073017	23351805	15201	0.0074
TCGA-FG-7643-10A-01D-2085-01	9	23353115	23363484	8	0.9669
TCGA-FG-7643-10A-01D-2085-01	9	23368488	29078729	4340	0.017
TCGA-FG-7643-10A-01D-2085-01	9	29079610	29087680	6	0.9832
TCGA-FG-7643-10A-01D-2085-01	9	29090799	43602904	6592	0.0114
TCGA-FG-7643-10A-01D-2085-01	9	43603159	43697342	14	-0.6483
TCGA-FG-7643-10A-01D-2085-01	9	43707554	67673801	245	0.0243
TCGA-FG-7643-10A-01D-2085-01	9	67675871	67678367	8	1.4476
TCGA-FG-7643-10A-01D-2085-01	9	67699736	139375463	47843	0.0039
TCGA-FG-7643-10A-01D-2085-01	9	139375539	139375654	2	-2.5422
TCGA-FG-7643-10A-01D-2085-01	9	139392824	140211215	412	-0.0462
TCGA-FG-7643-10A-01D-2085-01	X	108477	76266264	40151	-5e-04
TCGA-FG-7643-10A-01D-2085-01	X	76270041	76440325	18	0.7818
TCGA-FG-7643-10A-01D-2085-01	X	76461534	93809430	9193	0.0074
TCGA-FG-7643-10A-01D-2085-01	X	93809926	93810495	2	-1.983
TCGA-FG-7643-10A-01D-2085-01	X	93814470	103140431	5054	0.007
TCGA-FG-7643-10A-01D-2085-01	X	103144645	103191966	58	0.4582
TCGA-FG-7643-10A-01D-2085-01	X	103192014	113237412	5421	-0.0031
TCGA-FG-7643-10A-01D-2085-01	X	113237543	113240946	5	-1.3555
TCGA-FG-7643-10A-01D-2085-01	X	113243230	132481373	11159	0.0072
TCGA-FG-7643-10A-01D-2085-01	X	132482714	132488035	5	-1.0784
TCGA-FG-7643-10A-01D-2085-01	X	132493527	134587117	1037	0.0111
TCGA-FG-7643-10A-01D-2085-01	X	134592184	134629972	29	0.5017
TCGA-FG-7643-10A-01D-2085-01	X	134635057	150043556	10069	0.0051
TCGA-FG-7643-10A-01D-2085-01	X	150044592	150046117	2	1.4818
TCGA-FG-7643-10A-01D-2085-01	X	150047213	153215972	1809	-0.0152
TCGA-FG-7643-10A-01D-2085-01	X	153219802	153259458	49	-0.38
TCGA-FG-7643-10A-01D-2085-01	X	153263040	154835548	570	-0.0082
TCGA-FG-7643-10A-01D-2085-01	Y	2710438	6161425	839	-2.6967
TCGA-FG-7643-10A-01D-2085-01	Y	6167901	6356423	85	-4.1628
TCGA-FG-7643-10A-01D-2085-01	Y	6359046	18080874	4695	-3.223
TCGA-FG-7643-10A-01D-2085-01	Y	18084284	19484001	672	-3.7602
TCGA-FG-7643-10A-01D-2085-01	Y	19484450	22919906	1274	-3.2888
TCGA-FG-7643-10A-01D-2085-01	Y	22924247	24627620	323	-3.8375
TCGA-FG-7643-10A-01D-2085-01	Y	24632208	24818154	43	-3.0269
TCGA-FG-7643-10A-01D-2085-01	Y	24819177	24830625	7	-4.7775
TCGA-FG-7643-10A-01D-2085-01	Y	24831089	24883344	22	-2.607
TCGA-FG-7643-10A-01D-2085-01	Y	24891476	25649572	97	-4.1122
TCGA-FG-7643-10A-01D-2085-01	Y	25664067	26127308	95	-2.8342
TCGA-FG-7643-10A-01D-2085-01	Y	26127580	26866725	262	-3.8754
TCGA-FG-7643-10A-01D-2085-01	Y	26868036	57427647	175	-2.8734
