barcode	chromosome	start	stop	num.mark	seg.mean
TCGA-HT-7688-01A-11D-2252-01	1	3218610	149879545	67797	0.0326
TCGA-HT-7688-01A-11D-2252-01	1	149881398	161395555	6102	0.3862
TCGA-HT-7688-01A-11D-2252-01	1	161396106	161396142	2	-1.1888
TCGA-HT-7688-01A-11D-2252-01	1	161396536	198290062	23360	0.3895
TCGA-HT-7688-01A-11D-2252-01	1	198291935	198298563	4	-0.204
TCGA-HT-7688-01A-11D-2252-01	1	198302637	207697830	5825	0.3588
TCGA-HT-7688-01A-11D-2252-01	1	207712848	207731374	3	-1.3806
TCGA-HT-7688-01A-11D-2252-01	1	207734866	247813706	26053	0.3724
TCGA-HT-7688-01A-11D-2252-01	10	415240	42953080	26123	0.389
TCGA-HT-7688-01A-11D-2252-01	10	42953131	112997532	40200	0.0303
TCGA-HT-7688-01A-11D-2252-01	10	112999957	135225087	14535	-0.1865
TCGA-HT-7688-01A-11D-2252-01	11	456120	16637323	9895	0.0344
TCGA-HT-7688-01A-11D-2252-01	11	16637462	16637583	3	-0.8405
TCGA-HT-7688-01A-11D-2252-01	11	16637730	59157250	22360	0.0814
TCGA-HT-7688-01A-11D-2252-01	11	59158605	59158962	2	-0.9895
TCGA-HT-7688-01A-11D-2252-01	11	59163102	98390440	21081	0.1939
TCGA-HT-7688-01A-11D-2252-01	11	98390729	98390810	3	-0.8987
TCGA-HT-7688-01A-11D-2252-01	11	98396251	133290564	23459	0.1938
TCGA-HT-7688-01A-11D-2252-01	11	133292376	133292392	2	-0.7928
TCGA-HT-7688-01A-11D-2252-01	11	133293019	134142530	443	0.2058
TCGA-HT-7688-01A-11D-2252-01	12	889902	40535554	20275	0.0928
TCGA-HT-7688-01A-11D-2252-01	12	40536061	69022296	16220	-0.1861
TCGA-HT-7688-01A-11D-2252-01	12	69022440	69032248	7	-1.2497
TCGA-HT-7688-01A-11D-2252-01	12	69033365	126126340	34400	-0.1818
TCGA-HT-7688-01A-11D-2252-01	12	126127409	126127702	3	-1.5529
TCGA-HT-7688-01A-11D-2252-01	12	126129192	133161346	3025	-0.1818
TCGA-HT-7688-01A-11D-2252-01	13	19450806	81229653	35720	-0.4832
TCGA-HT-7688-01A-11D-2252-01	13	81230644	81230902	2	-2.0086
TCGA-HT-7688-01A-11D-2252-01	13	81230929	90509305	5058	-0.4231
TCGA-HT-7688-01A-11D-2252-01	13	90509385	90509560	2	-2.0134
TCGA-HT-7688-01A-11D-2252-01	13	90509642	93211375	1687	-0.4398
TCGA-HT-7688-01A-11D-2252-01	13	93214168	93214363	2	-1.8647
TCGA-HT-7688-01A-11D-2252-01	13	93216522	94578901	961	-0.4261
TCGA-HT-7688-01A-11D-2252-01	13	94586889	114987458	13200	0.1144
TCGA-HT-7688-01A-11D-2252-01	14	20501368	52630772	16766	0.0394
TCGA-HT-7688-01A-11D-2252-01	14	52631051	52667568	43	-0.2786
TCGA-HT-7688-01A-11D-2252-01	14	52668975	53834844	672	0.0459
TCGA-HT-7688-01A-11D-2252-01	14	53837043	98120019	27879	-0.2736
TCGA-HT-7688-01A-11D-2252-01	14	98120781	98121716	3	-1.5463
TCGA-HT-7688-01A-11D-2252-01	14	98122545	103864713	3416	-0.2431
TCGA-HT-7688-01A-11D-2252-01	14	103869266	103869628	2	-1.2914
TCGA-HT-7688-01A-11D-2252-01	14	103869849	105988038	665	-0.2138
TCGA-HT-7688-01A-11D-2252-01	15	23687685	101884307	44523	0.0903
TCGA-HT-7688-01A-11D-2252-01	16	653459	10352462	5091	0.0589
TCGA-HT-7688-01A-11D-2252-01	16	10355200	10355843	4	-0.9896
TCGA-HT-7688-01A-11D-2252-01	16	10356216	49287365	10220	0.0479
TCGA-HT-7688-01A-11D-2252-01	16	49288083	49288186	2	-1.051
TCGA-HT-7688-01A-11D-2252-01	16	49290126	86770924	24488	0.0874
TCGA-HT-7688-01A-11D-2252-01	16	86771069	86771845	3	1.1569
TCGA-HT-7688-01A-11D-2252-01	16	86774324	87401744	487	0.0741
TCGA-HT-7688-01A-11D-2252-01	16	87404375	87404390	2	-1.0464
TCGA-HT-7688-01A-11D-2252-01	16	87404860	89379936	504	0.0832
TCGA-HT-7688-01A-11D-2252-01	17	987221	3675380	1166	0.0619
TCGA-HT-7688-01A-11D-2252-01	17	3677080	3680687	3	-1.1741
TCGA-HT-7688-01A-11D-2252-01	17	3683148	9622544	3158	0.0533
TCGA-HT-7688-01A-11D-2252-01	17	9624792	9625755	2	-3.1524
TCGA-HT-7688-01A-11D-2252-01	17	9628574	47698471	14986	0.055
TCGA-HT-7688-01A-11D-2252-01	17	47699382	57177662	5665	-0.2089
TCGA-HT-7688-01A-11D-2252-01	17	57178056	70582546	7701	0.0634
TCGA-HT-7688-01A-11D-2252-01	17	70583957	75051456	1904	-0.215
TCGA-HT-7688-01A-11D-2252-01	17	75059325	78989111	1800	0.0645
TCGA-HT-7688-01A-11D-2252-01	17	79000696	80917016	595	-0.2421
TCGA-HT-7688-01A-11D-2252-01	18	329586	2941950	939	0.1223
TCGA-HT-7688-01A-11D-2252-01	18	2943795	20621172	8205	-0.1163
TCGA-HT-7688-01A-11D-2252-01	18	20624172	20633687	4	-0.9119
TCGA-HT-7688-01A-11D-2252-01	18	20637781	77109240	33510	-0.0499
TCGA-HT-7688-01A-11D-2252-01	19	284018	24052992	8985	-0.0933
TCGA-HT-7688-01A-11D-2252-01	19	28240494	28704540	349	0.1346
TCGA-HT-7688-01A-11D-2252-01	19	28704606	58368881	14344	-0.2697
TCGA-HT-7688-01A-11D-2252-01	19	58369912	58878226	275	-0.0406
TCGA-HT-7688-01A-11D-2252-01	2	484222	33971616	20143	0.071
TCGA-HT-7688-01A-11D-2252-01	2	33974021	33974373	2	-1.1563
TCGA-HT-7688-01A-11D-2252-01	2	33975190	242476062	111152	-0.0081
TCGA-HT-7688-01A-11D-2252-01	20	455764	62219837	37284	0.0373
TCGA-HT-7688-01A-11D-2252-01	21	15347621	47678774	20584	-0.0128
TCGA-HT-7688-01A-11D-2252-01	22	17423930	49331012	16923	-0.1027
TCGA-HT-7688-01A-11D-2252-01	3	2212571	95499955	51823	0.0865
TCGA-HT-7688-01A-11D-2252-01	3	95500438	95506627	3	-1.2374
TCGA-HT-7688-01A-11D-2252-01	3	95508664	186976256	49077	0.0804
TCGA-HT-7688-01A-11D-2252-01	3	186978356	197538677	5474	-0.2076
TCGA-HT-7688-01A-11D-2252-01	4	1053934	48068826	28159	0.1802
TCGA-HT-7688-01A-11D-2252-01	4	52698757	130175749	43305	-0.1389
TCGA-HT-7688-01A-11D-2252-01	4	130176485	130178330	2	-1.5386
TCGA-HT-7688-01A-11D-2252-01	4	130179574	156880936	14508	-0.1172
TCGA-HT-7688-01A-11D-2252-01	4	156884648	156884864	7	-0.8673
TCGA-HT-7688-01A-11D-2252-01	4	156884892	188763651	16752	-0.2124
TCGA-HT-7688-01A-11D-2252-01	5	914233	50124856	25935	-0.1687
TCGA-HT-7688-01A-11D-2252-01	5	50133344	118690998	37452	0.0936
TCGA-HT-7688-01A-11D-2252-01	5	118698609	118701875	5	-1.1633
TCGA-HT-7688-01A-11D-2252-01	5	118703082	140824129	12347	0.0917
TCGA-HT-7688-01A-11D-2252-01	5	140827234	140830355	2	-0.9234
TCGA-HT-7688-01A-11D-2252-01	5	140833077	180360469	24767	0.0834
TCGA-HT-7688-01A-11D-2252-01	6	1014281	5829715	3376	0.0479
TCGA-HT-7688-01A-11D-2252-01	6	5830024	5840820	5	-1.3825
TCGA-HT-7688-01A-11D-2252-01	6	5846721	70200468	34736	0.0557
TCGA-HT-7688-01A-11D-2252-01	6	70232324	88971402	10497	-0.2329
TCGA-HT-7688-01A-11D-2252-01	6	88971466	88973751	2	-1.3971
TCGA-HT-7688-01A-11D-2252-01	6	88974243	134550349	26226	-0.2461
TCGA-HT-7688-01A-11D-2252-01	6	134550755	134555254	2	-1.4176
TCGA-HT-7688-01A-11D-2252-01	6	134555662	134697015	81	-0.2372
TCGA-HT-7688-01A-11D-2252-01	6	134697377	134697440	2	-1.2581
TCGA-HT-7688-01A-11D-2252-01	6	134697996	153662425	12016	-0.2751
TCGA-HT-7688-01A-11D-2252-01	6	153665831	153666293	2	-1.4709
TCGA-HT-7688-01A-11D-2252-01	6	153669357	170903919	9538	-0.2481
TCGA-HT-7688-01A-11D-2252-01	7	705284	157339589	80900	0.115
TCGA-HT-7688-01A-11D-2252-01	7	157340113	157350840	4	-0.6536
TCGA-HT-7688-01A-11D-2252-01	7	157351755	158385118	421	0.0818
TCGA-HT-7688-01A-11D-2252-01	8	617667	14935290	6933	-0.1893
TCGA-HT-7688-01A-11D-2252-01	8	14935799	14936537	3	-1.5072
TCGA-HT-7688-01A-11D-2252-01	8	14937638	18926800	2936	-0.1726
TCGA-HT-7688-01A-11D-2252-01	8	18926802	18932433	3	0.8495
TCGA-HT-7688-01A-11D-2252-01	8	18933166	30598587	7972	-0.1983
TCGA-HT-7688-01A-11D-2252-01	8	30601805	30601999	2	-2.0957
TCGA-HT-7688-01A-11D-2252-01	8	30606972	42933372	6905	-0.1871
TCGA-HT-7688-01A-11D-2252-01	8	47460945	53364740	3034	0.059
TCGA-HT-7688-01A-11D-2252-01	8	53365244	53365864	4	-1.0008
TCGA-HT-7688-01A-11D-2252-01	8	53375228	117621213	36183	0.061
TCGA-HT-7688-01A-11D-2252-01	8	117621700	117622571	2	-1.4639
TCGA-HT-7688-01A-11D-2252-01	8	117623312	145219679	17544	0.0225
TCGA-HT-7688-01A-11D-2252-01	8	145219780	145232496	8	-0.2979
TCGA-HT-7688-01A-11D-2252-01	9	789932	26158812	16075	-0.4616
TCGA-HT-7688-01A-11D-2252-01	9	26161505	94283489	23377	-0.0096
TCGA-HT-7688-01A-11D-2252-01	9	94284670	94284935	3	-0.9366
TCGA-HT-7688-01A-11D-2252-01	9	94287302	140938752	28572	0.0282
TCGA-HT-7688-01A-11D-2252-01	X	3157107	66857639	25529	0.4001
TCGA-HT-7688-01A-11D-2252-01	X	66858124	128083536	26394	-0.2099
TCGA-HT-7688-01A-11D-2252-01	X	128084590	128099783	3	-4.5348
TCGA-HT-7688-01A-11D-2252-01	X	128099837	154905589	11770	-0.2609
