barcode	chromosome	start	stop	num.mark	seg.mean
TCGA-HT-7481-01A-11D-2023-01	1	51598	554484	32	0.0108
TCGA-HT-7481-01A-11D-2023-01	1	593453	72541504	42887	-0.4412
TCGA-HT-7481-01A-11D-2023-01	1	72541524	72551668	9	-1.6793
TCGA-HT-7481-01A-11D-2023-01	1	72551679	81661044	5824	-0.4542
TCGA-HT-7481-01A-11D-2023-01	1	81661190	81661255	3	0.9797
TCGA-HT-7481-01A-11D-2023-01	1	81661269	103960907	14308	-0.4605
TCGA-HT-7481-01A-11D-2023-01	1	103965022	103965310	2	1.9478
TCGA-HT-7481-01A-11D-2023-01	1	103979561	105820833	947	-0.4462
TCGA-HT-7481-01A-11D-2023-01	1	105820893	105823898	14	0.3033
TCGA-HT-7481-01A-11D-2023-01	1	105825578	109575549	2437	-0.4464
TCGA-HT-7481-01A-11D-2023-01	1	109579760	109583526	2	-2.1719
TCGA-HT-7481-01A-11D-2023-01	1	109583560	110022113	212	-0.4315
TCGA-HT-7481-01A-11D-2023-01	1	110022262	110034641	20	-0.0794
TCGA-HT-7481-01A-11D-2023-01	1	110034785	110041701	13	0.8736
TCGA-HT-7481-01A-11D-2023-01	1	110044476	112491849	1955	-0.4401
TCGA-HT-7481-01A-11D-2023-01	1	112497488	112498736	22	-2.2919
TCGA-HT-7481-01A-11D-2023-01	1	112498764	121057404	5179	-0.4499
TCGA-HT-7481-01A-11D-2023-01	1	121137742	150819650	2852	0.053
TCGA-HT-7481-01A-11D-2023-01	1	150821800	150852741	32	0.4014
TCGA-HT-7481-01A-11D-2023-01	1	150852862	151026302	176	0.0267
TCGA-HT-7481-01A-11D-2023-01	1	151028547	151035324	37	0.6334
TCGA-HT-7481-01A-11D-2023-01	1	151040529	167483561	11344	0.0368
TCGA-HT-7481-01A-11D-2023-01	1	167500598	167508390	7	0.7777
TCGA-HT-7481-01A-11D-2023-01	1	167509025	173063849	3533	0.0301
TCGA-HT-7481-01A-11D-2023-01	1	173063938	173085959	37	0.2952
TCGA-HT-7481-01A-11D-2023-01	1	173094447	187914780	9894	0.0284
TCGA-HT-7481-01A-11D-2023-01	1	187915106	187915150	2	-1.5212
TCGA-HT-7481-01A-11D-2023-01	1	187918670	195006595	4756	0.0162
TCGA-HT-7481-01A-11D-2023-01	1	195006834	195082414	86	0.4358
TCGA-HT-7481-01A-11D-2023-01	1	195083353	208137685	8825	0.0324
TCGA-HT-7481-01A-11D-2023-01	1	208148236	208148688	2	-2.3047
TCGA-HT-7481-01A-11D-2023-01	1	208150607	247191011	27149	0.0311
TCGA-HT-7481-01A-11D-2023-01	10	62809	82868139	54935	0.0303
TCGA-HT-7481-01A-11D-2023-01	10	82871310	82876411	7	-1.0802
TCGA-HT-7481-01A-11D-2023-01	10	82878133	85766717	2231	0.0152
TCGA-HT-7481-01A-11D-2023-01	10	85775704	85775901	2	1.1559
TCGA-HT-7481-01A-11D-2023-01	10	85777655	89019223	2095	0.0332
TCGA-HT-7481-01A-11D-2023-01	10	89028321	89059776	3	1.5614
TCGA-HT-7481-01A-11D-2023-01	10	89060725	107046269	11253	0.0335
TCGA-HT-7481-01A-11D-2023-01	10	107047028	107049160	3	-2.1103
TCGA-HT-7481-01A-11D-2023-01	10	107052466	135356694	20583	0.0233
TCGA-HT-7481-01A-11D-2023-01	11	188510	4926819	2481	0.0942
TCGA-HT-7481-01A-11D-2023-01	11	4926853	4932281	26	-1.8939
TCGA-HT-7481-01A-11D-2023-01	11	4932833	4933468	13	-0.3661
TCGA-HT-7481-01A-11D-2023-01	11	4933483	5158473	191	0.0996
TCGA-HT-7481-01A-11D-2023-01	11	5164594	5166826	9	0.5783
TCGA-HT-7481-01A-11D-2023-01	11	5167145	5477551	341	0.0822
TCGA-HT-7481-01A-11D-2023-01	11	5478727	5480169	7	-0.6172
TCGA-HT-7481-01A-11D-2023-01	11	5481040	5740499	238	0.1011
TCGA-HT-7481-01A-11D-2023-01	11	5743981	5768936	36	0.3855
TCGA-HT-7481-01A-11D-2023-01	11	5772762	6064366	238	0.0768
TCGA-HT-7481-01A-11D-2023-01	11	6064845	6072681	3	-0.5439
TCGA-HT-7481-01A-11D-2023-01	11	6073419	6078670	5	-1.5594
TCGA-HT-7481-01A-11D-2023-01	11	6079079	101099594	59799	0.086
TCGA-HT-7481-01A-11D-2023-01	11	101103070	101103174	4	1.1219
TCGA-HT-7481-01A-11D-2023-01	11	101103422	134449982	23783	0.0832
TCGA-HT-7481-01A-11D-2023-01	12	20703	9525137	6210	0.0402
TCGA-HT-7481-01A-11D-2023-01	12	9529176	9606832	22	-1.9131
TCGA-HT-7481-01A-11D-2023-01	12	9619559	33192693	16658	0.0225
TCGA-HT-7481-01A-11D-2023-01	12	33192787	33198345	24	-0.5748
TCGA-HT-7481-01A-11D-2023-01	12	33198641	128566539	59813	0.0293
TCGA-HT-7481-01A-11D-2023-01	12	128569443	128569547	2	-1.3092
TCGA-HT-7481-01A-11D-2023-01	12	128569723	132288262	2375	0.0326
TCGA-HT-7481-01A-11D-2023-01	13	17924949	22527187	2898	0.0187
TCGA-HT-7481-01A-11D-2023-01	13	22527210	22531515	13	-2.0284
TCGA-HT-7481-01A-11D-2023-01	13	22536195	36969135	10661	0.0233
TCGA-HT-7481-01A-11D-2023-01	13	36970036	36982732	15	0.7167
TCGA-HT-7481-01A-11D-2023-01	13	36982757	37950811	702	0.0066
TCGA-HT-7481-01A-11D-2023-01	13	37955572	37956056	2	-2.1569
TCGA-HT-7481-01A-11D-2023-01	13	37963057	68140256	18782	0.0256
TCGA-HT-7481-01A-11D-2023-01	13	68146300	68147482	7	-0.9967
TCGA-HT-7481-01A-11D-2023-01	13	68148780	68149020	4	0.0625
TCGA-HT-7481-01A-11D-2023-01	13	68149036	68166243	28	-0.8501
TCGA-HT-7481-01A-11D-2023-01	13	68167120	83059130	10031	0.0117
TCGA-HT-7481-01A-11D-2023-01	13	83059252	83081860	17	0.71
TCGA-HT-7481-01A-11D-2023-01	13	83084402	114126499	21182	0.0187
TCGA-HT-7481-01A-11D-2023-01	14	18072124	19213349	80	0.0712
TCGA-HT-7481-01A-11D-2023-01	14	19227683	19526054	129	-0.3085
TCGA-HT-7481-01A-11D-2023-01	14	19526162	40678108	13631	0.04
TCGA-HT-7481-01A-11D-2023-01	14	40680246	40727099	15	-0.6388
TCGA-HT-7481-01A-11D-2023-01	14	40739852	60125693	12271	0.0283
TCGA-HT-7481-01A-11D-2023-01	14	60127895	60128889	2	-2.7131
TCGA-HT-7481-01A-11D-2023-01	14	60135971	73070876	8219	0.0363
TCGA-HT-7481-01A-11D-2023-01	14	73076460	73099653	9	-1.4043
TCGA-HT-7481-01A-11D-2023-01	14	73099668	75417994	1339	0.0542
TCGA-HT-7481-01A-11D-2023-01	14	75418234	75418435	4	-1.09
TCGA-HT-7481-01A-11D-2023-01	14	75420876	105531947	19453	0.0369
TCGA-HT-7481-01A-11D-2023-01	14	105550720	105550986	2	-2.5672
TCGA-HT-7481-01A-11D-2023-01	14	105553173	105609107	25	-0.0607
TCGA-HT-7481-01A-11D-2023-01	14	105612798	105638145	13	-2.4096
TCGA-HT-7481-01A-11D-2023-01	14	105640508	105822329	84	0.0969
TCGA-HT-7481-01A-11D-2023-01	14	105824904	105824912	3	1.1794
TCGA-HT-7481-01A-11D-2023-01	14	105825048	105854089	15	0.1901
TCGA-HT-7481-01A-11D-2023-01	14	105867070	105892781	11	0.806
TCGA-HT-7481-01A-11D-2023-01	14	105896961	105950876	30	0.0646
TCGA-HT-7481-01A-11D-2023-01	14	105952397	105989153	50	-2.38
TCGA-HT-7481-01A-11D-2023-01	14	105989694	106356482	224	-2e-04
TCGA-HT-7481-01A-11D-2023-01	15	18276341	54576939	21580	0.0367
TCGA-HT-7481-01A-11D-2023-01	15	54577995	54588269	25	-0.5336
TCGA-HT-7481-01A-11D-2023-01	15	54588915	55868564	835	0.0266
TCGA-HT-7481-01A-11D-2023-01	15	55869138	55870720	3	-1.3421
TCGA-HT-7481-01A-11D-2023-01	15	55875683	74678296	11925	0.0386
TCGA-HT-7481-01A-11D-2023-01	15	74678566	74682830	21	-2.2379
TCGA-HT-7481-01A-11D-2023-01	15	74689234	90606455	10336	-0.0169
TCGA-HT-7481-01A-11D-2023-01	15	90606558	90615461	21	-0.3846
TCGA-HT-7481-01A-11D-2023-01	15	90615556	100286563	7329	-0.0218
TCGA-HT-7481-01A-11D-2023-01	16	777	16170060	11751	0.0508
TCGA-HT-7481-01A-11D-2023-01	16	16170651	16170862	2	-2.26
TCGA-HT-7481-01A-11D-2023-01	16	16171214	19851864	1775	0.0384
TCGA-HT-7481-01A-11D-2023-01	16	19853151	19874863	29	-0.8693
TCGA-HT-7481-01A-11D-2023-01	16	19877755	19965401	68	0.03
TCGA-HT-7481-01A-11D-2023-01	16	19966274	19966317	2	-1.0145
TCGA-HT-7481-01A-11D-2023-01	16	19967178	21286952	833	0.0374
TCGA-HT-7481-01A-11D-2023-01	16	21297471	21484317	19	-0.4209
TCGA-HT-7481-01A-11D-2023-01	16	21493293	22349475	370	0.0121
TCGA-HT-7481-01A-11D-2023-01	16	22349521	22620480	75	-0.3115
TCGA-HT-7481-01A-11D-2023-01	16	22625089	29252941	4256	0.0468
TCGA-HT-7481-01A-11D-2023-01	16	29254630	29329208	9	0.6961
TCGA-HT-7481-01A-11D-2023-01	16	29329910	32208436	926	0.0703
TCGA-HT-7481-01A-11D-2023-01	16	32210990	32563024	78	-0.2768
TCGA-HT-7481-01A-11D-2023-01	16	32650790	76933878	21671	0.0346
TCGA-HT-7481-01A-11D-2023-01	16	76934212	76942266	10	0.7344
TCGA-HT-7481-01A-11D-2023-01	16	76942502	81342326	4824	0.035
TCGA-HT-7481-01A-11D-2023-01	16	81342444	81342620	2	-1.4934
TCGA-HT-7481-01A-11D-2023-01	16	81343403	88815036	5818	0.0478
TCGA-HT-7481-01A-11D-2023-01	17	526	36675234	20980	0.0498
TCGA-HT-7481-01A-11D-2023-01	17	36676540	36676616	5	0.5682
TCGA-HT-7481-01A-11D-2023-01	17	36676629	36683976	18	1.4429
TCGA-HT-7481-01A-11D-2023-01	17	36684057	41518916	2514	0.0959
TCGA-HT-7481-01A-11D-2023-01	17	41521621	42140863	178	0.4116
TCGA-HT-7481-01A-11D-2023-01	17	42143377	49508964	4360	0.101
TCGA-HT-7481-01A-11D-2023-01	17	49509476	49514074	4	-0.8226
TCGA-HT-7481-01A-11D-2023-01	17	49519611	78643088	17253	0.101
TCGA-HT-7481-01A-11D-2023-01	18	1543	24447534	15124	0.0259
TCGA-HT-7481-01A-11D-2023-01	18	24449765	24450128	4	-1.0537
TCGA-HT-7481-01A-11D-2023-01	18	24450630	36514796	7731	0.0136
TCGA-HT-7481-01A-11D-2023-01	18	36514808	36523810	14	-0.5516
TCGA-HT-7481-01A-11D-2023-01	18	36524070	63997305	19036	0.0236
TCGA-HT-7481-01A-11D-2023-01	18	64000358	64034323	33	-0.9146
TCGA-HT-7481-01A-11D-2023-01	18	64047006	72157293	6270	0.0388
TCGA-HT-7481-01A-11D-2023-01	18	72157566	72157588	2	-1.7046
TCGA-HT-7481-01A-11D-2023-01	18	72158729	76116029	2630	0.0318
TCGA-HT-7481-01A-11D-2023-01	19	41910	9134800	3409	0.0765
TCGA-HT-7481-01A-11D-2023-01	19	9135672	9138476	4	-1.0413
TCGA-HT-7481-01A-11D-2023-01	19	9139121	32443515	7847	0.0617
TCGA-HT-7481-01A-11D-2023-01	19	32453978	40541162	5553	-0.4381
TCGA-HT-7481-01A-11D-2023-01	19	40541333	40553688	22	-2.2476
TCGA-HT-7481-01A-11D-2023-01	19	40558584	50138877	5005	-0.3996
TCGA-HT-7481-01A-11D-2023-01	19	50138937	50217377	33	0.2733
TCGA-HT-7481-01A-11D-2023-01	19	50221213	60039154	5158	-0.4154
TCGA-HT-7481-01A-11D-2023-01	19	60039486	60039775	2	-2.957
TCGA-HT-7481-01A-11D-2023-01	19	60040503	63789666	2298	-0.4096
TCGA-HT-7481-01A-11D-2023-01	2	2784	3710462	2573	0.0227
TCGA-HT-7481-01A-11D-2023-01	2	3710730	3714413	3	-1.3278
TCGA-HT-7481-01A-11D-2023-01	2	3719946	34372952	21448	0.0263
TCGA-HT-7481-01A-11D-2023-01	2	34373977	34379084	3	0.8863
TCGA-HT-7481-01A-11D-2023-01	2	34379471	34544573	95	3e-04
TCGA-HT-7481-01A-11D-2023-01	2	34552819	34590667	47	0.7367
TCGA-HT-7481-01A-11D-2023-01	2	34591060	35820889	873	0.0418
TCGA-HT-7481-01A-11D-2023-01	2	35821540	35841451	9	0.6308
TCGA-HT-7481-01A-11D-2023-01	2	35850977	52590140	12155	0.0295
TCGA-HT-7481-01A-11D-2023-01	2	52590281	52612272	19	0.3067
TCGA-HT-7481-01A-11D-2023-01	2	52612294	52635046	31	0.6284
TCGA-HT-7481-01A-11D-2023-01	2	52641453	71761825	12647	0.0325
TCGA-HT-7481-01A-11D-2023-01	2	71763330	71765513	2	-1.3074
TCGA-HT-7481-01A-11D-2023-01	2	71767946	89396557	10253	0.0279
TCGA-HT-7481-01A-11D-2023-01	2	89398864	89758669	72	-0.7648
TCGA-HT-7481-01A-11D-2023-01	2	89758720	89767545	17	-0.1517
TCGA-HT-7481-01A-11D-2023-01	2	89767595	90992223	81	-0.6652
TCGA-HT-7481-01A-11D-2023-01	2	91007880	106241154	6615	0.0267
TCGA-HT-7481-01A-11D-2023-01	2	106246527	106251445	11	0.5866
TCGA-HT-7481-01A-11D-2023-01	2	106251789	126158693	11515	0.031
TCGA-HT-7481-01A-11D-2023-01	2	126168121	126168383	2	-2.3067
TCGA-HT-7481-01A-11D-2023-01	2	126168402	129354548	1944	0.0306
TCGA-HT-7481-01A-11D-2023-01	2	129354948	129356785	15	-2.593
TCGA-HT-7481-01A-11D-2023-01	2	129356799	130451191	851	0.0296
TCGA-HT-7481-01A-11D-2023-01	2	130453773	130453790	2	-1.0194
TCGA-HT-7481-01A-11D-2023-01	2	130461431	130510326	23	-0.0147
TCGA-HT-7481-01A-11D-2023-01	2	130510353	130539705	8	-0.707
TCGA-HT-7481-01A-11D-2023-01	2	130541928	139455970	5181	0.0262
TCGA-HT-7481-01A-11D-2023-01	2	139458774	139460744	2	-1.3241
TCGA-HT-7481-01A-11D-2023-01	2	139460813	208063200	41448	0.0167
TCGA-HT-7481-01A-11D-2023-01	2	208063423	208067581	15	-1.0048
TCGA-HT-7481-01A-11D-2023-01	2	208067721	242738129	22143	0.0236
TCGA-HT-7481-01A-11D-2023-01	20	9305	1500503	1186	0.0563
TCGA-HT-7481-01A-11D-2023-01	20	1505190	1530207	57	-0.7606
TCGA-HT-7481-01A-11D-2023-01	20	1538257	15788146	10943	0.0376
TCGA-HT-7481-01A-11D-2023-01	20	15794681	15937654	147	-0.4404
TCGA-HT-7481-01A-11D-2023-01	20	15937936	26253579	7732	0.0373
TCGA-HT-7481-01A-11D-2023-01	20	28034013	28119491	22	-1.4523
TCGA-HT-7481-01A-11D-2023-01	20	28141554	62426597	22423	0.0429
TCGA-HT-7481-01A-11D-2023-01	21	9758742	43792481	22654	0.029
TCGA-HT-7481-01A-11D-2023-01	21	43795301	43797240	2	-3.2108
TCGA-HT-7481-01A-11D-2023-01	21	43798095	44846957	537	0.0556
TCGA-HT-7481-01A-11D-2023-01	21	44848001	44848077	2	-1.5059
TCGA-HT-7481-01A-11D-2023-01	21	44848096	46921385	1228	0.0445
TCGA-HT-7481-01A-11D-2023-01	22	14432528	17112919	1215	0.0475
TCGA-HT-7481-01A-11D-2023-01	22	17128440	17128454	2	1.7198
TCGA-HT-7481-01A-11D-2023-01	22	17150421	20146560	1664	0.0507
TCGA-HT-7481-01A-11D-2023-01	22	20146691	20170595	11	0.9393
TCGA-HT-7481-01A-11D-2023-01	22	20170674	22674422	1730	0.0672
TCGA-HT-7481-01A-11D-2023-01	22	22680529	22726814	19	-2.0877
TCGA-HT-7481-01A-11D-2023-01	22	22731529	49581321	18922	0.0535
TCGA-HT-7481-01A-11D-2023-01	3	35345	5702522	5012	0.051
TCGA-HT-7481-01A-11D-2023-01	3	5702851	5702970	2	-1.2795
TCGA-HT-7481-01A-11D-2023-01	3	5703284	6621543	831	0.0642
TCGA-HT-7481-01A-11D-2023-01	3	6626128	6628332	23	-2.9741
TCGA-HT-7481-01A-11D-2023-01	3	6630078	20282794	9442	0.0302
TCGA-HT-7481-01A-11D-2023-01	3	20288129	20291087	3	-1.0858
TCGA-HT-7481-01A-11D-2023-01	3	20303085	47370605	18227	0.0282
TCGA-HT-7481-01A-11D-2023-01	3	47374915	47375335	2	-1.6048
TCGA-HT-7481-01A-11D-2023-01	3	47380309	47453513	28	-0.0334
TCGA-HT-7481-01A-11D-2023-01	3	47466826	47467724	2	-2.8755
TCGA-HT-7481-01A-11D-2023-01	3	47472218	81677770	22684	0.0306
TCGA-HT-7481-01A-11D-2023-01	3	81678782	81679997	3	-1.5597
TCGA-HT-7481-01A-11D-2023-01	3	81683487	89477432	4308	0.0213
TCGA-HT-7481-01A-11D-2023-01	3	89487790	89488444	5	-0.7206
TCGA-HT-7481-01A-11D-2023-01	3	89489635	100427989	3295	0.0294
TCGA-HT-7481-01A-11D-2023-01	3	100428085	100431759	14	-0.509
TCGA-HT-7481-01A-11D-2023-01	3	100431766	137501789	22850	0.0245
TCGA-HT-7481-01A-11D-2023-01	3	137505641	137508116	2	-3.1355
TCGA-HT-7481-01A-11D-2023-01	3	137521231	164023184	16276	0.0212
TCGA-HT-7481-01A-11D-2023-01	3	164028410	164098609	42	-0.2491
TCGA-HT-7481-01A-11D-2023-01	3	164106536	194360656	19208	0.0259
TCGA-HT-7481-01A-11D-2023-01	3	194360739	194365597	18	-1.4037
TCGA-HT-7481-01A-11D-2023-01	3	194369129	199322975	2687	0.0353
TCGA-HT-7481-01A-11D-2023-01	3	199329613	199380515	20	-0.9666
TCGA-HT-7481-01A-11D-2023-01	4	2281	24626	19	-0.109
TCGA-HT-7481-01A-11D-2023-01	4	24630	56719	39	-0.5332
TCGA-HT-7481-01A-11D-2023-01	4	58821	9819488	5749	0.0414
TCGA-HT-7481-01A-11D-2023-01	4	9823258	9844264	34	0.4787
TCGA-HT-7481-01A-11D-2023-01	4	9844280	9999220	172	0.0163
TCGA-HT-7481-01A-11D-2023-01	4	9999813	10009766	17	-0.5971
TCGA-HT-7481-01A-11D-2023-01	4	10011816	25165678	11025	0.0152
TCGA-HT-7481-01A-11D-2023-01	4	25166145	25187367	18	0.5898
TCGA-HT-7481-01A-11D-2023-01	4	25194481	34455449	5767	0.0125
TCGA-HT-7481-01A-11D-2023-01	4	34462895	34501120	38	0.6313
TCGA-HT-7481-01A-11D-2023-01	4	34506267	48962605	8992	0.0264
TCGA-HT-7481-01A-11D-2023-01	4	48985949	48986112	2	-1.2593
TCGA-HT-7481-01A-11D-2023-01	4	48991977	49350120	18	0.1379
TCGA-HT-7481-01A-11D-2023-01	4	49351270	49353369	4	0.7761
TCGA-HT-7481-01A-11D-2023-01	4	52380456	61009907	5678	0.0202
TCGA-HT-7481-01A-11D-2023-01	4	61012589	61014212	2	1.3893
TCGA-HT-7481-01A-11D-2023-01	4	61018159	69027207	4806	0.0201
TCGA-HT-7481-01A-11D-2023-01	4	69043083	69168574	68	-1.8373
TCGA-HT-7481-01A-11D-2023-01	4	69171930	70165498	337	0.0466
TCGA-HT-7481-01A-11D-2023-01	4	70165935	70264023	48	-0.357
TCGA-HT-7481-01A-11D-2023-01	4	70266388	89968654	12141	0.017
TCGA-HT-7481-01A-11D-2023-01	4	89973200	89975412	2	-1.3244
TCGA-HT-7481-01A-11D-2023-01	4	89978068	91503966	989	0.0088
TCGA-HT-7481-01A-11D-2023-01	4	91506175	91510539	9	-1.4398
TCGA-HT-7481-01A-11D-2023-01	4	91513391	115393149	14236	0.0144
TCGA-HT-7481-01A-11D-2023-01	4	115394772	115403701	25	0.9376
TCGA-HT-7481-01A-11D-2023-01	4	115403715	156021998	24123	0.0158
TCGA-HT-7481-01A-11D-2023-01	4	156022455	156022528	3	-4.0098
TCGA-HT-7481-01A-11D-2023-01	4	156022649	172605921	10624	0.019
TCGA-HT-7481-01A-11D-2023-01	4	172611459	172611524	2	-1.6994
TCGA-HT-7481-01A-11D-2023-01	4	172611602	191261904	12550	0.0249
TCGA-HT-7481-01A-11D-2023-01	5	68532	72584	3	-0.8662
TCGA-HT-7481-01A-11D-2023-01	5	74963	949815	381	0.0137
TCGA-HT-7481-01A-11D-2023-01	5	958701	961540	3	-1.1942
TCGA-HT-7481-01A-11D-2023-01	5	966391	7557111	5598	0.0149
TCGA-HT-7481-01A-11D-2023-01	5	7562867	7569947	5	-1.0819
TCGA-HT-7481-01A-11D-2023-01	5	7570014	12868780	4238	0.0271
TCGA-HT-7481-01A-11D-2023-01	5	12868865	12891533	13	-1.5716
TCGA-HT-7481-01A-11D-2023-01	5	12902201	17561439	3177	0.0328
TCGA-HT-7481-01A-11D-2023-01	5	17563468	17650871	17	-0.9888
TCGA-HT-7481-01A-11D-2023-01	5	17651343	27556906	5910	0.026
TCGA-HT-7481-01A-11D-2023-01	5	27560209	27561777	11	0.5331
TCGA-HT-7481-01A-11D-2023-01	5	27563236	34295266	4416	0.0247
TCGA-HT-7481-01A-11D-2023-01	5	34300104	34300298	2	-1.8816
TCGA-HT-7481-01A-11D-2023-01	5	34300312	46287063	7042	0.0289
TCGA-HT-7481-01A-11D-2023-01	5	46306765	46309259	8	1.064
TCGA-HT-7481-01A-11D-2023-01	5	46313969	53709198	2570	0.0165
TCGA-HT-7481-01A-11D-2023-01	5	53711496	53724522	11	-0.8404
TCGA-HT-7481-01A-11D-2023-01	5	53725231	57357403	2503	0.0195
TCGA-HT-7481-01A-11D-2023-01	5	57361784	57369290	32	2.108
TCGA-HT-7481-01A-11D-2023-01	5	57374114	60498913	2082	0.0349
TCGA-HT-7481-01A-11D-2023-01	5	60503249	60509543	8	-0.9696
TCGA-HT-7481-01A-11D-2023-01	5	60510338	82818820	13010	0.0244
TCGA-HT-7481-01A-11D-2023-01	5	82821368	82929736	89	0.3464
TCGA-HT-7481-01A-11D-2023-01	5	82932661	103879120	11688	0.0253
TCGA-HT-7481-01A-11D-2023-01	5	103888272	103888503	4	1.6587
TCGA-HT-7481-01A-11D-2023-01	5	103888948	140198906	23252	0.0211
TCGA-HT-7481-01A-11D-2023-01	5	140204020	140223940	13	-0.6513
TCGA-HT-7481-01A-11D-2023-01	5	140232347	151494364	7544	0.0358
TCGA-HT-7481-01A-11D-2023-01	5	151495579	151498544	14	-0.6228
TCGA-HT-7481-01A-11D-2023-01	5	151500464	155407683	2662	0.03
TCGA-HT-7481-01A-11D-2023-01	5	155409350	155436983	21	0.3654
TCGA-HT-7481-01A-11D-2023-01	5	155442494	175306114	14081	0.0246
TCGA-HT-7481-01A-11D-2023-01	5	175320152	175353502	7	0.7914
TCGA-HT-7481-01A-11D-2023-01	5	175359299	177161185	739	0.0441
TCGA-HT-7481-01A-11D-2023-01	5	177165211	177249346	10	-0.5427
TCGA-HT-7481-01A-11D-2023-01	5	177257343	180307129	1804	0.0321
TCGA-HT-7481-01A-11D-2023-01	5	180311316	180350709	19	-2.1364
TCGA-HT-7481-01A-11D-2023-01	5	180365831	180722926	171	0.0523
TCGA-HT-7481-01A-11D-2023-01	6	94661	202353	102	0.0164
TCGA-HT-7481-01A-11D-2023-01	6	203265	239725	21	-0.5872
TCGA-HT-7481-01A-11D-2023-01	6	239837	301217	55	0.2612
TCGA-HT-7481-01A-11D-2023-01	6	301261	22108281	16685	0.0321
TCGA-HT-7481-01A-11D-2023-01	6	22108301	22108317	2	-2.5003
TCGA-HT-7481-01A-11D-2023-01	6	22111874	29945167	4890	0.0351
TCGA-HT-7481-01A-11D-2023-01	6	29945293	29982621	20	-0.5824
TCGA-HT-7481-01A-11D-2023-01	6	29982688	31388802	666	0.0813
TCGA-HT-7481-01A-11D-2023-01	6	31394255	31404430	11	-1.4592
TCGA-HT-7481-01A-11D-2023-01	6	31417903	32556107	505	0.094
TCGA-HT-7481-01A-11D-2023-01	6	32557028	32681749	37	-0.4995
TCGA-HT-7481-01A-11D-2023-01	6	32681992	32732282	27	0.0042
TCGA-HT-7481-01A-11D-2023-01	6	32732569	32734596	5	-1.6478
TCGA-HT-7481-01A-11D-2023-01	6	32758590	54039026	13749	0.034
TCGA-HT-7481-01A-11D-2023-01	6	54039043	54039814	8	1.1756
TCGA-HT-7481-01A-11D-2023-01	6	54043307	74648586	10522	0.0303
TCGA-HT-7481-01A-11D-2023-01	6	74649185	74658138	9	-0.765
TCGA-HT-7481-01A-11D-2023-01	6	74660283	77071668	1470	0.0279
TCGA-HT-7481-01A-11D-2023-01	6	77073620	77073646	3	-0.9936
TCGA-HT-7481-01A-11D-2023-01	6	77073713	77084501	31	0.0577
TCGA-HT-7481-01A-11D-2023-01	6	77089673	77089929	3	0.8866
TCGA-HT-7481-01A-11D-2023-01	6	77090104	77493251	261	0.0169
TCGA-HT-7481-01A-11D-2023-01	6	77496587	77509392	19	0.6332
TCGA-HT-7481-01A-11D-2023-01	6	77509408	79019608	980	0.0171
TCGA-HT-7481-01A-11D-2023-01	6	79025784	79091904	111	0.7777
TCGA-HT-7481-01A-11D-2023-01	6	79095953	94631790	9979	0.0235
TCGA-HT-7481-01A-11D-2023-01	6	94638510	94646650	11	-1.0699
TCGA-HT-7481-01A-11D-2023-01	6	94649676	115485768	12874	0.0247
TCGA-HT-7481-01A-11D-2023-01	6	115485853	115514666	3	-1.8175
TCGA-HT-7481-01A-11D-2023-01	6	115515264	134307961	11769	0.0154
TCGA-HT-7481-01A-11D-2023-01	6	134310764	134311325	2	-2.6809
TCGA-HT-7481-01A-11D-2023-01	6	134313765	165644042	21538	0.0213
TCGA-HT-7481-01A-11D-2023-01	6	165651516	165651918	2	1.3737
TCGA-HT-7481-01A-11D-2023-01	6	165654642	170892930	3621	0.0196
TCGA-HT-7481-01A-11D-2023-01	7	52911	38253052	27445	0.0266
TCGA-HT-7481-01A-11D-2023-01	7	38254452	38367482	130	0.2352
TCGA-HT-7481-01A-11D-2023-01	7	38369021	54347867	11016	0.0215
TCGA-HT-7481-01A-11D-2023-01	7	54353999	54354011	6	-2.2672
TCGA-HT-7481-01A-11D-2023-01	7	54360982	56728994	1573	0.021
TCGA-HT-7481-01A-11D-2023-01	7	56729607	56736308	3	-2.8699
TCGA-HT-7481-01A-11D-2023-01	7	56739660	64231500	1565	0.0626
TCGA-HT-7481-01A-11D-2023-01	7	64231776	64233133	5	-1.3425
TCGA-HT-7481-01A-11D-2023-01	7	64274563	97447355	19143	0.0273
TCGA-HT-7481-01A-11D-2023-01	7	97449277	97449984	3	-2.5619
TCGA-HT-7481-01A-11D-2023-01	7	97451707	120094972	13049	0.0247
TCGA-HT-7481-01A-11D-2023-01	7	120097084	120099995	3	-0.9489
TCGA-HT-7481-01A-11D-2023-01	7	120102455	133435717	8266	0.0266
TCGA-HT-7481-01A-11D-2023-01	7	133435735	133440983	25	0.5218
TCGA-HT-7481-01A-11D-2023-01	7	133446174	142154515	5706	0.037
TCGA-HT-7481-01A-11D-2023-01	7	142156294	142176424	30	0.8707
TCGA-HT-7481-01A-11D-2023-01	7	142186163	142928980	468	0.0292
TCGA-HT-7481-01A-11D-2023-01	7	142929090	143056311	34	0.5782
TCGA-HT-7481-01A-11D-2023-01	7	143056649	143061967	16	0.0119
TCGA-HT-7481-01A-11D-2023-01	7	143075149	143198992	51	0.5549
TCGA-HT-7481-01A-11D-2023-01	7	143203099	143504310	267	0.0472
TCGA-HT-7481-01A-11D-2023-01	7	143504885	143697880	45	-0.5517
TCGA-HT-7481-01A-11D-2023-01	7	143705862	152518138	5372	0.0218
TCGA-HT-7481-01A-11D-2023-01	7	152520606	152731588	168	-0.9783
TCGA-HT-7481-01A-11D-2023-01	7	152734525	156084551	2521	0.0366
TCGA-HT-7481-01A-11D-2023-01	7	156085929	156086940	3	-0.9298
TCGA-HT-7481-01A-11D-2023-01	7	156087669	157461158	804	0.0389
TCGA-HT-7481-01A-11D-2023-01	7	157463598	157464372	3	-1.1674
TCGA-HT-7481-01A-11D-2023-01	7	157470622	158819765	824	0.0495
TCGA-HT-7481-01A-11D-2023-01	8	21254	2235234	1650	0.0302
TCGA-HT-7481-01A-11D-2023-01	8	2242045	2246765	12	-0.6199
TCGA-HT-7481-01A-11D-2023-01	8	2257735	3984507	2121	0.0434
TCGA-HT-7481-01A-11D-2023-01	8	3984697	3989724	12	-0.5433
TCGA-HT-7481-01A-11D-2023-01	8	3990061	3990713	10	0.0646
TCGA-HT-7481-01A-11D-2023-01	8	3990871	3990886	2	-2.48
TCGA-HT-7481-01A-11D-2023-01	8	3990969	6827115	3928	0.0534
TCGA-HT-7481-01A-11D-2023-01	8	6827707	6847072	4	-1.172
TCGA-HT-7481-01A-11D-2023-01	8	6863552	6976336	74	-0.0264
TCGA-HT-7481-01A-11D-2023-01	8	6982527	7030750	12	0.2249
TCGA-HT-7481-01A-11D-2023-01	8	7141477	7225429	32	-0.804
TCGA-HT-7481-01A-11D-2023-01	8	7237790	7781474	112	-0.0929
TCGA-HT-7481-01A-11D-2023-01	8	7783389	7791703	8	-0.6864
TCGA-HT-7481-01A-11D-2023-01	8	7791802	7847316	31	0.0414
TCGA-HT-7481-01A-11D-2023-01	8	7864332	7980592	26	-0.6412
TCGA-HT-7481-01A-11D-2023-01	8	7980818	25028104	13813	0.0281
TCGA-HT-7481-01A-11D-2023-01	8	25030360	25040250	27	-0.8821
TCGA-HT-7481-01A-11D-2023-01	8	25047021	36188396	7332	0.0238
TCGA-HT-7481-01A-11D-2023-01	8	36192105	36196681	5	-0.8279
TCGA-HT-7481-01A-11D-2023-01	8	36197883	39349816	1704	0.0342
TCGA-HT-7481-01A-11D-2023-01	8	39354760	39506122	59	-2.7623
TCGA-HT-7481-01A-11D-2023-01	8	39507456	82151576	24005	0.0149
TCGA-HT-7481-01A-11D-2023-01	8	82154253	82156334	5	-1.1915
TCGA-HT-7481-01A-11D-2023-01	8	82158147	112363846	18052	0.0185
TCGA-HT-7481-01A-11D-2023-01	8	112364214	112364421	4	-2.4221
TCGA-HT-7481-01A-11D-2023-01	8	112364436	115701219	1827	0.0159
TCGA-HT-7481-01A-11D-2023-01	8	115703663	115710745	32	-0.4713
TCGA-HT-7481-01A-11D-2023-01	8	115710761	137962652	16098	0.0242
TCGA-HT-7481-01A-11D-2023-01	8	137963682	137963696	2	-1.4743
TCGA-HT-7481-01A-11D-2023-01	8	137969915	140671798	2315	0.0075
TCGA-HT-7481-01A-11D-2023-01	8	140672684	140674384	6	0.6827
TCGA-HT-7481-01A-11D-2023-01	8	140674897	144776300	2148	0.0354
TCGA-HT-7481-01A-11D-2023-01	8	144776340	144778951	8	-1.6974
TCGA-HT-7481-01A-11D-2023-01	8	144790132	146268959	506	0.0548
TCGA-HT-7481-01A-11D-2023-01	9	36587	7991166	7744	0.0335
TCGA-HT-7481-01A-11D-2023-01	9	7999205	8007065	11	-0.8807
TCGA-HT-7481-01A-11D-2023-01	9	8010572	23351805	12714	0.0261
TCGA-HT-7481-01A-11D-2023-01	9	23353115	23363484	8	1.2172
TCGA-HT-7481-01A-11D-2023-01	9	23368488	40466154	10821	0.027
TCGA-HT-7481-01A-11D-2023-01	9	40498680	40582906	13	-0.6287
TCGA-HT-7481-01A-11D-2023-01	9	40601923	43177963	78	0.1302
TCGA-HT-7481-01A-11D-2023-01	9	43255666	43451851	6	-1.3474
TCGA-HT-7481-01A-11D-2023-01	9	43458988	43575109	10	-0.2223
TCGA-HT-7481-01A-11D-2023-01	9	43590208	43740182	25	-1.7638
TCGA-HT-7481-01A-11D-2023-01	9	44054868	44190849	31	0.1264
TCGA-HT-7481-01A-11D-2023-01	9	44191224	44213237	10	1.0415
TCGA-HT-7481-01A-11D-2023-01	9	44325975	44344908	4	-0.2131
TCGA-HT-7481-01A-11D-2023-01	9	44364447	44569219	4	-1.6671
TCGA-HT-7481-01A-11D-2023-01	9	44667855	67673801	190	0.1774
TCGA-HT-7481-01A-11D-2023-01	9	67675871	67675877	4	2.442
TCGA-HT-7481-01A-11D-2023-01	9	67675879	140211215	48276	0.0275
TCGA-HT-7481-01A-11D-2023-01	X	108477	62352623	33788	0.005
TCGA-HT-7481-01A-11D-2023-01	X	62358484	62422551	25	0.8501
TCGA-HT-7481-01A-11D-2023-01	X	62422593	76270041	6291	0.0222
TCGA-HT-7481-01A-11D-2023-01	X	76278683	76295047	2	2.8952
TCGA-HT-7481-01A-11D-2023-01	X	76295049	102406538	13848	0.0102
TCGA-HT-7481-01A-11D-2023-01	X	102410616	102410699	2	-4.7909
TCGA-HT-7481-01A-11D-2023-01	X	102410863	105301384	1541	-0.0044
TCGA-HT-7481-01A-11D-2023-01	X	105301785	105309255	3	-2.9731
TCGA-HT-7481-01A-11D-2023-01	X	105309666	154835548	29043	0.0044
TCGA-HT-7481-01A-11D-2023-01	Y	2710438	57427647	8590	-0.9417
