barcode	chromosome	start	stop	num.mark	seg.mean
TCGA-E1-5311-01A-01D-1466-01	1	51598	554484	32	0.0425
TCGA-E1-5311-01A-01D-1466-01	1	593453	2446063	463	-0.4244
TCGA-E1-5311-01A-01D-1466-01	1	2448479	2458260	11	0.2686
TCGA-E1-5311-01A-01D-1466-01	1	2463118	12573877	5891	-0.5429
TCGA-E1-5311-01A-01D-1466-01	1	12574060	12575448	2	-7.4436
TCGA-E1-5311-01A-01D-1466-01	1	12575786	12585891	3	-2.6707
TCGA-E1-5311-01A-01D-1466-01	1	12590847	12782000	130	-0.6324
TCGA-E1-5311-01A-01D-1466-01	1	12784828	12795972	19	0.1116
TCGA-E1-5311-01A-01D-1466-01	1	12799644	16015547	1851	-0.5494
TCGA-E1-5311-01A-01D-1466-01	1	16019619	16027597	21	0.0432
TCGA-E1-5311-01A-01D-1466-01	1	16038248	16885372	356	-0.5066
TCGA-E1-5311-01A-01D-1466-01	1	16888764	16889665	5	0.7342
TCGA-E1-5311-01A-01D-1466-01	1	16890117	25455928	5373	-0.545
TCGA-E1-5311-01A-01D-1466-01	1	25465715	25484039	14	-1.5368
TCGA-E1-5311-01A-01D-1466-01	1	25488883	34875241	4985	-0.5435
TCGA-E1-5311-01A-01D-1466-01	1	34875257	34875623	5	-2.3882
TCGA-E1-5311-01A-01D-1466-01	1	34875729	34876414	5	0.0083
TCGA-E1-5311-01A-01D-1466-01	1	34876451	34886855	10	-2.1606
TCGA-E1-5311-01A-01D-1466-01	1	34888129	41831328	3793	-0.5407
TCGA-E1-5311-01A-01D-1466-01	1	41831742	41832378	2	-2.4121
TCGA-E1-5311-01A-01D-1466-01	1	41832409	72522941	19980	-0.5934
TCGA-E1-5311-01A-01D-1466-01	1	72528701	72535958	9	-2.1554
TCGA-E1-5311-01A-01D-1466-01	1	72541006	72583736	48	0.4803
TCGA-E1-5311-01A-01D-1466-01	1	72584492	79980472	4647	-0.6238
TCGA-E1-5311-01A-01D-1466-01	1	79983298	79991162	4	0.6592
TCGA-E1-5311-01A-01D-1466-01	1	79991287	103965310	15444	-0.6178
TCGA-E1-5311-01A-01D-1466-01	1	103979561	104104926	26	-1.3238
TCGA-E1-5311-01A-01D-1466-01	1	104105024	105822742	926	-0.6105
TCGA-E1-5311-01A-01D-1466-01	1	105822904	105823898	10	-1.7498
TCGA-E1-5311-01A-01D-1466-01	1	105825578	110025950	2659	-0.5998
TCGA-E1-5311-01A-01D-1466-01	1	110027165	110041701	30	0.2745
TCGA-E1-5311-01A-01D-1466-01	1	110044476	112491849	1954	-0.5968
TCGA-E1-5311-01A-01D-1466-01	1	112497488	112497831	5	-2.4862
TCGA-E1-5311-01A-01D-1466-01	1	112497996	114633488	1348	-0.5777
TCGA-E1-5311-01A-01D-1466-01	1	114635149	114635233	2	-2.4456
TCGA-E1-5311-01A-01D-1466-01	1	114635325	119910783	3399	-0.6081
TCGA-E1-5311-01A-01D-1466-01	1	119911597	119912034	3	-2.0112
TCGA-E1-5311-01A-01D-1466-01	1	119913142	119927527	30	-0.1519
TCGA-E1-5311-01A-01D-1466-01	1	119927900	120462761	315	-0.5554
TCGA-E1-5311-01A-01D-1466-01	1	120463790	120660279	21	-0.0866
TCGA-E1-5311-01A-01D-1466-01	1	120669902	121057404	87	-0.536
TCGA-E1-5311-01A-01D-1466-01	1	121137742	144103118	283	-0.1295
TCGA-E1-5311-01A-01D-1466-01	1	144103881	150822330	2578	0.1252
TCGA-E1-5311-01A-01D-1466-01	1	150822391	150853218	34	1.5532
TCGA-E1-5311-01A-01D-1466-01	1	150857118	156632239	3355	0.122
TCGA-E1-5311-01A-01D-1466-01	1	156632321	156634933	5	-1.0255
TCGA-E1-5311-01A-01D-1466-01	1	156635261	158818536	1594	0.1039
TCGA-E1-5311-01A-01D-1466-01	1	158819200	158823528	4	-0.6021
TCGA-E1-5311-01A-01D-1466-01	1	158835230	159775415	529	0.1057
TCGA-E1-5311-01A-01D-1466-01	1	159775499	159895925	38	0.4558
TCGA-E1-5311-01A-01D-1466-01	1	159896566	166031459	4912	0.0924
TCGA-E1-5311-01A-01D-1466-01	1	166032807	166033543	4	-0.7851
TCGA-E1-5311-01A-01D-1466-01	1	166035137	177597151	7745	0.09
TCGA-E1-5311-01A-01D-1466-01	1	177598005	177599938	3	-1.2422
TCGA-E1-5311-01A-01D-1466-01	1	177605829	192714857	10129	0.0815
TCGA-E1-5311-01A-01D-1466-01	1	192718034	192721641	2	1.4193
TCGA-E1-5311-01A-01D-1466-01	1	192723639	194981496	1454	0.0819
TCGA-E1-5311-01A-01D-1466-01	1	194994473	195015840	27	-1.8291
TCGA-E1-5311-01A-01D-1466-01	1	195016444	195082414	69	-0.9563
TCGA-E1-5311-01A-01D-1466-01	1	195083353	216246214	14506	0.0881
TCGA-E1-5311-01A-01D-1466-01	1	216246989	216248880	6	-0.7981
TCGA-E1-5311-01A-01D-1466-01	1	216260138	229900341	8836	0.0972
TCGA-E1-5311-01A-01D-1466-01	1	229901524	229954120	41	-0.825
TCGA-E1-5311-01A-01D-1466-01	1	229959795	247191011	12577	0.0968
TCGA-E1-5311-01A-01D-1466-01	10	62759	2929876	2332	-0.1585
TCGA-E1-5311-01A-01D-1466-01	10	2930561	2950317	14	0.3389
TCGA-E1-5311-01A-01D-1466-01	10	2951101	6438984	3063	-0.1708
TCGA-E1-5311-01A-01D-1466-01	10	6438985	6451472	21	0.2446
TCGA-E1-5311-01A-01D-1466-01	10	6451487	13089891	5514	-0.1703
TCGA-E1-5311-01A-01D-1466-01	10	13090011	13090616	7	0.5058
TCGA-E1-5311-01A-01D-1466-01	10	13093692	17967560	3942	-0.1638
TCGA-E1-5311-01A-01D-1466-01	10	17978214	17989863	2	-2.1355
TCGA-E1-5311-01A-01D-1466-01	10	18011822	31286516	9421	-0.176
TCGA-E1-5311-01A-01D-1466-01	10	31291340	31291732	9	-1.8248
TCGA-E1-5311-01A-01D-1466-01	10	31291744	45535437	7258	-0.1714
TCGA-E1-5311-01A-01D-1466-01	10	45535772	46475717	100	0.2611
TCGA-E1-5311-01A-01D-1466-01	10	46478798	46479827	22	0.7206
TCGA-E1-5311-01A-01D-1466-01	10	46482317	46684870	66	0.2313
TCGA-E1-5311-01A-01D-1466-01	10	46737642	46821347	5	0.9432
TCGA-E1-5311-01A-01D-1466-01	10	46834287	47241036	193	-0.1526
TCGA-E1-5311-01A-01D-1466-01	10	47417400	47468066	4	0.9411
TCGA-E1-5311-01A-01D-1466-01	10	47480482	48665901	304	-0.1428
TCGA-E1-5311-01A-01D-1466-01	10	48702225	49003683	16	0.6063
TCGA-E1-5311-01A-01D-1466-01	10	49003796	51444005	1421	-0.1699
TCGA-E1-5311-01A-01D-1466-01	10	51449455	51449753	2	1.2218
TCGA-E1-5311-01A-01D-1466-01	10	51450053	51492405	23	-0.0113
TCGA-E1-5311-01A-01D-1466-01	10	51500366	51561926	5	-2.3151
TCGA-E1-5311-01A-01D-1466-01	10	51573774	51640636	4	0.7631
TCGA-E1-5311-01A-01D-1466-01	10	51651977	61034121	6991	-0.1847
TCGA-E1-5311-01A-01D-1466-01	10	61034136	61035270	7	-0.9544
TCGA-E1-5311-01A-01D-1466-01	10	61035488	61036311	6	0.7572
TCGA-E1-5311-01A-01D-1466-01	10	61036350	66976085	4020	-0.1916
TCGA-E1-5311-01A-01D-1466-01	10	66976164	66992801	31	0.1791
TCGA-E1-5311-01A-01D-1466-01	10	66992932	81017819	9249	-0.1655
TCGA-E1-5311-01A-01D-1466-01	10	81022774	81586849	42	0.1452
TCGA-E1-5311-01A-01D-1466-01	10	81587033	111773880	19900	-0.168
TCGA-E1-5311-01A-01D-1466-01	10	111775510	111787971	8	-0.9716
TCGA-E1-5311-01A-01D-1466-01	10	111788371	129778717	13227	-0.1746
TCGA-E1-5311-01A-01D-1466-01	10	129782254	129783120	2	-1.5343
TCGA-E1-5311-01A-01D-1466-01	10	129784024	135079131	3753	-0.1518
TCGA-E1-5311-01A-01D-1466-01	10	135079709	135079858	2	-1.5704
TCGA-E1-5311-01A-01D-1466-01	10	135082644	135356694	151	-0.1705
TCGA-E1-5311-01A-01D-1466-01	11	188510	4232709	1806	0.1232
TCGA-E1-5311-01A-01D-1466-01	11	4252332	4292643	13	0.6995
TCGA-E1-5311-01A-01D-1466-01	11	4293105	4923972	659	0.0967
TCGA-E1-5311-01A-01D-1466-01	11	4924226	4933454	42	0.7285
TCGA-E1-5311-01A-01D-1466-01	11	4933468	5744668	789	0.095
TCGA-E1-5311-01A-01D-1466-01	11	5746177	5766037	32	-0.436
TCGA-E1-5311-01A-01D-1466-01	11	5768936	16593899	7889	0.0996
TCGA-E1-5311-01A-01D-1466-01	11	16594038	16594618	5	-0.9403
TCGA-E1-5311-01A-01D-1466-01	11	16602664	18572749	1296	0.095
TCGA-E1-5311-01A-01D-1466-01	11	18573648	18575002	4	0.8156
TCGA-E1-5311-01A-01D-1466-01	11	18576623	21803385	2886	0.091
TCGA-E1-5311-01A-01D-1466-01	11	21803470	21805256	5	-0.7973
TCGA-E1-5311-01A-01D-1466-01	11	21805328	22426056	382	0.0705
TCGA-E1-5311-01A-01D-1466-01	11	22428177	22428911	3	-1.1863
TCGA-E1-5311-01A-01D-1466-01	11	22429334	36247836	9842	0.08
TCGA-E1-5311-01A-01D-1466-01	11	36247978	36249395	3	1.094
TCGA-E1-5311-01A-01D-1466-01	11	36249893	36920856	503	0.0873
TCGA-E1-5311-01A-01D-1466-01	11	36923836	36924274	2	-1.4515
TCGA-E1-5311-01A-01D-1466-01	11	36925579	55132856	8523	0.0901
TCGA-E1-5311-01A-01D-1466-01	11	55133074	55198894	40	-1.4865
TCGA-E1-5311-01A-01D-1466-01	11	55200787	55201870	4	0.3025
TCGA-E1-5311-01A-01D-1466-01	11	55202521	55209585	7	-1.4944
TCGA-E1-5311-01A-01D-1466-01	11	55210152	84219622	16609	0.0988
TCGA-E1-5311-01A-01D-1466-01	11	84224039	84250095	38	-0.824
TCGA-E1-5311-01A-01D-1466-01	11	84251688	134449982	35810	0.0874
TCGA-E1-5311-01A-01D-1466-01	12	20703	9521823	6208	0.1134
TCGA-E1-5311-01A-01D-1466-01	12	9525137	9626237	26	1.0669
TCGA-E1-5311-01A-01D-1466-01	12	9626953	11110690	1042	0.0871
TCGA-E1-5311-01A-01D-1466-01	12	11111991	11132799	12	0.8327
TCGA-E1-5311-01A-01D-1466-01	12	11143141	31797939	14576	0.0839
TCGA-E1-5311-01A-01D-1466-01	12	31798541	31801175	4	-1.0841
TCGA-E1-5311-01A-01D-1466-01	12	31808487	33185927	1017	0.0853
TCGA-E1-5311-01A-01D-1466-01	12	33192673	33198641	27	-2.6777
TCGA-E1-5311-01A-01D-1466-01	12	33199627	33580946	247	0.0691
TCGA-E1-5311-01A-01D-1466-01	12	33581116	33615237	30	0.4253
TCGA-E1-5311-01A-01D-1466-01	12	33615505	34588574	489	0.1163
TCGA-E1-5311-01A-01D-1466-01	12	34588670	34667653	27	0.449
TCGA-E1-5311-01A-01D-1466-01	12	34673202	44186092	4838	0.0926
TCGA-E1-5311-01A-01D-1466-01	12	44190705	44207466	8	0.7982
TCGA-E1-5311-01A-01D-1466-01	12	44212022	103218883	36906	0.0807
TCGA-E1-5311-01A-01D-1466-01	12	103221232	103221444	2	-1.8654
TCGA-E1-5311-01A-01D-1466-01	12	103222333	106733704	2567	0.0923
TCGA-E1-5311-01A-01D-1466-01	12	106737140	106737613	2	1.4301
TCGA-E1-5311-01A-01D-1466-01	12	106745044	130314492	16147	0.1087
TCGA-E1-5311-01A-01D-1466-01	12	130315391	130388673	53	0.383
TCGA-E1-5311-01A-01D-1466-01	12	130390374	130461903	60	0.0653
TCGA-E1-5311-01A-01D-1466-01	12	130462130	130466076	8	0.7135
TCGA-E1-5311-01A-01D-1466-01	12	130468902	130583304	136	0.0428
TCGA-E1-5311-01A-01D-1466-01	12	130583452	130588845	6	0.8793
TCGA-E1-5311-01A-01D-1466-01	12	130589081	130686668	96	0.1394
TCGA-E1-5311-01A-01D-1466-01	12	130698537	130699288	13	-1.2748
TCGA-E1-5311-01A-01D-1466-01	12	130708284	132288262	572	0.1529
TCGA-E1-5311-01A-01D-1466-01	13	17924949	22523808	2890	0.0933
TCGA-E1-5311-01A-01D-1466-01	13	22524037	22537900	28	0.4354
TCGA-E1-5311-01A-01D-1466-01	13	22538863	36965575	10650	0.0806
TCGA-E1-5311-01A-01D-1466-01	13	36968044	36986387	22	0.6376
TCGA-E1-5311-01A-01D-1466-01	13	36986609	37950811	698	0.0595
TCGA-E1-5311-01A-01D-1466-01	13	37955572	37956056	2	-1.4019
TCGA-E1-5311-01A-01D-1466-01	13	37963057	51992800	9215	0.0865
TCGA-E1-5311-01A-01D-1466-01	13	51995985	52003786	3	-1.3845
TCGA-E1-5311-01A-01D-1466-01	13	52015880	71374989	11668	0.0778
TCGA-E1-5311-01A-01D-1466-01	13	71375556	71378557	4	-1.233
TCGA-E1-5311-01A-01D-1466-01	13	71378606	114126499	29158	0.0754
TCGA-E1-5311-01A-01D-1466-01	14	18072124	18487203	28	0.1131
TCGA-E1-5311-01A-01D-1466-01	14	18492533	19492423	161	0.5139
TCGA-E1-5311-01A-01D-1466-01	14	19493212	69087800	31530	0.0912
TCGA-E1-5311-01A-01D-1466-01	14	69088121	69092220	8	-0.8609
TCGA-E1-5311-01A-01D-1466-01	14	69092466	73070876	2628	0.1017
TCGA-E1-5311-01A-01D-1466-01	14	73076460	73090732	8	-1.3197
TCGA-E1-5311-01A-01D-1466-01	14	73099653	90324471	11379	0.0931
TCGA-E1-5311-01A-01D-1466-01	14	90327528	90332912	6	0.8943
TCGA-E1-5311-01A-01D-1466-01	14	90334473	105945406	9598	0.1118
TCGA-E1-5311-01A-01D-1466-01	14	105950876	105985645	45	0.4777
TCGA-E1-5311-01A-01D-1466-01	14	105985696	106356482	230	0.1002
TCGA-E1-5311-01A-01D-1466-01	15	18276341	18672492	65	-0.2723
TCGA-E1-5311-01A-01D-1466-01	15	18676251	18838435	33	-0.8828
TCGA-E1-5311-01A-01D-1466-01	15	18841465	18841578	7	0.367
TCGA-E1-5311-01A-01D-1466-01	15	18846002	20088838	315	-0.7676
TCGA-E1-5311-01A-01D-1466-01	15	20224763	51572445	19125	-0.471
TCGA-E1-5311-01A-01D-1466-01	15	51572486	51572571	3	-1.9954
TCGA-E1-5311-01A-01D-1466-01	15	51577539	74678566	14818	-0.4599
TCGA-E1-5311-01A-01D-1466-01	15	74678682	74682253	12	-1.9796
TCGA-E1-5311-01A-01D-1466-01	15	74682399	80482757	3664	-0.4581
TCGA-E1-5311-01A-01D-1466-01	15	80692083	80905894	12	-1.0808
TCGA-E1-5311-01A-01D-1466-01	15	80966604	82333889	767	-0.4562
TCGA-E1-5311-01A-01D-1466-01	15	82334254	82334554	4	-1.6037
TCGA-E1-5311-01A-01D-1466-01	15	82338281	100286563	13245	-0.47
TCGA-E1-5311-01A-01D-1466-01	16	777	16285163	11794	0.1288
TCGA-E1-5311-01A-01D-1466-01	16	16420592	16421139	3	-1.2655
TCGA-E1-5311-01A-01D-1466-01	16	16437092	22338871	3062	0.1386
TCGA-E1-5311-01A-01D-1466-01	16	22349475	22627690	81	0.4569
TCGA-E1-5311-01A-01D-1466-01	16	22627867	30398355	4531	0.1306
TCGA-E1-5311-01A-01D-1466-01	16	30402997	30439531	12	0.6966
TCGA-E1-5311-01A-01D-1466-01	16	30441301	32021190	623	0.1299
TCGA-E1-5311-01A-01D-1466-01	16	32021193	32496123	71	-0.2458
TCGA-E1-5311-01A-01D-1466-01	16	32496402	32496407	4	-3.8104
TCGA-E1-5311-01A-01D-1466-01	16	32496410	33456316	132	-0.0757
TCGA-E1-5311-01A-01D-1466-01	16	33457501	33539331	35	-0.5361
TCGA-E1-5311-01A-01D-1466-01	16	33550900	54355723	6995	0.1116
TCGA-E1-5311-01A-01D-1466-01	16	54356263	54356280	2	2.7399
TCGA-E1-5311-01A-01D-1466-01	16	54361849	54387091	17	0.5862
TCGA-E1-5311-01A-01D-1466-01	16	54399855	88815036	25177	0.1164
TCGA-E1-5311-01A-01D-1466-01	17	526	55661	27	0.3183
TCGA-E1-5311-01A-01D-1466-01	17	59064	59143	2	-1.2578
TCGA-E1-5311-01A-01D-1466-01	17	59164	18260587	11417	0.132
TCGA-E1-5311-01A-01D-1466-01	17	18296117	18405946	29	0.7303
TCGA-E1-5311-01A-01D-1466-01	17	18409922	36675234	9506	0.1303
TCGA-E1-5311-01A-01D-1466-01	17	36676540	36684057	24	-0.6465
TCGA-E1-5311-01A-01D-1466-01	17	36686250	41513306	2505	0.1406
TCGA-E1-5311-01A-01D-1466-01	17	41513416	41719947	131	0.4818
TCGA-E1-5311-01A-01D-1466-01	17	41750187	53042488	7064	0.1057
TCGA-E1-5311-01A-01D-1466-01	17	53043332	53043992	2	1.3049
TCGA-E1-5311-01A-01D-1466-01	17	53046992	62474597	5035	0.1252
TCGA-E1-5311-01A-01D-1466-01	17	62480780	62481642	4	1.0224
TCGA-E1-5311-01A-01D-1466-01	17	62482015	76218796	8586	0.1251
TCGA-E1-5311-01A-01D-1466-01	17	76219409	76229956	14	0.7062
TCGA-E1-5311-01A-01D-1466-01	17	76230131	78643088	974	0.151
TCGA-E1-5311-01A-01D-1466-01	18	1543	11995278	8795	0.1013
TCGA-E1-5311-01A-01D-1466-01	18	11995765	11996035	4	1.0145
TCGA-E1-5311-01A-01D-1466-01	18	11996059	38305676	15286	0.079
TCGA-E1-5311-01A-01D-1466-01	18	38310567	38311453	23	0.4351
TCGA-E1-5311-01A-01D-1466-01	18	38311469	49778199	7908	0.0841
TCGA-E1-5311-01A-01D-1466-01	18	49778840	49779150	3	-1.9597
TCGA-E1-5311-01A-01D-1466-01	18	49782366	76116029	18823	0.0907
TCGA-E1-5311-01A-01D-1466-01	19	41910	65299	3	-0.6554
TCGA-E1-5311-01A-01D-1466-01	19	183496	5457659	1597	0.1465
TCGA-E1-5311-01A-01D-1466-01	19	5461239	5461580	2	-1.4559
TCGA-E1-5311-01A-01D-1466-01	19	5461653	32453978	9670	0.1316
TCGA-E1-5311-01A-01D-1466-01	19	32457828	40541162	5558	-0.5658
TCGA-E1-5311-01A-01D-1466-01	19	40541333	40548543	11	-1.3114
TCGA-E1-5311-01A-01D-1466-01	19	40548947	46052012	2809	-0.506
TCGA-E1-5311-01A-01D-1466-01	19	46052210	46060839	14	-2.0852
TCGA-E1-5311-01A-01D-1466-01	19	46061245	47380849	672	-0.5573
TCGA-E1-5311-01A-01D-1466-01	19	47387855	47388538	2	-2.6485
TCGA-E1-5311-01A-01D-1466-01	19	47392368	63789666	9009	-0.5211
TCGA-E1-5311-01A-01D-1466-01	2	2784	52591516	37216	0.0804
TCGA-E1-5311-01A-01D-1466-01	2	52591554	52635046	47	0.6887
TCGA-E1-5311-01A-01D-1466-01	2	52641453	87600504	22198	0.0798
TCGA-E1-5311-01A-01D-1466-01	2	87600933	87627372	9	-0.7119
TCGA-E1-5311-01A-01D-1466-01	2	87630286	106241154	7486	0.0826
TCGA-E1-5311-01A-01D-1466-01	2	106246527	106253840	14	0.664
TCGA-E1-5311-01A-01D-1466-01	2	106254302	129354948	13463	0.0797
TCGA-E1-5311-01A-01D-1466-01	2	129354972	129356785	14	-0.5735
TCGA-E1-5311-01A-01D-1466-01	2	129356799	179769900	30818	0.0681
TCGA-E1-5311-01A-01D-1466-01	2	179775437	179787389	3	-1.8767
TCGA-E1-5311-01A-01D-1466-01	2	179791836	242738129	38875	0.0719
TCGA-E1-5311-01A-01D-1466-01	20	9305	9690	11	0.7141
TCGA-E1-5311-01A-01D-1466-01	20	9795	1538455	1233	0.1322
TCGA-E1-5311-01A-01D-1466-01	20	1538534	1541893	3	-1.07
TCGA-E1-5311-01A-01D-1466-01	20	1545946	62426597	41268	0.0962
TCGA-E1-5311-01A-01D-1466-01	21	9758742	10021630	67	-0.3528
TCGA-E1-5311-01A-01D-1466-01	21	10021665	46921385	24354	0.0967
TCGA-E1-5311-01A-01D-1466-01	22	14432528	18364013	1957	0.1679
TCGA-E1-5311-01A-01D-1466-01	22	18364200	18368284	6	-0.601
TCGA-E1-5311-01A-01D-1466-01	22	18368938	19872615	890	0.207
TCGA-E1-5311-01A-01D-1466-01	22	19897231	19937084	5	-0.8206
TCGA-E1-5311-01A-01D-1466-01	22	19941349	23411338	2138	0.1595
TCGA-E1-5311-01A-01D-1466-01	22	23412115	23412534	3	-1.1342
TCGA-E1-5311-01A-01D-1466-01	22	23417674	32504947	6921	0.1284
TCGA-E1-5311-01A-01D-1466-01	22	32504962	32504973	2	-1.0776
TCGA-E1-5311-01A-01D-1466-01	22	32504985	37620866	3555	0.1457
TCGA-E1-5311-01A-01D-1466-01	22	37625201	37626850	3	-2.2922
TCGA-E1-5311-01A-01D-1466-01	22	37629060	37693565	39	0.1022
TCGA-E1-5311-01A-01D-1466-01	22	37693630	37705253	23	-1.6533
TCGA-E1-5311-01A-01D-1466-01	22	37719574	49581321	8029	0.1453
TCGA-E1-5311-01A-01D-1466-01	3	35345	68828974	47884	0.0879
TCGA-E1-5311-01A-01D-1466-01	3	68829136	68831947	21	0.6439
TCGA-E1-5311-01A-01D-1466-01	3	68832041	75651239	4932	0.0833
TCGA-E1-5311-01A-01D-1466-01	3	75655239	75669495	6	-1.6527
TCGA-E1-5311-01A-01D-1466-01	3	75677871	89469791	7726	0.0746
TCGA-E1-5311-01A-01D-1466-01	3	89477282	89508504	56	-0.5841
TCGA-E1-5311-01A-01D-1466-01	3	89508571	96938796	1381	0.0766
TCGA-E1-5311-01A-01D-1466-01	3	96949570	96950800	2	-2.748
TCGA-E1-5311-01A-01D-1466-01	3	96951370	100427148	1858	0.0803
TCGA-E1-5311-01A-01D-1466-01	3	100427166	100433654	38	-0.3802
TCGA-E1-5311-01A-01D-1466-01	3	100434073	129877195	18117	0.0802
TCGA-E1-5311-01A-01D-1466-01	3	129878180	129896851	11	0.8248
TCGA-E1-5311-01A-01D-1466-01	3	129903856	133472037	2120	0.0793
TCGA-E1-5311-01A-01D-1466-01	3	133475427	133475926	3	-1.65
TCGA-E1-5311-01A-01D-1466-01	3	133478374	150445666	10477	0.08
TCGA-E1-5311-01A-01D-1466-01	3	150446085	150450811	25	-0.709
TCGA-E1-5311-01A-01D-1466-01	3	150453770	159832812	5739	0.0723
TCGA-E1-5311-01A-01D-1466-01	3	159833578	159834239	2	-2.1713
TCGA-E1-5311-01A-01D-1466-01	3	159841566	163620294	2337	0.0734
TCGA-E1-5311-01A-01D-1466-01	3	163620347	163625399	13	-0.8557
TCGA-E1-5311-01A-01D-1466-01	3	163626942	163706169	78	-0.0044
TCGA-E1-5311-01A-01D-1466-01	3	163706469	163719822	17	0.5249
TCGA-E1-5311-01A-01D-1466-01	3	163719984	194356398	19435	0.0779
TCGA-E1-5311-01A-01D-1466-01	3	194356501	194361700	9	0.7573
TCGA-E1-5311-01A-01D-1466-01	3	194363167	196875861	1502	0.0828
TCGA-E1-5311-01A-01D-1466-01	3	196884256	196964365	46	-0.3083
TCGA-E1-5311-01A-01D-1466-01	3	196964532	198825243	924	0.1331
TCGA-E1-5311-01A-01D-1466-01	3	198832985	198838385	2	-1.6374
TCGA-E1-5311-01A-01D-1466-01	3	198870678	199322975	227	0.1293
TCGA-E1-5311-01A-01D-1466-01	3	199329613	199380515	20	-0.2298
TCGA-E1-5311-01A-01D-1466-01	4	2281	9819488	5807	-0.1558
TCGA-E1-5311-01A-01D-1466-01	4	9832514	9844366	35	0.8458
TCGA-E1-5311-01A-01D-1466-01	4	9845240	9999813	171	-0.1907
TCGA-E1-5311-01A-01D-1466-01	4	10001452	10009766	16	-0.7357
TCGA-E1-5311-01A-01D-1466-01	4	10011816	34455449	16811	-0.1984
TCGA-E1-5311-01A-01D-1466-01	4	34462895	34501120	38	0.4053
TCGA-E1-5311-01A-01D-1466-01	4	34506267	48849526	8983	-0.1967
TCGA-E1-5311-01A-01D-1466-01	4	48856515	49351352	31	0.1527
TCGA-E1-5311-01A-01D-1466-01	4	49352980	64390200	7608	-0.1988
TCGA-E1-5311-01A-01D-1466-01	4	64390349	64390853	6	-1.2657
TCGA-E1-5311-01A-01D-1466-01	4	64399026	68535041	2645	-0.209
TCGA-E1-5311-01A-01D-1466-01	4	68535092	68560117	12	-1.185
TCGA-E1-5311-01A-01D-1466-01	4	68560171	70178395	628	-0.2475
TCGA-E1-5311-01A-01D-1466-01	4	70183466	70266388	40	-0.7334
TCGA-E1-5311-01A-01D-1466-01	4	70266611	70424305	112	-0.2125
TCGA-E1-5311-01A-01D-1466-01	4	70424450	70425368	2	-2.4417
TCGA-E1-5311-01A-01D-1466-01	4	70426477	77508810	4159	-0.1975
TCGA-E1-5311-01A-01D-1466-01	4	77511100	77511390	4	-1.8297
TCGA-E1-5311-01A-01D-1466-01	4	77511825	87193539	6178	-0.2039
TCGA-E1-5311-01A-01D-1466-01	4	87194086	87209715	28	-0.5791
TCGA-E1-5311-01A-01D-1466-01	4	87210505	115393149	16893	-0.2034
TCGA-E1-5311-01A-01D-1466-01	4	115394772	115398376	8	0.9143
TCGA-E1-5311-01A-01D-1466-01	4	115398416	115398990	9	0.261
TCGA-E1-5311-01A-01D-1466-01	4	115399087	115401624	6	0.7408
TCGA-E1-5311-01A-01D-1466-01	4	115403678	138311689	13264	-0.2048
TCGA-E1-5311-01A-01D-1466-01	4	138311870	138312514	12	-2.2864
TCGA-E1-5311-01A-01D-1466-01	4	138312851	191261904	34033	-0.1978
TCGA-E1-5311-01A-01D-1466-01	5	68532	770909	315	0.162
TCGA-E1-5311-01A-01D-1466-01	5	775205	832860	23	0.7589
TCGA-E1-5311-01A-01D-1466-01	5	832881	872932	19	0.361
TCGA-E1-5311-01A-01D-1466-01	5	873036	46282412	30467	0.0802
TCGA-E1-5311-01A-01D-1466-01	5	46282417	49555769	42	0.4258
TCGA-E1-5311-01A-01D-1466-01	5	49556670	49740771	69	0.0725
TCGA-E1-5311-01A-01D-1466-01	5	49742547	49744215	3	-0.9591
TCGA-E1-5311-01A-01D-1466-01	5	49746012	52440276	1616	0.0735
TCGA-E1-5311-01A-01D-1466-01	5	52441039	52445196	2	-1.4093
TCGA-E1-5311-01A-01D-1466-01	5	52447542	57357403	3363	0.083
TCGA-E1-5311-01A-01D-1466-01	5	57361784	57369272	31	1.7533
TCGA-E1-5311-01A-01D-1466-01	5	57369290	68865103	7307	0.0802
TCGA-E1-5311-01A-01D-1466-01	5	68882059	69269200	8	1.0949
TCGA-E1-5311-01A-01D-1466-01	5	69349429	70342415	11	0.3213
TCGA-E1-5311-01A-01D-1466-01	5	70342484	70343300	4	-0.2988
TCGA-E1-5311-01A-01D-1466-01	5	70384949	70427009	3	1.1956
TCGA-E1-5311-01A-01D-1466-01	5	70689828	98864471	16633	0.0753
TCGA-E1-5311-01A-01D-1466-01	5	98867773	98868525	2	-1.346
TCGA-E1-5311-01A-01D-1466-01	5	98872236	98950798	33	0.1083
TCGA-E1-5311-01A-01D-1466-01	5	98951821	98954390	3	1.2545
TCGA-E1-5311-01A-01D-1466-01	5	98957618	109417965	6432	0.0658
TCGA-E1-5311-01A-01D-1466-01	5	109418039	109419129	8	0.7004
TCGA-E1-5311-01A-01D-1466-01	5	109419193	151494293	27262	0.0782
TCGA-E1-5311-01A-01D-1466-01	5	151494364	151496084	9	-0.5451
TCGA-E1-5311-01A-01D-1466-01	5	151496981	177131055	17519	0.0862
TCGA-E1-5311-01A-01D-1466-01	5	177160157	177161185	2	2.2616
TCGA-E1-5311-01A-01D-1466-01	5	177165211	179036332	1086	0.1217
TCGA-E1-5311-01A-01D-1466-01	5	179036656	179037873	11	0.6757
TCGA-E1-5311-01A-01D-1466-01	5	179037934	179743495	420	0.1108
TCGA-E1-5311-01A-01D-1466-01	5	179749219	179754051	7	0.8209
TCGA-E1-5311-01A-01D-1466-01	5	179754188	180307129	291	0.1007
TCGA-E1-5311-01A-01D-1466-01	5	180311316	180365870	21	0.727
TCGA-E1-5311-01A-01D-1466-01	5	180375006	180722926	168	0.1858
TCGA-E1-5311-01A-01D-1466-01	6	94661	202353	102	0.1502
TCGA-E1-5311-01A-01D-1466-01	6	203265	247306	23	-0.5994
TCGA-E1-5311-01A-01D-1466-01	6	248017	5971210	4738	0.1018
TCGA-E1-5311-01A-01D-1466-01	6	5978930	5979435	3	-2.6656
TCGA-E1-5311-01A-01D-1466-01	6	5982044	26840385	15427	0.0854
TCGA-E1-5311-01A-01D-1466-01	6	26845011	26871409	21	0.5506
TCGA-E1-5311-01A-01D-1466-01	6	26872524	29945051	1443	0.1093
TCGA-E1-5311-01A-01D-1466-01	6	29945166	29958359	20	0.401
TCGA-E1-5311-01A-01D-1466-01	6	29979615	30006876	12	-0.5894
TCGA-E1-5311-01A-01D-1466-01	6	30007656	32689816	1220	0.124
TCGA-E1-5311-01A-01D-1466-01	6	32689867	32710085	11	0.8645
TCGA-E1-5311-01A-01D-1466-01	6	32710247	32734596	12	-0.4407
TCGA-E1-5311-01A-01D-1466-01	6	32758590	40472303	4977	0.1149
TCGA-E1-5311-01A-01D-1466-01	6	40473579	40478887	8	-0.8752
TCGA-E1-5311-01A-01D-1466-01	6	40479896	54032924	8761	0.0867
TCGA-E1-5311-01A-01D-1466-01	6	54032935	54039814	12	0.5884
TCGA-E1-5311-01A-01D-1466-01	6	54043307	65767450	4598	0.0763
TCGA-E1-5311-01A-01D-1466-01	6	65768120	65770513	3	-1.4255
TCGA-E1-5311-01A-01D-1466-01	6	65774105	74648586	5925	0.0808
TCGA-E1-5311-01A-01D-1466-01	6	74648953	74660283	11	0.6659
TCGA-E1-5311-01A-01D-1466-01	6	74660333	77071668	1471	0.0742
TCGA-E1-5311-01A-01D-1466-01	6	77073620	77073646	3	-0.9579
TCGA-E1-5311-01A-01D-1466-01	6	77073713	77493251	296	0.05
TCGA-E1-5311-01A-01D-1466-01	6	77496587	77524650	23	-0.2854
TCGA-E1-5311-01A-01D-1466-01	6	77525185	79036097	998	0.0884
TCGA-E1-5311-01A-01D-1466-01	6	79036117	79091893	91	0.4199
TCGA-E1-5311-01A-01D-1466-01	6	79091904	81334706	1434	0.0682
TCGA-E1-5311-01A-01D-1466-01	6	81340908	81346253	33	-0.8291
TCGA-E1-5311-01A-01D-1466-01	6	81351060	157699483	48900	0.0814
TCGA-E1-5311-01A-01D-1466-01	6	157701252	157716064	3	1.4893
TCGA-E1-5311-01A-01D-1466-01	6	157716982	170892930	9442	0.0992
TCGA-E1-5311-01A-01D-1466-01	7	52911	38245133	27447	0.0905
TCGA-E1-5311-01A-01D-1466-01	7	38245408	38328597	117	0.3775
TCGA-E1-5311-01A-01D-1466-01	7	38333037	76333888	19726	0.0912
TCGA-E1-5311-01A-01D-1466-01	7	76334514	76337475	7	-0.6441
TCGA-E1-5311-01A-01D-1466-01	7	76342439	86770701	6851	0.0741
TCGA-E1-5311-01A-01D-1466-01	7	86778739	86784824	3	-1.0805
TCGA-E1-5311-01A-01D-1466-01	7	86786163	97233396	6619	0.0768
TCGA-E1-5311-01A-01D-1466-01	7	97233398	97240411	15	-0.512
TCGA-E1-5311-01A-01D-1466-01	7	97242176	125832159	16713	0.084
TCGA-E1-5311-01A-01D-1466-01	7	125832210	125834112	14	-0.8086
TCGA-E1-5311-01A-01D-1466-01	7	125834113	128765656	1786	0.1029
TCGA-E1-5311-01A-01D-1466-01	7	128769771	128780992	9	-0.9316
TCGA-E1-5311-01A-01D-1466-01	7	128782196	142156294	8642	0.0981
TCGA-E1-5311-01A-01D-1466-01	7	142156339	142165684	27	0.6991
TCGA-E1-5311-01A-01D-1466-01	7	142165914	143504885	839	0.1017
TCGA-E1-5311-01A-01D-1466-01	7	143527185	143697880	44	-0.4692
TCGA-E1-5311-01A-01D-1466-01	7	143705862	156084551	8064	0.0928
TCGA-E1-5311-01A-01D-1466-01	7	156085929	156086940	3	-0.9561
TCGA-E1-5311-01A-01D-1466-01	7	156087669	158819765	1632	0.126
TCGA-E1-5311-01A-01D-1466-01	8	21254	385977	188	0.1451
TCGA-E1-5311-01A-01D-1466-01	8	387209	388710	3	-1.481
TCGA-E1-5311-01A-01D-1466-01	8	389857	583041	136	0.171
TCGA-E1-5311-01A-01D-1466-01	8	584944	585875	8	1.0292
TCGA-E1-5311-01A-01D-1466-01	8	585892	585908	2	3.1986
TCGA-E1-5311-01A-01D-1466-01	8	591043	2067801	1149	0.1002
TCGA-E1-5311-01A-01D-1466-01	8	2067902	2068658	4	-0.9139
TCGA-E1-5311-01A-01D-1466-01	8	2068760	5540439	4543	0.1043
TCGA-E1-5311-01A-01D-1466-01	8	5540475	5540543	3	1.2994
TCGA-E1-5311-01A-01D-1466-01	8	5541016	8091754	2037	0.1362
TCGA-E1-5311-01A-01D-1466-01	8	8092670	8109713	3	-1.3181
TCGA-E1-5311-01A-01D-1466-01	8	8124554	9101848	922	0.105
TCGA-E1-5311-01A-01D-1466-01	8	9101942	9104204	2	1.2429
TCGA-E1-5311-01A-01D-1466-01	8	9104568	25028104	12850	0.0939
TCGA-E1-5311-01A-01D-1466-01	8	25030360	25035872	18	0.5985
TCGA-E1-5311-01A-01D-1466-01	8	25035879	39349816	9049	0.0863
TCGA-E1-5311-01A-01D-1466-01	8	39354760	39506122	59	-1.6769
TCGA-E1-5311-01A-01D-1466-01	8	39507456	104759769	37505	0.0716
TCGA-E1-5311-01A-01D-1466-01	8	104760102	104760116	2	-1.5645
TCGA-E1-5311-01A-01D-1466-01	8	104762861	104914596	77	0.0696
TCGA-E1-5311-01A-01D-1466-01	8	104915385	104918369	2	-1.1249
TCGA-E1-5311-01A-01D-1466-01	8	104919654	142652718	25998	0.0774
TCGA-E1-5311-01A-01D-1466-01	8	142652973	142653053	2	-1.9078
TCGA-E1-5311-01A-01D-1466-01	8	142653490	142665099	7	0.8823
TCGA-E1-5311-01A-01D-1466-01	8	142669421	146105194	1337	0.1739
TCGA-E1-5311-01A-01D-1466-01	8	146106281	146107143	3	0.7022
TCGA-E1-5311-01A-01D-1466-01	8	146110342	146268959	98	0.0771
TCGA-E1-5311-01A-01D-1466-01	9	36587	23351805	20470	0.0908
TCGA-E1-5311-01A-01D-1466-01	9	23353115	23363484	8	-2.0552
TCGA-E1-5311-01A-01D-1466-01	9	23368488	29081097	4346	0.081
TCGA-E1-5311-01A-01D-1466-01	9	29084549	29087680	3	-1.3053
TCGA-E1-5311-01A-01D-1466-01	9	29090799	78260281	12982	0.1011
TCGA-E1-5311-01A-01D-1466-01	9	78265472	78268233	3	-1.9707
TCGA-E1-5311-01A-01D-1466-01	9	78268493	92637794	10366	0.1004
TCGA-E1-5311-01A-01D-1466-01	9	92637826	92669330	42	0.3642
TCGA-E1-5311-01A-01D-1466-01	9	92669610	105606318	8560	0.1034
TCGA-E1-5311-01A-01D-1466-01	9	105608517	105609111	2	-2.5399
TCGA-E1-5311-01A-01D-1466-01	9	105610523	128689177	17075	0.0967
TCGA-E1-5311-01A-01D-1466-01	9	128690461	128692106	2	1.2668
TCGA-E1-5311-01A-01D-1466-01	9	128692135	135764038	4158	0.1392
TCGA-E1-5311-01A-01D-1466-01	9	135764721	135768974	2	-1.0026
TCGA-E1-5311-01A-01D-1466-01	9	135768997	137294199	784	0.1356
TCGA-E1-5311-01A-01D-1466-01	9	137296142	137311515	13	0.5212
TCGA-E1-5311-01A-01D-1466-01	9	137311918	139339689	707	0.1564
TCGA-E1-5311-01A-01D-1466-01	9	139347976	139410626	28	0.5894
TCGA-E1-5311-01A-01D-1466-01	9	139410642	140211215	406	0.1426
TCGA-E1-5311-01A-01D-1466-01	X	108477	28763125	17680	-0.004
TCGA-E1-5311-01A-01D-1466-01	X	28765667	28766509	3	3.3497
TCGA-E1-5311-01A-01D-1466-01	X	28767319	84876607	26719	-0.0062
TCGA-E1-5311-01A-01D-1466-01	X	84876702	84888435	8	0.8923
TCGA-E1-5311-01A-01D-1466-01	X	84888597	110183856	13653	-0.0157
TCGA-E1-5311-01A-01D-1466-01	X	110183929	110183966	2	2.4413
TCGA-E1-5311-01A-01D-1466-01	X	110184482	134757352	14048	-0.0126
TCGA-E1-5311-01A-01D-1466-01	X	134775053	134775739	5	-1.3562
TCGA-E1-5311-01A-01D-1466-01	X	134800544	137399400	1553	-0.0135
TCGA-E1-5311-01A-01D-1466-01	X	137399559	137400511	5	2.6186
TCGA-E1-5311-01A-01D-1466-01	X	137400671	143497175	3951	-0.0171
TCGA-E1-5311-01A-01D-1466-01	X	143499429	143500289	2	-2.2529
TCGA-E1-5311-01A-01D-1466-01	X	143501420	154835548	6894	0.0055
TCGA-E1-5311-01A-01D-1466-01	Y	2710438	57427647	8590	-0.8665
