barcode	chromosome	start	stop	num.mark	seg.mean
TCGA-DU-8164-01A-11D-2252-01	1	3208470	14910553	6254	-0.8138
TCGA-DU-8164-01A-11D-2252-01	1	14911358	14911998	2	-3.789
TCGA-DU-8164-01A-11D-2252-01	1	14912260	15227710	269	-0.9043
TCGA-DU-8164-01A-11D-2252-01	1	15227828	15228616	2	-7.4771
TCGA-DU-8164-01A-11D-2252-01	1	15229152	64129026	27255	-0.8154
TCGA-DU-8164-01A-11D-2252-01	1	64129146	64131912	2	-6.8324
TCGA-DU-8164-01A-11D-2252-01	1	64131941	142745296	33625	-0.8618
TCGA-DU-8164-01A-11D-2252-01	1	145143007	188264362	24754	0.0635
TCGA-DU-8164-01A-11D-2252-01	1	188264553	188322375	37	-0.8061
TCGA-DU-8164-01A-11D-2252-01	1	188323178	245880329	36549	0.05
TCGA-DU-8164-01A-11D-2252-01	10	405240	135075077	80862	0.0524
TCGA-DU-8164-01A-11D-2252-01	11	446120	133647740	77255	0.0513
TCGA-DU-8164-01A-11D-2252-01	12	760163	131671419	73944	0.0475
TCGA-DU-8164-01A-11D-2252-01	13	18348806	20768003	931	0.0629
TCGA-DU-8164-01A-11D-2252-01	13	20768046	20770188	5	-1.1196
TCGA-DU-8164-01A-11D-2252-01	13	20774735	97735072	45225	0.0307
TCGA-DU-8164-01A-11D-2252-01	13	97735532	97735604	2	-1.6412
TCGA-DU-8164-01A-11D-2252-01	13	97736022	114005560	10485	0.0343
TCGA-DU-8164-01A-11D-2252-01	14	19571208	98672262	46512	0.0525
TCGA-DU-8164-01A-11D-2252-01	14	98672607	98672685	2	-2.4528
TCGA-DU-8164-01A-11D-2252-01	14	98672872	105059083	2934	0.099
TCGA-DU-8164-01A-11D-2252-01	15	21238778	37404411	7846	0.0615
TCGA-DU-8164-01A-11D-2252-01	15	37405970	37406728	3	-1.3849
TCGA-DU-8164-01A-11D-2252-01	15	37407894	99701830	36671	0.0707
TCGA-DU-8164-01A-11D-2252-01	16	593460	1836680	292	0.1406
TCGA-DU-8164-01A-11D-2252-01	16	1841630	1844616	11	-0.6304
TCGA-DU-8164-01A-11D-2252-01	16	1845764	87907437	40555	0.077
TCGA-DU-8164-01A-11D-2252-01	17	933971	78510305	36978	0.0955
TCGA-DU-8164-01A-11D-2252-01	18	319586	75210228	42658	0.0372
TCGA-DU-8164-01A-11D-2252-01	19	235018	3443897	763	0.6626
TCGA-DU-8164-01A-11D-2252-01	19	3449191	23844832	8221	0.1242
TCGA-DU-8164-01A-11D-2252-01	19	32932334	63570038	14890	-0.7777
TCGA-DU-8164-01A-11D-2252-01	2	474222	242124735	131302	0.0393
TCGA-DU-8164-01A-11D-2252-01	20	403764	61690281	37279	0.076
TCGA-DU-8164-01A-11D-2252-01	21	14269492	46503202	20585	0.0525
TCGA-DU-8164-01A-11D-2252-01	22	15803930	47717016	16928	0.1055
TCGA-DU-8164-01A-11D-2252-01	3	526235	199023074	106371	0.0399
TCGA-DU-8164-01A-11D-2252-01	4	1043934	189836143	102731	0.0313
TCGA-DU-8164-01A-11D-2252-01	5	967233	106541220	55660	0.0343
TCGA-DU-8164-01A-11D-2252-01	5	106541412	106541531	2	2.8891
TCGA-DU-8164-01A-11D-2252-01	5	106546868	143371484	21854	0.0385
TCGA-DU-8164-01A-11D-2252-01	5	143376475	143384464	7	-0.8669
TCGA-DU-8164-01A-11D-2252-01	5	143393843	180293075	22981	0.0491
TCGA-DU-8164-01A-11D-2252-01	6	959281	3096330	1634	0.0524
TCGA-DU-8164-01A-11D-2252-01	6	3110117	3168512	34	0.6514
TCGA-DU-8164-01A-11D-2252-01	6	3176017	33632757	17860	0.0553
TCGA-DU-8164-01A-11D-2252-01	6	33635145	33640358	3	-1.23
TCGA-DU-8164-01A-11D-2252-01	6	33642704	170745844	76959	0.0402
TCGA-DU-8164-01A-11D-2252-01	7	671810	31926899	17460	0.0444
TCGA-DU-8164-01A-11D-2252-01	7	31928905	31960650	23	-0.7948
TCGA-DU-8164-01A-11D-2252-01	7	31968183	38204832	4228	0.0523
TCGA-DU-8164-01A-11D-2252-01	7	38212357	38212611	2	-1.6286
TCGA-DU-8164-01A-11D-2252-01	7	38213008	52300422	8908	0.0471
TCGA-DU-8164-01A-11D-2252-01	7	52300523	52300592	2	-1.7466
TCGA-DU-8164-01A-11D-2252-01	7	52300637	158077879	50690	0.0449
TCGA-DU-8164-01A-11D-2252-01	8	607667	124246324	68431	0.0383
TCGA-DU-8164-01A-11D-2252-01	8	124250093	124250911	2	-1.4386
TCGA-DU-8164-01A-11D-2252-01	8	124254657	129421510	3599	0.055
TCGA-DU-8164-01A-11D-2252-01	8	129424616	129431442	2	-1.3514
TCGA-DU-8164-01A-11D-2252-01	8	129432082	145304484	9491	0.0525
TCGA-DU-8164-01A-11D-2252-01	9	779932	34554328	20759	0.0405
TCGA-DU-8164-01A-11D-2252-01	9	34554996	34555081	2	-1.6473
TCGA-DU-8164-01A-11D-2252-01	9	34556734	134768782	45160	0.0604
TCGA-DU-8164-01A-11D-2252-01	9	134768861	134768883	2	-1.4936
TCGA-DU-8164-01A-11D-2252-01	9	134768899	140058573	2096	0.1206
TCGA-DU-8164-01A-11D-2252-01	X	3167107	144499360	59108	-0.0032
TCGA-DU-8164-01A-11D-2252-01	X	144499636	144514175	10	-1.3177
TCGA-DU-8164-01A-11D-2252-01	X	144514406	147960535	2091	-0.036
TCGA-DU-8164-01A-11D-2252-01	X	147960617	147963377	2	-2.4542
TCGA-DU-8164-01A-11D-2252-01	X	147964140	154558783	2181	0.0046
