barcode	chromosome	start	stop	num.mark	seg.mean
TCGA-DU-8162-10A-01D-2252-01	1	51598	72178	10	0.1144
TCGA-DU-8162-10A-01D-2252-01	1	72513	218569	8	-0.9617
TCGA-DU-8162-10A-01D-2252-01	1	218592	9512000	4827	-0.0126
TCGA-DU-8162-10A-01D-2252-01	1	9519068	9519452	2	-1.4745
TCGA-DU-8162-10A-01D-2252-01	1	9524960	16701089	3863	-0.0053
TCGA-DU-8162-10A-01D-2252-01	1	16703170	17114953	136	-0.3118
TCGA-DU-8162-10A-01D-2252-01	1	17117800	34864261	10303	-6e-04
TCGA-DU-8162-10A-01D-2252-01	1	34875241	34877078	20	-0.7416
TCGA-DU-8162-10A-01D-2252-01	1	34886855	60434459	15432	0.0032
TCGA-DU-8162-10A-01D-2252-01	1	60440290	60440524	3	-1.311
TCGA-DU-8162-10A-01D-2252-01	1	60440765	80358074	13303	0.0039
TCGA-DU-8162-10A-01D-2252-01	1	80360952	80367640	10	0.5879
TCGA-DU-8162-10A-01D-2252-01	1	80368863	95316444	9914	0.0032
TCGA-DU-8162-10A-01D-2252-01	1	95316612	95319654	4	-1.2331
TCGA-DU-8162-10A-01D-2252-01	1	95319811	110025907	8880	0.0062
TCGA-DU-8162-10A-01D-2252-01	1	110025950	110034497	15	-0.522
TCGA-DU-8162-10A-01D-2252-01	1	110034560	110044476	17	-1.6839
TCGA-DU-8162-10A-01D-2252-01	1	110046521	111178891	840	-0.0067
TCGA-DU-8162-10A-01D-2252-01	1	111179088	111189749	38	-0.7312
TCGA-DU-8162-10A-01D-2252-01	1	111193590	147220620	7480	-0.0068
TCGA-DU-8162-10A-01D-2252-01	1	147291426	147472070	99	-0.8071
TCGA-DU-8162-10A-01D-2252-01	1	147472117	147653583	58	-0.3064
TCGA-DU-8162-10A-01D-2252-01	1	147654217	147811996	11	-0.7808
TCGA-DU-8162-10A-01D-2252-01	1	147812010	151026302	1698	-0.0107
TCGA-DU-8162-10A-01D-2252-01	1	151028547	151034962	34	-0.3346
TCGA-DU-8162-10A-01D-2252-01	1	151034983	194095134	28977	0.0041
TCGA-DU-8162-10A-01D-2252-01	1	194096955	194141479	40	-0.9605
TCGA-DU-8162-10A-01D-2252-01	1	194141530	243703033	34375	4e-04
TCGA-DU-8162-10A-01D-2252-01	1	243703662	243713527	11	-0.9753
TCGA-DU-8162-10A-01D-2252-01	1	243716274	247191011	2210	-0.0028
TCGA-DU-8162-10A-01D-2252-01	10	62759	27263909	21248	-0.0014
TCGA-DU-8162-10A-01D-2252-01	10	27265910	27268427	9	-1.1497
TCGA-DU-8162-10A-01D-2252-01	10	27268445	29915495	1958	0.0031
TCGA-DU-8162-10A-01D-2252-01	10	29916635	29916778	2	-1.2759
TCGA-DU-8162-10A-01D-2252-01	10	29918028	31286516	1084	0.0018
TCGA-DU-8162-10A-01D-2252-01	10	31291340	31291732	9	-0.7748
TCGA-DU-8162-10A-01D-2252-01	10	31291744	66978023	20442	7e-04
TCGA-DU-8162-10A-01D-2252-01	10	66978036	66981366	18	-0.4334
TCGA-DU-8162-10A-01D-2252-01	10	66983868	68420806	1124	0.0184
TCGA-DU-8162-10A-01D-2252-01	10	68422036	68452069	17	0.5934
TCGA-DU-8162-10A-01D-2252-01	10	68453945	81452221	8140	0.0031
TCGA-DU-8162-10A-01D-2252-01	10	81486935	81588035	22	-0.8127
TCGA-DU-8162-10A-01D-2252-01	10	81604682	88867811	5159	0.003
TCGA-DU-8162-10A-01D-2252-01	10	88886418	88897299	4	-1.4386
TCGA-DU-8162-10A-01D-2252-01	10	88903890	96769856	5015	0.0023
TCGA-DU-8162-10A-01D-2252-01	10	96773998	96806144	34	0.5831
TCGA-DU-8162-10A-01D-2252-01	10	96806347	132736379	25354	4e-04
TCGA-DU-8162-10A-01D-2252-01	10	132739022	132739218	2	-1.5647
TCGA-DU-8162-10A-01D-2252-01	10	132739472	135356694	1452	-0.0226
TCGA-DU-8162-10A-01D-2252-01	11	188510	55119916	34659	-0.0013
TCGA-DU-8162-10A-01D-2252-01	11	55130608	55196566	47	-0.7116
TCGA-DU-8162-10A-01D-2252-01	11	55198894	55998736	550	-0.0077
TCGA-DU-8162-10A-01D-2252-01	11	55998824	55999085	4	-1.2794
TCGA-DU-8162-10A-01D-2252-01	11	56004126	84247806	16089	-0.0033
TCGA-DU-8162-10A-01D-2252-01	11	84247827	84250095	2	-1.5755
TCGA-DU-8162-10A-01D-2252-01	11	84251688	89114479	3291	0.0013
TCGA-DU-8162-10A-01D-2252-01	11	89127597	89186575	10	-0.8543
TCGA-DU-8162-10A-01D-2252-01	11	89187752	92716408	2379	0.0087
TCGA-DU-8162-10A-01D-2252-01	11	92717841	92718405	2	-1.7689
TCGA-DU-8162-10A-01D-2252-01	11	92719348	101099594	6333	0.0084
TCGA-DU-8162-10A-01D-2252-01	11	101103070	101103174	4	1.2782
TCGA-DU-8162-10A-01D-2252-01	11	101103422	134449982	23777	6e-04
TCGA-DU-8162-10A-01D-2252-01	12	20703	8269518	5561	-0.003
TCGA-DU-8162-10A-01D-2252-01	12	8285095	8475939	78	-0.3075
TCGA-DU-8162-10A-01D-2252-01	12	8486161	11105412	1627	-0.0049
TCGA-DU-8162-10A-01D-2252-01	12	11106639	11132799	15	-1.3518
TCGA-DU-8162-10A-01D-2252-01	12	11143141	11165705	10	0.101
TCGA-DU-8162-10A-01D-2252-01	12	11167303	11219157	19	-0.4754
TCGA-DU-8162-10A-01D-2252-01	12	11219410	30125311	13266	0.0037
TCGA-DU-8162-10A-01D-2252-01	12	30126546	30126848	3	-1.2335
TCGA-DU-8162-10A-01D-2252-01	12	30130534	31156324	901	0.0023
TCGA-DU-8162-10A-01D-2252-01	12	31160565	31301146	93	0.5235
TCGA-DU-8162-10A-01D-2252-01	12	31301551	33185765	1296	-0.0052
TCGA-DU-8162-10A-01D-2252-01	12	33185778	33199764	36	-0.4734
TCGA-DU-8162-10A-01D-2252-01	12	33199809	83284022	29672	-2e-04
TCGA-DU-8162-10A-01D-2252-01	12	83287284	83402612	58	-0.9763
TCGA-DU-8162-10A-01D-2252-01	12	83404264	98315945	9653	0.0045
TCGA-DU-8162-10A-01D-2252-01	12	98319424	98322321	26	-0.7921
TCGA-DU-8162-10A-01D-2252-01	12	98322486	132288262	22773	-0.0044
TCGA-DU-8162-10A-01D-2252-01	13	17924949	22527187	2895	-0.0091
TCGA-DU-8162-10A-01D-2252-01	13	22527210	22531004	7	-1.2738
TCGA-DU-8162-10A-01D-2252-01	13	22531131	22531515	6	-3.3748
TCGA-DU-8162-10A-01D-2252-01	13	22536195	36969135	10661	1e-04
TCGA-DU-8162-10A-01D-2252-01	13	36970036	36973965	4	-1.4378
TCGA-DU-8162-10A-01D-2252-01	13	36974267	36982757	12	-3.1564
TCGA-DU-8162-10A-01D-2252-01	13	36986330	48429552	8036	0.0082
TCGA-DU-8162-10A-01D-2252-01	13	48431716	48434505	2	-3.6855
TCGA-DU-8162-10A-01D-2252-01	13	48435706	56656271	4507	0.0072
TCGA-DU-8162-10A-01D-2252-01	13	56656290	56694452	38	-0.6894
TCGA-DU-8162-10A-01D-2252-01	13	56694631	114126499	38154	0.0034
TCGA-DU-8162-10A-01D-2252-01	14	18072124	19493212	189	-0.4335
TCGA-DU-8162-10A-01D-2252-01	14	19494766	23496564	2736	0.0186
TCGA-DU-8162-10A-01D-2252-01	14	23499138	23549549	26	-0.7127
TCGA-DU-8162-10A-01D-2252-01	14	23554299	28123930	2936	-0.0018
TCGA-DU-8162-10A-01D-2252-01	14	28126661	28128796	2	-1.4484
TCGA-DU-8162-10A-01D-2252-01	14	28131011	45660660	10841	0.0025
TCGA-DU-8162-10A-01D-2252-01	14	45661808	45661927	2	-1.7737
TCGA-DU-8162-10A-01D-2252-01	14	45662650	52289241	4176	6e-04
TCGA-DU-8162-10A-01D-2252-01	14	52295478	52297434	2	-1.5401
TCGA-DU-8162-10A-01D-2252-01	14	52300281	60125693	5222	-0.005
TCGA-DU-8162-10A-01D-2252-01	14	60127895	60128889	2	-3.429
TCGA-DU-8162-10A-01D-2252-01	14	60135971	101635835	27511	0.0022
TCGA-DU-8162-10A-01D-2252-01	14	101636395	101636404	2	-2.2695
TCGA-DU-8162-10A-01D-2252-01	14	101638164	105793801	1612	-0.0139
TCGA-DU-8162-10A-01D-2252-01	14	105794399	105824912	16	-0.4627
TCGA-DU-8162-10A-01D-2252-01	14	105825048	105950876	56	0.0172
TCGA-DU-8162-10A-01D-2252-01	14	105952397	105989694	51	-0.712
TCGA-DU-8162-10A-01D-2252-01	14	105993576	106224218	133	-0.0591
TCGA-DU-8162-10A-01D-2252-01	14	106231370	106250892	21	0.4676
TCGA-DU-8162-10A-01D-2252-01	14	106255229	106354054	65	0.0132
TCGA-DU-8162-10A-01D-2252-01	14	106355525	106356482	4	-0.4528
TCGA-DU-8162-10A-01D-2252-01	15	18276341	19419336	278	-0.0901
TCGA-DU-8162-10A-01D-2252-01	15	19434563	19466195	15	-0.724
TCGA-DU-8162-10A-01D-2252-01	15	19475431	22231778	1138	-0.036
TCGA-DU-8162-10A-01D-2252-01	15	22231830	22276386	36	-0.7047
TCGA-DU-8162-10A-01D-2252-01	15	22278324	22968551	456	-0.0135
TCGA-DU-8162-10A-01D-2252-01	15	22971085	22981174	7	-0.6188
TCGA-DU-8162-10A-01D-2252-01	15	22981321	24111285	872	-0.0021
TCGA-DU-8162-10A-01D-2252-01	15	24113245	24114249	2	-5.0688
TCGA-DU-8162-10A-01D-2252-01	15	24114681	31070136	3845	9e-04
TCGA-DU-8162-10A-01D-2252-01	15	31072005	31094510	22	0.6018
TCGA-DU-8162-10A-01D-2252-01	15	31099666	80692083	31367	-6e-04
TCGA-DU-8162-10A-01D-2252-01	15	80692417	80905894	11	-1.4488
TCGA-DU-8162-10A-01D-2252-01	15	80966604	82618486	950	0.0106
TCGA-DU-8162-10A-01D-2252-01	15	82619355	82891483	31	-0.3468
TCGA-DU-8162-10A-01D-2252-01	15	82892291	95609413	9593	0.0023
TCGA-DU-8162-10A-01D-2252-01	15	95618796	95634656	14	-0.9223
TCGA-DU-8162-10A-01D-2252-01	15	95645994	100286563	3426	0.001
TCGA-DU-8162-10A-01D-2252-01	16	777	3151321	1107	-0.0329
TCGA-DU-8162-10A-01D-2252-01	16	3154687	3156552	7	0.6899
TCGA-DU-8162-10A-01D-2252-01	16	3159601	5092863	1089	0.0131
TCGA-DU-8162-10A-01D-2252-01	16	5099481	5121709	7	-0.612
TCGA-DU-8162-10A-01D-2252-01	16	5124912	5256276	87	-0.0743
TCGA-DU-8162-10A-01D-2252-01	16	5261636	5377611	133	-1.1208
TCGA-DU-8162-10A-01D-2252-01	16	5380659	16269863	9353	0.0014
TCGA-DU-8162-10A-01D-2252-01	16	16270726	16745127	43	0.3548
TCGA-DU-8162-10A-01D-2252-01	16	16762862	18501901	989	-0.0022
TCGA-DU-8162-10A-01D-2252-01	16	18513898	18623756	14	0.5509
TCGA-DU-8162-10A-01D-2252-01	16	18624806	18988565	146	-0.0264
TCGA-DU-8162-10A-01D-2252-01	16	18989602	19004013	16	0.62
TCGA-DU-8162-10A-01D-2252-01	16	19005825	23841348	2720	0.0027
TCGA-DU-8162-10A-01D-2252-01	16	23842392	23849758	6	-1.0131
TCGA-DU-8162-10A-01D-2252-01	16	23851438	32117600	4387	-0.0112
TCGA-DU-8162-10A-01D-2252-01	16	32151974	32542265	75	0.3303
TCGA-DU-8162-10A-01D-2252-01	16	32543026	33283385	75	-0.0415
TCGA-DU-8162-10A-01D-2252-01	16	33288267	33680566	96	0.3307
TCGA-DU-8162-10A-01D-2252-01	16	33681473	54352715	6972	-0.0029
TCGA-DU-8162-10A-01D-2252-01	16	54353890	54373744	17	-0.7589
TCGA-DU-8162-10A-01D-2252-01	16	54374147	75355973	12904	-4e-04
TCGA-DU-8162-10A-01D-2252-01	16	75356010	75363929	3	-2.0123
TCGA-DU-8162-10A-01D-2252-01	16	75366053	88815036	12269	-0.002
TCGA-DU-8162-10A-01D-2252-01	17	526	23803180	13806	8e-04
TCGA-DU-8162-10A-01D-2252-01	17	23805468	23806446	2	-2.1786
TCGA-DU-8162-10A-01D-2252-01	17	23813398	31460645	4590	0.0061
TCGA-DU-8162-10A-01D-2252-01	17	31460821	31559764	40	0.451
TCGA-DU-8162-10A-01D-2252-01	17	31567456	36676616	2547	0.0066
TCGA-DU-8162-10A-01D-2252-01	17	36676629	36676831	5	1.389
TCGA-DU-8162-10A-01D-2252-01	17	36676846	36683683	10	0.3734
TCGA-DU-8162-10A-01D-2252-01	17	36683699	36683976	3	3.3858
TCGA-DU-8162-10A-01D-2252-01	17	36684057	38794116	1112	0.0046
TCGA-DU-8162-10A-01D-2252-01	17	38795212	38795447	2	-1.3371
TCGA-DU-8162-10A-01D-2252-01	17	38799230	41010873	1056	-0.0106
TCGA-DU-8162-10A-01D-2252-01	17	41012163	41031012	8	0.6933
TCGA-DU-8162-10A-01D-2252-01	17	41031255	41518916	336	-0.1001
TCGA-DU-8162-10A-01D-2252-01	17	41521621	41709662	122	0.6101
TCGA-DU-8162-10A-01D-2252-01	17	41717786	41785076	11	-0.1193
TCGA-DU-8162-10A-01D-2252-01	17	41791196	41913223	14	-0.8267
TCGA-DU-8162-10A-01D-2252-01	17	41926953	42003683	6	0.0644
TCGA-DU-8162-10A-01D-2252-01	17	42008713	42107479	20	-0.7388
TCGA-DU-8162-10A-01D-2252-01	17	42120174	78643088	21607	-0.0029
TCGA-DU-8162-10A-01D-2252-01	18	1543	3963509	2810	0.0031
TCGA-DU-8162-10A-01D-2252-01	18	3963988	3966855	2	-1.8304
TCGA-DU-8162-10A-01D-2252-01	18	3967713	32228394	17135	-1e-04
TCGA-DU-8162-10A-01D-2252-01	18	32228565	32230820	2	-1.5229
TCGA-DU-8162-10A-01D-2252-01	18	32231157	61872559	20426	0.002
TCGA-DU-8162-10A-01D-2252-01	18	61878472	61883743	14	-0.6405
TCGA-DU-8162-10A-01D-2252-01	18	61883787	76116029	10433	0.0061
TCGA-DU-8162-10A-01D-2252-01	19	41910	56823625	24954	-0.005
TCGA-DU-8162-10A-01D-2252-01	19	56834164	56846717	12	0.959
TCGA-DU-8162-10A-01D-2252-01	19	56847282	63789666	4383	-0.007
TCGA-DU-8162-10A-01D-2252-01	2	2784	4183562	2989	0.0028
TCGA-DU-8162-10A-01D-2252-01	2	4191739	4201894	42	-2.0205
TCGA-DU-8162-10A-01D-2252-01	2	4207937	6652095	2096	0.0036
TCGA-DU-8162-10A-01D-2252-01	2	6652700	6653027	2	-1.5351
TCGA-DU-8162-10A-01D-2252-01	2	6653563	25852567	13541	0.0039
TCGA-DU-8162-10A-01D-2252-01	2	25856572	25875349	13	0.6128
TCGA-DU-8162-10A-01D-2252-01	2	25889540	33119114	4312	0.0019
TCGA-DU-8162-10A-01D-2252-01	2	33119231	33120815	2	-1.4923
TCGA-DU-8162-10A-01D-2252-01	2	33122031	34373977	1020	-0.0022
TCGA-DU-8162-10A-01D-2252-01	2	34377482	34379084	2	-2.1722
TCGA-DU-8162-10A-01D-2252-01	2	34379471	35829477	1018	0.0037
TCGA-DU-8162-10A-01D-2252-01	2	35831294	35841420	6	-1.8431
TCGA-DU-8162-10A-01D-2252-01	2	35841451	52608065	12164	0.0083
TCGA-DU-8162-10A-01D-2252-01	2	52608232	52608385	3	-2.5101
TCGA-DU-8162-10A-01D-2252-01	2	52612257	87659520	22243	0.0022
TCGA-DU-8162-10A-01D-2252-01	2	87666842	87755578	16	-0.9788
TCGA-DU-8162-10A-01D-2252-01	2	87775756	97484644	1873	-0.0115
TCGA-DU-8162-10A-01D-2252-01	2	97507179	97528142	8	-0.9241
TCGA-DU-8162-10A-01D-2252-01	2	97528621	114078485	9435	0.0027
TCGA-DU-8162-10A-01D-2252-01	2	114078884	114078886	2	-2.2884
TCGA-DU-8162-10A-01D-2252-01	2	114097291	129354548	9606	0.0059
TCGA-DU-8162-10A-01D-2252-01	2	129354948	129356799	16	-0.6972
TCGA-DU-8162-10A-01D-2252-01	2	129362918	130511849	879	0.0129
TCGA-DU-8162-10A-01D-2252-01	2	130533809	130541928	7	-0.8764
TCGA-DU-8162-10A-01D-2252-01	2	130542150	144106271	8206	0.0031
TCGA-DU-8162-10A-01D-2252-01	2	144106613	144111253	2	1.7326
TCGA-DU-8162-10A-01D-2252-01	2	144115937	154192483	6055	0.006
TCGA-DU-8162-10A-01D-2252-01	2	154195142	154195966	4	-1.0571
TCGA-DU-8162-10A-01D-2252-01	2	154199759	229465250	46267	0.0023
TCGA-DU-8162-10A-01D-2252-01	2	229467723	229468412	12	-0.8031
TCGA-DU-8162-10A-01D-2252-01	2	229468463	235738563	3978	4e-04
TCGA-DU-8162-10A-01D-2252-01	2	235740495	235763272	24	0.524
TCGA-DU-8162-10A-01D-2252-01	2	235763582	242738129	4234	0.0029
TCGA-DU-8162-10A-01D-2252-01	20	9305	1508999	1206	1e-04
TCGA-DU-8162-10A-01D-2252-01	20	1509580	1530207	36	-0.4306
TCGA-DU-8162-10A-01D-2252-01	20	1538257	1541893	5	-1.4972
TCGA-DU-8162-10A-01D-2252-01	20	1545946	12318865	8245	0.0049
TCGA-DU-8162-10A-01D-2252-01	20	12324169	12343337	32	0.594
TCGA-DU-8162-10A-01D-2252-01	20	12344253	58544440	30774	0.0035
TCGA-DU-8162-10A-01D-2252-01	20	58547104	58556088	7	-1.0526
TCGA-DU-8162-10A-01D-2252-01	20	58561776	61691693	1878	-0.0087
TCGA-DU-8162-10A-01D-2252-01	20	61692902	61693101	2	-1.6483
TCGA-DU-8162-10A-01D-2252-01	20	61693668	62386012	303	-0.0137
TCGA-DU-8162-10A-01D-2252-01	20	62386512	62426597	6	-0.7341
TCGA-DU-8162-10A-01D-2252-01	21	9758742	46921385	24410	-0.004
TCGA-DU-8162-10A-01D-2252-01	22	14432528	14824877	64	-0.3737
TCGA-DU-8162-10A-01D-2252-01	22	14857054	22487250	4430	-0.0367
TCGA-DU-8162-10A-01D-2252-01	22	22493003	22495861	4	-1.7641
TCGA-DU-8162-10A-01D-2252-01	22	22499707	22601745	92	-0.0064
TCGA-DU-8162-10A-01D-2252-01	22	22613016	22660218	25	-0.5498
TCGA-DU-8162-10A-01D-2252-01	22	22660269	22661967	2	-3.5109
TCGA-DU-8162-10A-01D-2252-01	22	22662625	22662933	2	-1.4249
TCGA-DU-8162-10A-01D-2252-01	22	22667307	22726814	22	0.6901
TCGA-DU-8162-10A-01D-2252-01	22	22731529	25878374	2737	-0.0072
TCGA-DU-8162-10A-01D-2252-01	22	25879920	25911265	33	0.5562
TCGA-DU-8162-10A-01D-2252-01	22	25914176	47654704	14909	-0.0072
TCGA-DU-8162-10A-01D-2252-01	22	47655927	47656546	2	-2.0169
TCGA-DU-8162-10A-01D-2252-01	22	47659295	48821171	898	-0.0052
TCGA-DU-8162-10A-01D-2252-01	22	48822312	48827020	6	-0.9716
TCGA-DU-8162-10A-01D-2252-01	22	48828719	49581321	330	-0.0317
TCGA-DU-8162-10A-01D-2252-01	3	35345	8796804	7755	0.0229
TCGA-DU-8162-10A-01D-2252-01	3	8800367	8833201	28	0.578
TCGA-DU-8162-10A-01D-2252-01	3	8841808	23954307	10140	0.0026
TCGA-DU-8162-10A-01D-2252-01	3	23956433	23957332	2	-1.6817
TCGA-DU-8162-10A-01D-2252-01	3	23957334	37952421	9770	0.0062
TCGA-DU-8162-10A-01D-2252-01	3	37957112	37961932	18	-0.8512
TCGA-DU-8162-10A-01D-2252-01	3	37962110	39789660	1202	0.0122
TCGA-DU-8162-10A-01D-2252-01	3	39792417	39792498	2	-3.6282
TCGA-DU-8162-10A-01D-2252-01	3	39792961	65163493	16473	0.0044
TCGA-DU-8162-10A-01D-2252-01	3	65164275	65185492	53	-0.7981
TCGA-DU-8162-10A-01D-2252-01	3	65191389	68828854	2424	5e-04
TCGA-DU-8162-10A-01D-2252-01	3	68828949	68830103	14	0.9263
TCGA-DU-8162-10A-01D-2252-01	3	68831448	69418939	466	-0.008
TCGA-DU-8162-10A-01D-2252-01	3	69419430	69419832	2	-1.336
TCGA-DU-8162-10A-01D-2252-01	3	69423139	70119996	629	0.0168
TCGA-DU-8162-10A-01D-2252-01	3	70122471	70122535	2	-1.4312
TCGA-DU-8162-10A-01D-2252-01	3	70123234	75651239	3839	-0.0045
TCGA-DU-8162-10A-01D-2252-01	3	75655239	75678936	8	-1.7659
TCGA-DU-8162-10A-01D-2252-01	3	75691329	84781874	4999	0.0036
TCGA-DU-8162-10A-01D-2252-01	3	84782374	84784851	16	-0.7025
TCGA-DU-8162-10A-01D-2252-01	3	84784925	147956833	35288	0.0026
TCGA-DU-8162-10A-01D-2252-01	3	147957013	147959173	3	-2.2381
TCGA-DU-8162-10A-01D-2252-01	3	147959742	163977947	9824	0.0057
TCGA-DU-8162-10A-01D-2252-01	3	163978315	164109297	82	0.5229
TCGA-DU-8162-10A-01D-2252-01	3	164111308	170831638	3910	0.0097
TCGA-DU-8162-10A-01D-2252-01	3	170832556	170833298	2	-1.6833
TCGA-DU-8162-10A-01D-2252-01	3	170835152	194357441	15284	0.0033
TCGA-DU-8162-10A-01D-2252-01	3	194360596	194365597	20	-0.4973
TCGA-DU-8162-10A-01D-2252-01	3	194369129	196941719	1521	-0.009
TCGA-DU-8162-10A-01D-2252-01	3	196942560	196960434	11	0.7572
TCGA-DU-8162-10A-01D-2252-01	3	196964365	199380515	1174	-0.0252
TCGA-DU-8162-10A-01D-2252-01	4	2281	5367636	2614	-0.0159
TCGA-DU-8162-10A-01D-2252-01	4	5370687	5371835	2	-1.9668
TCGA-DU-8162-10A-01D-2252-01	4	5375100	7458313	1673	-0.0077
TCGA-DU-8162-10A-01D-2252-01	4	7460787	7464168	2	-1.1699
TCGA-DU-8162-10A-01D-2252-01	4	7464363	9468995	1129	-0.0247
TCGA-DU-8162-10A-01D-2252-01	4	9468999	9473325	3	-1.4962
TCGA-DU-8162-10A-01D-2252-01	4	9474140	9832514	378	-0.029
TCGA-DU-8162-10A-01D-2252-01	4	9832726	9843364	29	-2.2716
TCGA-DU-8162-10A-01D-2252-01	4	9843706	34463385	17001	-6e-04
TCGA-DU-8162-10A-01D-2252-01	4	34463544	34506267	36	0.5572
TCGA-DU-8162-10A-01D-2252-01	4	34506308	48783397	8971	0.0039
TCGA-DU-8162-10A-01D-2252-01	4	48784116	52391549	51	-0.2669
TCGA-DU-8162-10A-01D-2252-01	4	52393393	64390176	7596	-9e-04
TCGA-DU-8162-10A-01D-2252-01	4	64390200	64390853	7	0.8933
TCGA-DU-8162-10A-01D-2252-01	4	64399026	69021057	2872	0.0071
TCGA-DU-8162-10A-01D-2252-01	4	69021159	69211554	75	-0.2606
TCGA-DU-8162-10A-01D-2252-01	4	69219747	70274578	385	0.0747
TCGA-DU-8162-10A-01D-2252-01	4	70276618	70306140	16	-0.3911
TCGA-DU-8162-10A-01D-2252-01	4	70312519	70424305	90	-0.0224
TCGA-DU-8162-10A-01D-2252-01	4	70424450	70425368	2	1.5584
TCGA-DU-8162-10A-01D-2252-01	4	70426477	104971080	20934	0.002
TCGA-DU-8162-10A-01D-2252-01	4	104971083	104971094	5	-1.0348
TCGA-DU-8162-10A-01D-2252-01	4	104973050	104977543	8	0.0785
TCGA-DU-8162-10A-01D-2252-01	4	104977799	104979363	5	-0.6705
TCGA-DU-8162-10A-01D-2252-01	4	104979447	108270949	1848	-0.0075
TCGA-DU-8162-10A-01D-2252-01	4	108285200	108295982	38	-0.7236
TCGA-DU-8162-10A-01D-2252-01	4	108296883	108724083	289	-0.0184
TCGA-DU-8162-10A-01D-2252-01	4	108728097	108729264	2	-1.4505
TCGA-DU-8162-10A-01D-2252-01	4	108729604	115394772	4124	-0.0016
TCGA-DU-8162-10A-01D-2252-01	4	115394793	115401624	22	0.8112
TCGA-DU-8162-10A-01D-2252-01	4	115403678	127936011	7555	-0.0021
TCGA-DU-8162-10A-01D-2252-01	4	127940368	127940431	2	-1.3195
TCGA-DU-8162-10A-01D-2252-01	4	127941019	130282201	1179	0.0041
TCGA-DU-8162-10A-01D-2252-01	4	130286996	130287610	2	-3.1792
TCGA-DU-8162-10A-01D-2252-01	4	130292013	138397759	4618	0.0019
TCGA-DU-8162-10A-01D-2252-01	4	138398456	138402701	24	-0.4105
TCGA-DU-8162-10A-01D-2252-01	4	138402709	145530588	4629	0.0089
TCGA-DU-8162-10A-01D-2252-01	4	145538168	145539450	2	-1.3443
TCGA-DU-8162-10A-01D-2252-01	4	145545860	156728648	6566	-2e-04
TCGA-DU-8162-10A-01D-2252-01	4	156732311	156755508	17	0.5649
TCGA-DU-8162-10A-01D-2252-01	4	156759089	172605921	10144	-4e-04
TCGA-DU-8162-10A-01D-2252-01	4	172611459	172614033	9	-1.0781
TCGA-DU-8162-10A-01D-2252-01	4	172614285	191261904	12542	-0.0017
TCGA-DU-8162-10A-01D-2252-01	5	68532	949815	383	-0.0247
TCGA-DU-8162-10A-01D-2252-01	5	958701	961540	3	-1.4411
TCGA-DU-8162-10A-01D-2252-01	5	966391	12853889	9833	0.0036
TCGA-DU-8162-10A-01D-2252-01	5	12868780	12891533	14	-1.5266
TCGA-DU-8162-10A-01D-2252-01	5	12902201	15771492	1975	0.0047
TCGA-DU-8162-10A-01D-2252-01	5	15772222	15773597	11	-0.6764
TCGA-DU-8162-10A-01D-2252-01	5	15776346	17658332	1211	-0.0042
TCGA-DU-8162-10A-01D-2252-01	5	17662218	17675249	8	-0.8806
TCGA-DU-8162-10A-01D-2252-01	5	17687887	21486957	2337	0.0073
TCGA-DU-8162-10A-01D-2252-01	5	21487034	21488195	4	-2.8512
TCGA-DU-8162-10A-01D-2252-01	5	21488253	46306865	15030	0
TCGA-DU-8162-10A-01D-2252-01	5	46307687	46309259	6	-2.9476
TCGA-DU-8162-10A-01D-2252-01	5	46313969	57364872	5087	-0.0092
TCGA-DU-8162-10A-01D-2252-01	5	57365287	57369272	27	-0.6542
TCGA-DU-8162-10A-01D-2252-01	5	57369290	73088077	8807	-0.0016
TCGA-DU-8162-10A-01D-2252-01	5	73088497	73088512	2	-2.2606
TCGA-DU-8162-10A-01D-2252-01	5	73096532	103879120	18066	0.0012
TCGA-DU-8162-10A-01D-2252-01	5	103888272	103888503	4	1.4225
TCGA-DU-8162-10A-01D-2252-01	5	103888948	104013352	136	-0.0259
TCGA-DU-8162-10A-01D-2252-01	5	104018450	104056288	29	0.5694
TCGA-DU-8162-10A-01D-2252-01	5	104056808	109399964	3359	-0.0053
TCGA-DU-8162-10A-01D-2252-01	5	109403664	109403748	2	-1.3281
TCGA-DU-8162-10A-01D-2252-01	5	109404784	114498969	3646	0.0046
TCGA-DU-8162-10A-01D-2252-01	5	114499353	114499454	2	1.1975
TCGA-DU-8162-10A-01D-2252-01	5	114504285	115286854	528	-0.0108
TCGA-DU-8162-10A-01D-2252-01	5	115288214	115288255	2	-1.6876
TCGA-DU-8162-10A-01D-2252-01	5	115288582	126485514	7640	0.003
TCGA-DU-8162-10A-01D-2252-01	5	126486025	126486216	2	-1.6159
TCGA-DU-8162-10A-01D-2252-01	5	126491538	137833019	6832	0.0051
TCGA-DU-8162-10A-01D-2252-01	5	137835860	137844693	19	-0.8917
TCGA-DU-8162-10A-01D-2252-01	5	137844856	141597597	1804	0.0084
TCGA-DU-8162-10A-01D-2252-01	5	141599215	141636901	22	0.5771
TCGA-DU-8162-10A-01D-2252-01	5	141637429	155409350	9460	0.0035
TCGA-DU-8162-10A-01D-2252-01	5	155409498	155415307	13	-0.7074
TCGA-DU-8162-10A-01D-2252-01	5	155427828	174235990	13295	0.0011
TCGA-DU-8162-10A-01D-2252-01	5	174236203	174237007	2	-1.4803
TCGA-DU-8162-10A-01D-2252-01	5	174239665	180722926	3537	-0.007
TCGA-DU-8162-10A-01D-2252-01	6	94661	198861	99	-0.0529
TCGA-DU-8162-10A-01D-2252-01	6	199267	325821	101	0.3405
TCGA-DU-8162-10A-01D-2252-01	6	326149	24548821	18539	0.0047
TCGA-DU-8162-10A-01D-2252-01	6	24549614	24549725	2	-1.7597
TCGA-DU-8162-10A-01D-2252-01	6	24549823	29847885	2922	-0.0053
TCGA-DU-8162-10A-01D-2252-01	6	29852392	29853705	2	-1.809
TCGA-DU-8162-10A-01D-2252-01	6	29853740	29944720	77	-0.0354
TCGA-DU-8162-10A-01D-2252-01	6	29945051	29984938	26	-0.909
TCGA-DU-8162-10A-01D-2252-01	6	29989005	31395090	666	0.0033
TCGA-DU-8162-10A-01D-2252-01	6	31395201	31403385	3	2.1601
TCGA-DU-8162-10A-01D-2252-01	6	31403932	32798005	622	-0.0019
TCGA-DU-8162-10A-01D-2252-01	6	32798775	32798808	3	2.1682
TCGA-DU-8162-10A-01D-2252-01	6	32798923	58177831	16027	0.0033
TCGA-DU-8162-10A-01D-2252-01	6	58178594	58178610	2	-2.3391
TCGA-DU-8162-10A-01D-2252-01	6	58179336	58530601	96	-0.0034
TCGA-DU-8162-10A-01D-2252-01	6	58534011	58535028	4	-3.2632
TCGA-DU-8162-10A-01D-2252-01	6	58540533	66450811	2633	0.0025
TCGA-DU-8162-10A-01D-2252-01	6	66456203	66460573	24	-0.6652
TCGA-DU-8162-10A-01D-2252-01	6	66463848	67094742	416	-0.0016
TCGA-DU-8162-10A-01D-2252-01	6	67094767	67099913	8	0.7581
TCGA-DU-8162-10A-01D-2252-01	6	67099956	69545130	1731	-0.0019
TCGA-DU-8162-10A-01D-2252-01	6	69546214	69576255	21	0.6005
TCGA-DU-8162-10A-01D-2252-01	6	69576848	74648953	3268	0.009
TCGA-DU-8162-10A-01D-2252-01	6	74649185	74658138	9	-2.6796
TCGA-DU-8162-10A-01D-2252-01	6	74660283	77493251	1770	0.0084
TCGA-DU-8162-10A-01D-2252-01	6	77496587	77509101	15	-4.2066
TCGA-DU-8162-10A-01D-2252-01	6	77509111	77509408	5	-1.4002
TCGA-DU-8162-10A-01D-2252-01	6	77509476	79029515	996	0.0142
TCGA-DU-8162-10A-01D-2252-01	6	79029672	79037166	15	0.5695
TCGA-DU-8162-10A-01D-2252-01	6	79044205	79083307	68	0.0517
TCGA-DU-8162-10A-01D-2252-01	6	79083405	79084078	7	0.6767
TCGA-DU-8162-10A-01D-2252-01	6	79084234	90054345	6857	0.0096
TCGA-DU-8162-10A-01D-2252-01	6	90054346	90058261	3	-1.6592
TCGA-DU-8162-10A-01D-2252-01	6	90062644	170892930	52944	0.0037
TCGA-DU-8162-10A-01D-2252-01	7	52911	53425784	37929	-8e-04
TCGA-DU-8162-10A-01D-2252-01	7	53426347	53558241	73	-1.0485
TCGA-DU-8162-10A-01D-2252-01	7	53561005	90878394	18771	-0.0022
TCGA-DU-8162-10A-01D-2252-01	7	90878525	90878663	2	-2.0067
TCGA-DU-8162-10A-01D-2252-01	7	90884929	103275580	6687	-0.0015
TCGA-DU-8162-10A-01D-2252-01	7	103276264	103304293	21	0.4992
TCGA-DU-8162-10A-01D-2252-01	7	103304969	109228480	3941	0.0018
TCGA-DU-8162-10A-01D-2252-01	7	109228865	109241146	10	1.0136
TCGA-DU-8162-10A-01D-2252-01	7	109241218	142928980	20984	5e-04
TCGA-DU-8162-10A-01D-2252-01	7	142929090	143029152	32	0.5266
TCGA-DU-8162-10A-01D-2252-01	7	143039363	143079333	26	0.0208
TCGA-DU-8162-10A-01D-2252-01	7	143083821	143198992	43	0.4281
TCGA-DU-8162-10A-01D-2252-01	7	143203099	158819765	10001	-0.0014
TCGA-DU-8162-10A-01D-2252-01	8	21254	2068619	1488	-0.0061
TCGA-DU-8162-10A-01D-2252-01	8	2068658	2068760	2	-1.7107
TCGA-DU-8162-10A-01D-2252-01	8	2068779	2689341	630	0.0133
TCGA-DU-8162-10A-01D-2252-01	8	2690940	2691306	7	-2.1182
TCGA-DU-8162-10A-01D-2252-01	8	2694578	5426838	3740	0.0086
TCGA-DU-8162-10A-01D-2252-01	8	5428663	5429202	4	-1.1992
TCGA-DU-8162-10A-01D-2252-01	8	5433070	6356866	1296	0.0184
TCGA-DU-8162-10A-01D-2252-01	8	6357204	6357455	3	-1.4033
TCGA-DU-8162-10A-01D-2252-01	8	6362130	6801855	513	0.0207
TCGA-DU-8162-10A-01D-2252-01	8	6802066	6802597	5	-0.702
TCGA-DU-8162-10A-01D-2252-01	8	6802738	6814172	33	-0.0169
TCGA-DU-8162-10A-01D-2252-01	8	6814411	6814609	6	-0.7539
TCGA-DU-8162-10A-01D-2252-01	8	6820778	39349816	23175	-0.0043
TCGA-DU-8162-10A-01D-2252-01	8	39354760	39506122	59	0.7875
TCGA-DU-8162-10A-01D-2252-01	8	39507456	58082033	9074	0.0025
TCGA-DU-8162-10A-01D-2252-01	8	58082450	58091757	6	-1.5817
TCGA-DU-8162-10A-01D-2252-01	8	58100405	72374919	8830	0.0022
TCGA-DU-8162-10A-01D-2252-01	8	72377865	72379153	9	0.6823
TCGA-DU-8162-10A-01D-2252-01	8	72382417	112363642	24137	0.0026
TCGA-DU-8162-10A-01D-2252-01	8	112363822	112364421	6	-1.2858
TCGA-DU-8162-10A-01D-2252-01	8	112364436	137823966	17814	0.0015
TCGA-DU-8162-10A-01D-2252-01	8	137826210	137837483	4	-1.1901
TCGA-DU-8162-10A-01D-2252-01	8	137837655	140222558	2015	0.0158
TCGA-DU-8162-10A-01D-2252-01	8	140223025	140224624	3	-2.0308
TCGA-DU-8162-10A-01D-2252-01	8	140225419	146268959	3099	-0.0242
TCGA-DU-8162-10A-01D-2252-01	9	36587	23351805	20467	0.008
TCGA-DU-8162-10A-01D-2252-01	9	23353115	23363484	8	0.9298
TCGA-DU-8162-10A-01D-2252-01	9	23368488	28299878	3785	0.0145
TCGA-DU-8162-10A-01D-2252-01	9	28300570	28302061	3	-1.4204
TCGA-DU-8162-10A-01D-2252-01	9	28306539	31476634	2218	0.0167
TCGA-DU-8162-10A-01D-2252-01	9	31480538	31552553	43	-1.1954
TCGA-DU-8162-10A-01D-2252-01	9	31558046	38761831	4677	0.0052
TCGA-DU-8162-10A-01D-2252-01	9	38777493	38951514	13	-0.5749
TCGA-DU-8162-10A-01D-2252-01	9	38951991	43575109	199	-0.0568
TCGA-DU-8162-10A-01D-2252-01	9	43590208	44076786	27	0.4396
TCGA-DU-8162-10A-01D-2252-01	9	44085348	44569219	47	-0.4157
TCGA-DU-8162-10A-01D-2252-01	9	44667855	44795733	36	-1.3855
TCGA-DU-8162-10A-01D-2252-01	9	44806024	78956594	6895	-0.0091
TCGA-DU-8162-10A-01D-2252-01	9	78958130	78967224	32	0.6361
TCGA-DU-8162-10A-01D-2252-01	9	78975948	139354230	41063	8e-04
TCGA-DU-8162-10A-01D-2252-01	9	139370639	139403162	13	-0.6205
TCGA-DU-8162-10A-01D-2252-01	9	139410610	140211215	408	-0.0353
TCGA-DU-8162-10A-01D-2252-01	X	108477	468040	44	-0.0644
TCGA-DU-8162-10A-01D-2252-01	X	482060	482222	4	-1.0856
TCGA-DU-8162-10A-01D-2252-01	X	485926	5713638	2330	0.0071
TCGA-DU-8162-10A-01D-2252-01	X	5716907	5721237	3	-1.6306
TCGA-DU-8162-10A-01D-2252-01	X	5722133	11055167	3981	0.0041
TCGA-DU-8162-10A-01D-2252-01	X	11055476	11057478	2	-1.7836
TCGA-DU-8162-10A-01D-2252-01	X	11059025	17094896	4211	-0.0039
TCGA-DU-8162-10A-01D-2252-01	X	17095515	17096764	7	-0.7031
TCGA-DU-8162-10A-01D-2252-01	X	17096834	20451693	1765	-0.0018
TCGA-DU-8162-10A-01D-2252-01	X	20456331	20462236	4	-1.1658
TCGA-DU-8162-10A-01D-2252-01	X	20462437	33060839	8387	-7e-04
TCGA-DU-8162-10A-01D-2252-01	X	33068030	33069450	10	-1.135
TCGA-DU-8162-10A-01D-2252-01	X	33072376	36211183	2011	0.009
TCGA-DU-8162-10A-01D-2252-01	X	36213710	36222856	7	0.7967
TCGA-DU-8162-10A-01D-2252-01	X	36225351	55913261	9673	5e-04
TCGA-DU-8162-10A-01D-2252-01	X	55918856	55947493	20	0.5206
TCGA-DU-8162-10A-01D-2252-01	X	55949475	62273405	1352	-0.0201
TCGA-DU-8162-10A-01D-2252-01	X	62291523	62360187	20	-0.4143
TCGA-DU-8162-10A-01D-2252-01	X	62367170	76266264	6320	0.0063
TCGA-DU-8162-10A-01D-2252-01	X	76270041	76440325	18	-0.7677
TCGA-DU-8162-10A-01D-2252-01	X	76461534	91758827	7994	0.0046
TCGA-DU-8162-10A-01D-2252-01	X	91759573	91766515	3	-1.2626
TCGA-DU-8162-10A-01D-2252-01	X	91768136	93876691	1226	0.0087
TCGA-DU-8162-10A-01D-2252-01	X	93880914	93911346	20	0.5108
TCGA-DU-8162-10A-01D-2252-01	X	93912204	126253406	18210	0
TCGA-DU-8162-10A-01D-2252-01	X	126253511	126253606	2	-1.6103
TCGA-DU-8162-10A-01D-2252-01	X	126254791	154835548	17003	0.0032
TCGA-DU-8162-10A-01D-2252-01	Y	2710438	6161425	838	-2.8082
TCGA-DU-8162-10A-01D-2252-01	Y	6167901	6484299	128	-4.045
TCGA-DU-8162-10A-01D-2252-01	Y	6486233	18084284	4654	-3.354
TCGA-DU-8162-10A-01D-2252-01	Y	18085938	19430134	648	-3.9332
TCGA-DU-8162-10A-01D-2252-01	Y	19430886	19431561	2	-8.5123
TCGA-DU-8162-10A-01D-2252-01	Y	19431797	19488345	23	-4.1902
TCGA-DU-8162-10A-01D-2252-01	Y	19488618	22063159	1007	-3.3734
TCGA-DU-8162-10A-01D-2252-01	Y	22093119	22099738	2	-8.6439
TCGA-DU-8162-10A-01D-2252-01	Y	22125089	22919906	263	-3.5301
TCGA-DU-8162-10A-01D-2252-01	Y	22924247	24840062	377	-3.9075
TCGA-DU-8162-10A-01D-2252-01	Y	24840296	24923103	28	-2.7071
TCGA-DU-8162-10A-01D-2252-01	Y	24926921	25040317	8	-3.8929
TCGA-DU-8162-10A-01D-2252-01	Y	25040616	25337977	41	-5.0153
TCGA-DU-8162-10A-01D-2252-01	Y	25357159	25776875	44	-4.0804
TCGA-DU-8162-10A-01D-2252-01	Y	25846090	26127678	91	-3.1756
TCGA-DU-8162-10A-01D-2252-01	Y	26129939	26833326	252	-3.9831
TCGA-DU-8162-10A-01D-2252-01	Y	26847504	57427647	183	-2.9876
