barcode	chromosome	start	stop	num.mark	seg.mean
TCGA-HT-7689-10A-01D-2252-01	1	51598	1500664	226	0.0232
TCGA-HT-7689-10A-01D-2252-01	1	1617778	1662463	17	-1.0482
TCGA-HT-7689-10A-01D-2252-01	1	1677447	5280462	2064	0.0069
TCGA-HT-7689-10A-01D-2252-01	1	5283180	5283303	3	-1.1647
TCGA-HT-7689-10A-01D-2252-01	1	5284188	12815095	4249	7e-04
TCGA-HT-7689-10A-01D-2252-01	1	12832564	12849694	7	-0.874
TCGA-HT-7689-10A-01D-2252-01	1	12850443	16703407	2157	-0.0056
TCGA-HT-7689-10A-01D-2252-01	1	16704450	16878363	49	0.3094
TCGA-HT-7689-10A-01D-2252-01	1	16878565	16929044	37	-0.0796
TCGA-HT-7689-10A-01D-2252-01	1	16949054	16984764	16	0.5419
TCGA-HT-7689-10A-01D-2252-01	1	16987014	17063449	8	0.0966
TCGA-HT-7689-10A-01D-2252-01	1	17067742	17130530	44	-0.5546
TCGA-HT-7689-10A-01D-2252-01	1	17130726	25332267	5218	-3e-04
TCGA-HT-7689-10A-01D-2252-01	1	25332324	25332339	2	-1.1752
TCGA-HT-7689-10A-01D-2252-01	1	25332546	34864261	5070	0.0039
TCGA-HT-7689-10A-01D-2252-01	1	34875241	34875623	6	-0.8716
TCGA-HT-7689-10A-01D-2252-01	1	34875729	34876414	5	-0.1884
TCGA-HT-7689-10A-01D-2252-01	1	34876451	34886855	10	-0.7464
TCGA-HT-7689-10A-01D-2252-01	1	34888129	91759622	36426	0.0041
TCGA-HT-7689-10A-01D-2252-01	1	91760612	91767174	6	-1.2067
TCGA-HT-7689-10A-01D-2252-01	1	91770078	105820728	8460	4e-04
TCGA-HT-7689-10A-01D-2252-01	1	105820759	105823898	16	0.8169
TCGA-HT-7689-10A-01D-2252-01	1	105825578	110034497	2670	5e-04
TCGA-HT-7689-10A-01D-2252-01	1	110034560	110041701	16	-1.313
TCGA-HT-7689-10A-01D-2252-01	1	110044476	147303148	8370	0.0138
TCGA-HT-7689-10A-01D-2252-01	1	147306690	147523315	132	-0.6779
TCGA-HT-7689-10A-01D-2252-01	1	147526040	147811996	34	-0.2478
TCGA-HT-7689-10A-01D-2252-01	1	147812010	147884075	5	0.9082
TCGA-HT-7689-10A-01D-2252-01	1	147884112	151026302	1694	0.0112
TCGA-HT-7689-10A-01D-2252-01	1	151028547	151035324	37	-0.3648
TCGA-HT-7689-10A-01D-2252-01	1	151040529	166031459	10230	5e-04
TCGA-HT-7689-10A-01D-2252-01	1	166032807	166033543	4	-1.0211
TCGA-HT-7689-10A-01D-2252-01	1	166035137	177590361	7745	0.0033
TCGA-HT-7689-10A-01D-2252-01	1	177597151	177599938	4	-1.3541
TCGA-HT-7689-10A-01D-2252-01	1	177605829	187914780	6831	0.0034
TCGA-HT-7689-10A-01D-2252-01	1	187915106	187915150	2	-1.7674
TCGA-HT-7689-10A-01D-2252-01	1	187918670	193614604	3837	-4e-04
TCGA-HT-7689-10A-01D-2252-01	1	193614767	193616409	3	-1.1842
TCGA-HT-7689-10A-01D-2252-01	1	193619565	194981496	899	-0.0019
TCGA-HT-7689-10A-01D-2252-01	1	194994473	195065446	76	0.2881
TCGA-HT-7689-10A-01D-2252-01	1	195065782	196571159	843	0.0018
TCGA-HT-7689-10A-01D-2252-01	1	196573483	196574402	3	-1.4827
TCGA-HT-7689-10A-01D-2252-01	1	196577982	197377986	554	-0.0015
TCGA-HT-7689-10A-01D-2252-01	1	197378049	197380463	8	-0.7995
TCGA-HT-7689-10A-01D-2252-01	1	197380861	208137685	7433	0.0017
TCGA-HT-7689-10A-01D-2252-01	1	208148236	208150607	3	-1.9354
TCGA-HT-7689-10A-01D-2252-01	1	208153175	247191011	27146	-4e-04
TCGA-HT-7689-10A-01D-2252-01	10	62759	12459801	10368	-0.0011
TCGA-HT-7689-10A-01D-2252-01	10	12460220	12464881	3	-1.5752
TCGA-HT-7689-10A-01D-2252-01	10	12470342	23116241	8014	0.0016
TCGA-HT-7689-10A-01D-2252-01	10	23122736	23122891	2	-1.1369
TCGA-HT-7689-10A-01D-2252-01	10	23126237	24417680	867	0.0031
TCGA-HT-7689-10A-01D-2252-01	10	24417681	24418060	10	0.9457
TCGA-HT-7689-10A-01D-2252-01	10	24418914	45390058	12260	0.0049
TCGA-HT-7689-10A-01D-2252-01	10	45392878	45403177	9	-0.633
TCGA-HT-7689-10A-01D-2252-01	10	45403506	46475717	141	0.0583
TCGA-HT-7689-10A-01D-2252-01	10	46478798	46488233	29	-0.3184
TCGA-HT-7689-10A-01D-2252-01	10	46488249	47173188	246	0.0437
TCGA-HT-7689-10A-01D-2252-01	10	47173229	47556577	22	0.3568
TCGA-HT-7689-10A-01D-2252-01	10	47565585	48578525	293	0.0197
TCGA-HT-7689-10A-01D-2252-01	10	48651181	48665901	4	0.8235
TCGA-HT-7689-10A-01D-2252-01	10	48702225	51492405	1461	0.0077
TCGA-HT-7689-10A-01D-2252-01	10	51500366	51510990	2	-2.2436
TCGA-HT-7689-10A-01D-2252-01	10	51527225	66977929	11031	-0.0048
TCGA-HT-7689-10A-01D-2252-01	10	66977942	66984452	27	0.5807
TCGA-HT-7689-10A-01D-2252-01	10	66992801	106761131	25517	7e-04
TCGA-HT-7689-10A-01D-2252-01	10	106761697	106767602	5	-1.0009
TCGA-HT-7689-10A-01D-2252-01	10	106770743	110950017	3153	-0.0015
TCGA-HT-7689-10A-01D-2252-01	10	110956741	110956869	3	-2.1476
TCGA-HT-7689-10A-01D-2252-01	10	110958010	111708204	488	0.0072
TCGA-HT-7689-10A-01D-2252-01	10	111711768	111713267	3	-0.8852
TCGA-HT-7689-10A-01D-2252-01	10	111715683	114102065	1681	-0.0045
TCGA-HT-7689-10A-01D-2252-01	10	114103806	114106828	2	-1.2063
TCGA-HT-7689-10A-01D-2252-01	10	114108407	118975475	3357	-0.0038
TCGA-HT-7689-10A-01D-2252-01	10	118976386	118976703	3	0.8939
TCGA-HT-7689-10A-01D-2252-01	10	118978719	124642388	4407	0.003
TCGA-HT-7689-10A-01D-2252-01	10	124646565	124655592	3	-0.9251
TCGA-HT-7689-10A-01D-2252-01	10	124656532	124786980	86	0.0216
TCGA-HT-7689-10A-01D-2252-01	10	124789154	124789249	3	-0.897
TCGA-HT-7689-10A-01D-2252-01	10	124793809	135079131	7474	0.0018
TCGA-HT-7689-10A-01D-2252-01	10	135079709	135079858	2	1.0923
TCGA-HT-7689-10A-01D-2252-01	10	135082644	135356694	150	0.0452
TCGA-HT-7689-10A-01D-2252-01	11	188510	4683016	2205	0.0094
TCGA-HT-7689-10A-01D-2252-01	11	4683194	4683467	5	-0.8642
TCGA-HT-7689-10A-01D-2252-01	11	4685710	5740499	1096	0.0032
TCGA-HT-7689-10A-01D-2252-01	11	5743981	5765715	33	-0.5916
TCGA-HT-7689-10A-01D-2252-01	11	5765914	20800467	11162	-0.0015
TCGA-HT-7689-10A-01D-2252-01	11	20801428	20806334	3	-1.1299
TCGA-HT-7689-10A-01D-2252-01	11	20806806	24398750	2689	0.0097
TCGA-HT-7689-10A-01D-2252-01	11	24400825	24406833	6	-1.0382
TCGA-HT-7689-10A-01D-2252-01	11	24411752	42769727	12835	-0.0032
TCGA-HT-7689-10A-01D-2252-01	11	42773062	42774615	2	-2.8071
TCGA-HT-7689-10A-01D-2252-01	11	42777179	49715432	3880	0.0098
TCGA-HT-7689-10A-01D-2252-01	11	49715563	49717264	7	-0.8881
TCGA-HT-7689-10A-01D-2252-01	11	49722737	54695664	541	0.0185
TCGA-HT-7689-10A-01D-2252-01	11	54696918	54788596	14	-0.5384
TCGA-HT-7689-10A-01D-2252-01	11	54790851	55119916	196	0.0403
TCGA-HT-7689-10A-01D-2252-01	11	55130608	55198894	48	-0.5603
TCGA-HT-7689-10A-01D-2252-01	11	55200787	55201870	4	0.2741
TCGA-HT-7689-10A-01D-2252-01	11	55202521	55209585	7	-0.7252
TCGA-HT-7689-10A-01D-2252-01	11	55210152	134449982	52444	0.0011
TCGA-HT-7689-10A-01D-2252-01	12	20703	6389712	4695	0.0019
TCGA-HT-7689-10A-01D-2252-01	12	6393484	6393604	2	-1.1744
TCGA-HT-7689-10A-01D-2252-01	12	6396680	8248774	856	0.0036
TCGA-HT-7689-10A-01D-2252-01	12	8253317	8285095	12	0.8196
TCGA-HT-7689-10A-01D-2252-01	12	8285644	9521823	641	0.0242
TCGA-HT-7689-10A-01D-2252-01	12	9525137	9619559	24	-1.6378
TCGA-HT-7689-10A-01D-2252-01	12	9626236	30471714	14762	0.0011
TCGA-HT-7689-10A-01D-2252-01	12	30471879	30472248	2	-1.28
TCGA-HT-7689-10A-01D-2252-01	12	30481350	33185174	1876	-0.0033
TCGA-HT-7689-10A-01D-2252-01	12	33185765	33200130	40	0.2754
TCGA-HT-7689-10A-01D-2252-01	12	33200200	44190705	5618	-0.0012
TCGA-HT-7689-10A-01D-2252-01	12	44192107	44195804	3	-2.3498
TCGA-HT-7689-10A-01D-2252-01	12	44199559	57007498	7220	0.0055
TCGA-HT-7689-10A-01D-2252-01	12	57016418	57016429	2	-1.4536
TCGA-HT-7689-10A-01D-2252-01	12	57017115	132288262	49350	3e-04
TCGA-HT-7689-10A-01D-2252-01	13	17924949	22530860	2901	0.0111
TCGA-HT-7689-10A-01D-2252-01	13	22530876	22531515	10	-0.7168
TCGA-HT-7689-10A-01D-2252-01	13	22536195	36969135	10665	0.0013
TCGA-HT-7689-10A-01D-2252-01	13	36970036	36982757	16	0.454
TCGA-HT-7689-10A-01D-2252-01	13	36986330	48429552	8036	9e-04
TCGA-HT-7689-10A-01D-2252-01	13	48431716	48434505	2	-3.2727
TCGA-HT-7689-10A-01D-2252-01	13	48435706	114126499	42715	0
TCGA-HT-7689-10A-01D-2252-01	14	18072124	18492533	29	0.0932
TCGA-HT-7689-10A-01D-2252-01	14	18502799	19227683	52	0.4637
TCGA-HT-7689-10A-01D-2252-01	14	19270023	19493212	109	0.9923
TCGA-HT-7689-10A-01D-2252-01	14	19494766	21490677	1399	-0.035
TCGA-HT-7689-10A-01D-2252-01	14	21491334	21800661	273	-0.7185
TCGA-HT-7689-10A-01D-2252-01	14	21800768	22020331	164	-1.0271
TCGA-HT-7689-10A-01D-2252-01	14	22023447	22058411	59	-0.4129
TCGA-HT-7689-10A-01D-2252-01	14	22063560	42057255	12617	0.004
TCGA-HT-7689-10A-01D-2252-01	14	42057616	42062184	3	-1.2799
TCGA-HT-7689-10A-01D-2252-01	14	42065261	44243850	1270	-0.0061
TCGA-HT-7689-10A-01D-2252-01	14	44251898	44293463	32	-1.1573
TCGA-HT-7689-10A-01D-2252-01	14	44296609	62011580	11326	0.0016
TCGA-HT-7689-10A-01D-2252-01	14	62011913	62012635	3	-0.9745
TCGA-HT-7689-10A-01D-2252-01	14	62013478	62878437	595	-0.0079
TCGA-HT-7689-10A-01D-2252-01	14	62878925	62879625	2	-1.4585
TCGA-HT-7689-10A-01D-2252-01	14	62880922	105848388	27359	0.0023
TCGA-HT-7689-10A-01D-2252-01	14	105854089	105873098	8	0.7469
TCGA-HT-7689-10A-01D-2252-01	14	105886988	105964318	39	-0.0256
TCGA-HT-7689-10A-01D-2252-01	14	105964501	105983660	35	0.2879
TCGA-HT-7689-10A-01D-2252-01	14	105983675	106356482	234	-0.0162
TCGA-HT-7689-10A-01D-2252-01	15	18276341	18522250	53	0.066
TCGA-HT-7689-10A-01D-2252-01	15	18524300	20224763	370	0.7249
TCGA-HT-7689-10A-01D-2252-01	15	20232440	28333305	4721	0.0038
TCGA-HT-7689-10A-01D-2252-01	15	28339437	28348859	2	-1.6371
TCGA-HT-7689-10A-01D-2252-01	15	28350062	71497913	27661	0.0017
TCGA-HT-7689-10A-01D-2252-01	15	71501130	71501778	2	1.531
TCGA-HT-7689-10A-01D-2252-01	15	71504998	100286563	19271	0.001
TCGA-HT-7689-10A-01D-2252-01	16	777	22336146	14852	0.0036
TCGA-HT-7689-10A-01D-2252-01	16	22338871	22609580	70	0.2397
TCGA-HT-7689-10A-01D-2252-01	16	22609622	52926959	11154	0.0022
TCGA-HT-7689-10A-01D-2252-01	16	52927011	52927024	2	-1.3443
TCGA-HT-7689-10A-01D-2252-01	16	52930364	54354095	1260	-0.0048
TCGA-HT-7689-10A-01D-2252-01	16	54355723	54379945	18	1.1359
TCGA-HT-7689-10A-01D-2252-01	16	54387058	76929109	14518	-0.0012
TCGA-HT-7689-10A-01D-2252-01	16	76929941	76938764	14	-2.8748
TCGA-HT-7689-10A-01D-2252-01	16	76940641	88815036	10646	-0.0017
TCGA-HT-7689-10A-01D-2252-01	17	526	41719947	23642	0.0028
TCGA-HT-7689-10A-01D-2252-01	17	41750187	42107462	47	0.7785
TCGA-HT-7689-10A-01D-2252-01	17	42107479	53567099	7366	-4e-04
TCGA-HT-7689-10A-01D-2252-01	17	53567513	53569093	4	-1.0101
TCGA-HT-7689-10A-01D-2252-01	17	53572397	78643088	14254	0.0031
TCGA-HT-7689-10A-01D-2252-01	18	1543	26416116	16311	0.0029
TCGA-HT-7689-10A-01D-2252-01	18	26422432	26422600	2	-1.2917
TCGA-HT-7689-10A-01D-2252-01	18	26423373	35809428	6040	-0.0043
TCGA-HT-7689-10A-01D-2252-01	18	35813236	35813371	2	-1.045
TCGA-HT-7689-10A-01D-2252-01	18	35813592	40228816	2878	0.001
TCGA-HT-7689-10A-01D-2252-01	18	40230884	40232623	6	-0.8237
TCGA-HT-7689-10A-01D-2252-01	18	40236669	48106629	5596	0.0054
TCGA-HT-7689-10A-01D-2252-01	18	48107283	48108578	4	-1.0574
TCGA-HT-7689-10A-01D-2252-01	18	48111596	56068828	5476	9e-04
TCGA-HT-7689-10A-01D-2252-01	18	56068921	56069331	8	-0.7901
TCGA-HT-7689-10A-01D-2252-01	18	56073091	57431700	940	0.008
TCGA-HT-7689-10A-01D-2252-01	18	57431850	57435879	8	-0.6181
TCGA-HT-7689-10A-01D-2252-01	18	57436608	60303366	2052	-0.0045
TCGA-HT-7689-10A-01D-2252-01	18	60304851	60326821	4	-0.8062
TCGA-HT-7689-10A-01D-2252-01	18	60326857	61042483	463	6e-04
TCGA-HT-7689-10A-01D-2252-01	18	61044850	61045164	3	-1.0275
TCGA-HT-7689-10A-01D-2252-01	18	61045339	61918120	657	-0.051
TCGA-HT-7689-10A-01D-2252-01	18	61918268	61926575	3	1.0062
TCGA-HT-7689-10A-01D-2252-01	18	61928110	63413091	996	0.0012
TCGA-HT-7689-10A-01D-2252-01	18	63418258	63418292	2	-1.5322
TCGA-HT-7689-10A-01D-2252-01	18	63418575	74761681	8679	-0.0065
TCGA-HT-7689-10A-01D-2252-01	18	74763702	74765851	5	-1.3174
TCGA-HT-7689-10A-01D-2252-01	18	74767437	76116029	705	0.0114
TCGA-HT-7689-10A-01D-2252-01	19	41910	4166083	1119	-0.0019
TCGA-HT-7689-10A-01D-2252-01	19	4174072	4175028	2	1.3745
TCGA-HT-7689-10A-01D-2252-01	19	4181223	5457659	476	0.0129
TCGA-HT-7689-10A-01D-2252-01	19	5461239	5461580	2	1.2657
TCGA-HT-7689-10A-01D-2252-01	19	5461653	12553001	3477	0.0034
TCGA-HT-7689-10A-01D-2252-01	19	12558366	12559102	2	-1.8629
TCGA-HT-7689-10A-01D-2252-01	19	12561523	40541162	11752	-4e-04
TCGA-HT-7689-10A-01D-2252-01	19	40541333	40558626	24	-0.4626
TCGA-HT-7689-10A-01D-2252-01	19	40558641	55947123	7518	0.0098
TCGA-HT-7689-10A-01D-2252-01	19	55949062	55957851	4	-1.1385
TCGA-HT-7689-10A-01D-2252-01	19	55958964	63789666	4986	0.0085
TCGA-HT-7689-10A-01D-2252-01	2	2784	4181455	2990	0.0017
TCGA-HT-7689-10A-01D-2252-01	2	4183562	4201042	37	-0.6545
TCGA-HT-7689-10A-01D-2252-01	2	4201387	40250755	25274	-0.0032
TCGA-HT-7689-10A-01D-2252-01	2	40253631	40253816	3	-0.9822
TCGA-HT-7689-10A-01D-2252-01	2	40260022	52608369	8921	4e-04
TCGA-HT-7689-10A-01D-2252-01	2	52608385	52635046	34	-0.6232
TCGA-HT-7689-10A-01D-2252-01	2	52641453	58280661	4028	0.0011
TCGA-HT-7689-10A-01D-2252-01	2	58283374	58283545	2	-1.4455
TCGA-HT-7689-10A-01D-2252-01	2	58284633	89885829	19023	0.0013
TCGA-HT-7689-10A-01D-2252-01	2	89886089	91152239	44	0.3648
TCGA-HT-7689-10A-01D-2252-01	2	91152698	97221654	966	0.0223
TCGA-HT-7689-10A-01D-2252-01	2	97229064	97240000	12	-0.4679
TCGA-HT-7689-10A-01D-2252-01	2	97240533	97391786	24	0.0845
TCGA-HT-7689-10A-01D-2252-01	2	97429511	97528621	12	0.7542
TCGA-HT-7689-10A-01D-2252-01	2	97533310	106241154	5582	0.0038
TCGA-HT-7689-10A-01D-2252-01	2	106246527	106251789	12	0.6028
TCGA-HT-7689-10A-01D-2252-01	2	106253687	107807168	995	0.0033
TCGA-HT-7689-10A-01D-2252-01	2	107813401	107874484	7	0.6976
TCGA-HT-7689-10A-01D-2252-01	2	107886808	129354548	12454	3e-04
TCGA-HT-7689-10A-01D-2252-01	2	129354948	129356767	14	-0.9814
TCGA-HT-7689-10A-01D-2252-01	2	129356785	146578555	10490	0.0025
TCGA-HT-7689-10A-01D-2252-01	2	146580874	146583404	24	0.8415
TCGA-HT-7689-10A-01D-2252-01	2	146594276	189797842	26271	0.0016
TCGA-HT-7689-10A-01D-2252-01	2	189806236	189809238	3	-1.0333
TCGA-HT-7689-10A-01D-2252-01	2	189812473	242422053	32756	-0.0012
TCGA-HT-7689-10A-01D-2252-01	2	242423664	242423731	2	1.3644
TCGA-HT-7689-10A-01D-2252-01	2	242430944	242738129	145	0.0107
TCGA-HT-7689-10A-01D-2252-01	20	9305	9690	11	0.3354
TCGA-HT-7689-10A-01D-2252-01	20	9795	1508922	1193	0.0141
TCGA-HT-7689-10A-01D-2252-01	20	1508951	1530207	38	1.315
TCGA-HT-7689-10A-01D-2252-01	20	1538257	52078275	33764	0.0031
TCGA-HT-7689-10A-01D-2252-01	20	52081215	52092058	38	-0.7896
TCGA-HT-7689-10A-01D-2252-01	20	52095981	62426597	7458	0.002
TCGA-HT-7689-10A-01D-2252-01	21	9758742	24507255	8045	0.0012
TCGA-HT-7689-10A-01D-2252-01	21	24510120	24510210	3	-1.1985
TCGA-HT-7689-10A-01D-2252-01	21	24510827	27202384	1983	0.0011
TCGA-HT-7689-10A-01D-2252-01	21	27204531	27204723	3	-1.8574
TCGA-HT-7689-10A-01D-2252-01	21	27205475	43792481	12622	-0.0032
TCGA-HT-7689-10A-01D-2252-01	21	43795301	43797240	2	-2.3068
TCGA-HT-7689-10A-01D-2252-01	21	43798095	46921385	1767	0.0089
TCGA-HT-7689-10A-01D-2252-01	22	14432528	14790795	60	0.324
TCGA-HT-7689-10A-01D-2252-01	22	14805145	17053357	1156	0.0129
TCGA-HT-7689-10A-01D-2252-01	22	17112919	17150527	5	-0.8951
TCGA-HT-7689-10A-01D-2252-01	22	17161546	23991698	4245	0.0239
TCGA-HT-7689-10A-01D-2252-01	22	23993985	24248709	293	-0.8858
TCGA-HT-7689-10A-01D-2252-01	22	24252342	37620866	9717	-9e-04
TCGA-HT-7689-10A-01D-2252-01	22	37625201	37626850	3	-2.6115
TCGA-HT-7689-10A-01D-2252-01	22	37629060	49581321	8091	0.0033
TCGA-HT-7689-10A-01D-2252-01	3	35345	4142288	3755	-0.0106
TCGA-HT-7689-10A-01D-2252-01	3	4148839	4288485	97	-1.1966
TCGA-HT-7689-10A-01D-2252-01	3	4291641	6621543	1991	-0.0092
TCGA-HT-7689-10A-01D-2252-01	3	6626128	6628332	23	-0.6473
TCGA-HT-7689-10A-01D-2252-01	3	6630078	26401195	14079	0.0015
TCGA-HT-7689-10A-01D-2252-01	3	26409128	26414347	5	-1.2512
TCGA-HT-7689-10A-01D-2252-01	3	26420977	26558224	107	0.0212
TCGA-HT-7689-10A-01D-2252-01	3	26563445	26563661	2	-1.1874
TCGA-HT-7689-10A-01D-2252-01	3	26563868	26588205	22	0.0188
TCGA-HT-7689-10A-01D-2252-01	3	26589978	26589988	7	0.5139
TCGA-HT-7689-10A-01D-2252-01	3	26589989	33021860	4460	-5e-04
TCGA-HT-7689-10A-01D-2252-01	3	33022354	33023825	2	-1.2415
TCGA-HT-7689-10A-01D-2252-01	3	33025705	37952421	3149	-0.005
TCGA-HT-7689-10A-01D-2252-01	3	37957112	37962110	19	-0.8398
TCGA-HT-7689-10A-01D-2252-01	3	37962146	60199051	13313	5e-04
TCGA-HT-7689-10A-01D-2252-01	3	60199742	60200449	2	-1.2477
TCGA-HT-7689-10A-01D-2252-01	3	60200514	74717787	11338	-8e-04
TCGA-HT-7689-10A-01D-2252-01	3	74729582	74729957	2	-1.1527
TCGA-HT-7689-10A-01D-2252-01	3	74731875	75651239	459	0.016
TCGA-HT-7689-10A-01D-2252-01	3	75655239	75669495	6	-1.8534
TCGA-HT-7689-10A-01D-2252-01	3	75677871	100420474	11015	0.0029
TCGA-HT-7689-10A-01D-2252-01	3	100427148	100431998	36	-0.5276
TCGA-HT-7689-10A-01D-2252-01	3	100432004	101894567	793	-0.0014
TCGA-HT-7689-10A-01D-2252-01	3	101894584	101895871	2	-1.2621
TCGA-HT-7689-10A-01D-2252-01	3	101899916	126932216	15480	0.0057
TCGA-HT-7689-10A-01D-2252-01	3	126932304	126949237	9	-1.0574
TCGA-HT-7689-10A-01D-2252-01	3	126952111	131245549	2471	0.0088
TCGA-HT-7689-10A-01D-2252-01	3	131246388	131288742	51	-1.216
TCGA-HT-7689-10A-01D-2252-01	3	131288926	156959241	15988	0.0044
TCGA-HT-7689-10A-01D-2252-01	3	156963791	156974871	28	0.6075
TCGA-HT-7689-10A-01D-2252-01	3	156996103	164023184	4302	0.0044
TCGA-HT-7689-10A-01D-2252-01	3	164028410	164109266	49	-0.3131
TCGA-HT-7689-10A-01D-2252-01	3	164109297	164197211	71	-0.0198
TCGA-HT-7689-10A-01D-2252-01	3	164200421	164202256	2	-2.692
TCGA-HT-7689-10A-01D-2252-01	3	164208853	194360656	19130	0.0029
TCGA-HT-7689-10A-01D-2252-01	3	194360739	194365597	18	1.5038
TCGA-HT-7689-10A-01D-2252-01	3	194369129	196946367	1524	0.0082
TCGA-HT-7689-10A-01D-2252-01	3	196947987	196960434	9	-0.5394
TCGA-HT-7689-10A-01D-2252-01	3	196964365	198146918	543	0.0091
TCGA-HT-7689-10A-01D-2252-01	3	198147718	198148221	2	-1.2894
TCGA-HT-7689-10A-01D-2252-01	3	198148326	199318116	586	0.0108
TCGA-HT-7689-10A-01D-2252-01	3	199318142	199318210	4	-1.1102
TCGA-HT-7689-10A-01D-2252-01	3	199318527	199380515	38	0.2057
TCGA-HT-7689-10A-01D-2252-01	4	2281	9066075	5250	0.006
TCGA-HT-7689-10A-01D-2252-01	4	9070328	9088443	8	2.2562
TCGA-HT-7689-10A-01D-2252-01	4	9095185	9819488	545	0.0137
TCGA-HT-7689-10A-01D-2252-01	4	9832514	9843364	30	-1.8645
TCGA-HT-7689-10A-01D-2252-01	4	9843706	25897916	11749	0.0013
TCGA-HT-7689-10A-01D-2252-01	4	25901083	25903874	3	-1.1131
TCGA-HT-7689-10A-01D-2252-01	4	25904272	29615890	2404	0.0026
TCGA-HT-7689-10A-01D-2252-01	4	29621050	29622023	2	-1.2925
TCGA-HT-7689-10A-01D-2252-01	4	29622690	34455449	2844	0.0035
TCGA-HT-7689-10A-01D-2252-01	4	34462895	34501120	38	-0.5353
TCGA-HT-7689-10A-01D-2252-01	4	34506267	48962605	8990	0.003
TCGA-HT-7689-10A-01D-2252-01	4	48985949	48986112	2	-1.7653
TCGA-HT-7689-10A-01D-2252-01	4	48991977	58560075	4241	0.008
TCGA-HT-7689-10A-01D-2252-01	4	58563289	58563471	3	-1.122
TCGA-HT-7689-10A-01D-2252-01	4	58565360	68967186	6255	-0.0012
TCGA-HT-7689-10A-01D-2252-01	4	68970733	68970737	3	-1.4929
TCGA-HT-7689-10A-01D-2252-01	4	68977394	69027207	9	-0.0776
TCGA-HT-7689-10A-01D-2252-01	4	69043083	69222620	75	0.6243
TCGA-HT-7689-10A-01D-2252-01	4	69234339	70162233	326	0.0438
TCGA-HT-7689-10A-01D-2252-01	4	70162241	70266713	55	-0.6207
TCGA-HT-7689-10A-01D-2252-01	4	70270740	100902215	18601	0.0025
TCGA-HT-7689-10A-01D-2252-01	4	100903067	100903077	2	-1.2078
TCGA-HT-7689-10A-01D-2252-01	4	100914386	116385317	9396	-0.0013
TCGA-HT-7689-10A-01D-2252-01	4	116385553	116395574	23	-0.646
TCGA-HT-7689-10A-01D-2252-01	4	116399631	138311689	12629	0.0015
TCGA-HT-7689-10A-01D-2252-01	4	138311870	138314422	16	-0.6992
TCGA-HT-7689-10A-01D-2252-01	4	138314571	140448457	1526	-0.0037
TCGA-HT-7689-10A-01D-2252-01	4	140451996	140457810	6	-0.8419
TCGA-HT-7689-10A-01D-2252-01	4	140459145	157187630	10156	6e-04
TCGA-HT-7689-10A-01D-2252-01	4	157187733	157187748	2	-1.5471
TCGA-HT-7689-10A-01D-2252-01	4	157187923	172605921	9777	0.0024
TCGA-HT-7689-10A-01D-2252-01	4	172611459	172614299	11	-0.8904
TCGA-HT-7689-10A-01D-2252-01	4	172614351	181986151	6043	0.0115
TCGA-HT-7689-10A-01D-2252-01	4	181986415	181986417	2	-1.4306
TCGA-HT-7689-10A-01D-2252-01	4	181987992	188266185	4582	0.0024
TCGA-HT-7689-10A-01D-2252-01	4	188266389	188266845	2	-1.2794
TCGA-HT-7689-10A-01D-2252-01	4	188267084	189742098	1019	-0.0058
TCGA-HT-7689-10A-01D-2252-01	4	189742448	189742914	3	-0.9479
TCGA-HT-7689-10A-01D-2252-01	4	189743522	191261904	891	0.0167
TCGA-HT-7689-10A-01D-2252-01	5	68532	949815	384	1e-04
TCGA-HT-7689-10A-01D-2252-01	5	958701	961540	3	-1.1451
TCGA-HT-7689-10A-01D-2252-01	5	966391	4006610	2489	0.0049
TCGA-HT-7689-10A-01D-2252-01	5	4011474	4022857	10	-1.2472
TCGA-HT-7689-10A-01D-2252-01	5	4026807	13855998	7915	-7e-04
TCGA-HT-7689-10A-01D-2252-01	5	13856120	13856158	2	-1.2109
TCGA-HT-7689-10A-01D-2252-01	5	13856552	15772222	1413	0.0034
TCGA-HT-7689-10A-01D-2252-01	5	15772350	15773597	10	-1.009
TCGA-HT-7689-10A-01D-2252-01	5	15776346	20509338	3018	-3e-04
TCGA-HT-7689-10A-01D-2252-01	5	20521413	20521503	2	-1.0933
TCGA-HT-7689-10A-01D-2252-01	5	20521947	21412601	488	-0.0098
TCGA-HT-7689-10A-01D-2252-01	5	21413596	21413610	2	-1.9021
TCGA-HT-7689-10A-01D-2252-01	5	21421823	21486957	46	-0.0581
TCGA-HT-7689-10A-01D-2252-01	5	21487034	21487755	3	-2.9788
TCGA-HT-7689-10A-01D-2252-01	5	21488195	23615554	1193	0.0036
TCGA-HT-7689-10A-01D-2252-01	5	23616744	23617215	2	-1.4344
TCGA-HT-7689-10A-01D-2252-01	5	23619711	24035664	244	0.0148
TCGA-HT-7689-10A-01D-2252-01	5	24039743	24049926	5	-1.1101
TCGA-HT-7689-10A-01D-2252-01	5	24051206	27560209	2115	0.0037
TCGA-HT-7689-10A-01D-2252-01	5	27561147	27561271	2	-1.8006
TCGA-HT-7689-10A-01D-2252-01	5	27561664	46307687	11478	0.0039
TCGA-HT-7689-10A-01D-2252-01	5	46308278	46309259	5	-2.7057
TCGA-HT-7689-10A-01D-2252-01	5	46313969	52486638	1766	0.0011
TCGA-HT-7689-10A-01D-2252-01	5	52488520	52489623	4	-1.0565
TCGA-HT-7689-10A-01D-2252-01	5	52493921	57364872	3317	0.0022
TCGA-HT-7689-10A-01D-2252-01	5	57365287	57376901	32	-0.6052
TCGA-HT-7689-10A-01D-2252-01	5	57377877	70290662	7317	0.0018
TCGA-HT-7689-10A-01D-2252-01	5	70342415	70384949	6	-0.8481
TCGA-HT-7689-10A-01D-2252-01	5	70426941	139149061	42322	0.0023
TCGA-HT-7689-10A-01D-2252-01	5	139158346	139163080	4	-1.5021
TCGA-HT-7689-10A-01D-2252-01	5	139164128	140198906	483	0.0162
TCGA-HT-7689-10A-01D-2252-01	5	140204020	140212023	9	-0.7284
TCGA-HT-7689-10A-01D-2252-01	5	140221211	143384644	2060	4e-04
TCGA-HT-7689-10A-01D-2252-01	5	143386876	143390529	5	-1.0397
TCGA-HT-7689-10A-01D-2252-01	5	143390900	144473752	691	-0.0022
TCGA-HT-7689-10A-01D-2252-01	5	144474011	144474757	5	-0.6003
TCGA-HT-7689-10A-01D-2252-01	5	144474852	151495579	4789	0.0011
TCGA-HT-7689-10A-01D-2252-01	5	151495663	151500464	14	-0.7217
TCGA-HT-7689-10A-01D-2252-01	5	151500615	177160157	17510	-0.0024
TCGA-HT-7689-10A-01D-2252-01	5	177161185	177165211	2	1.6292
TCGA-HT-7689-10A-01D-2252-01	5	177187571	178040428	448	0.0142
TCGA-HT-7689-10A-01D-2252-01	5	178042581	178045769	3	-2.8281
TCGA-HT-7689-10A-01D-2252-01	5	178051461	180311494	1365	0.006
TCGA-HT-7689-10A-01D-2252-01	5	180312809	180375006	20	-0.5853
TCGA-HT-7689-10A-01D-2252-01	5	180375047	180435974	52	0.019
TCGA-HT-7689-10A-01D-2252-01	5	180442410	180443553	3	-0.932
TCGA-HT-7689-10A-01D-2252-01	5	180444921	180722926	112	0.0327
TCGA-HT-7689-10A-01D-2252-01	6	94661	198861	99	0.0443
TCGA-HT-7689-10A-01D-2252-01	6	199267	327559	104	0.3083
TCGA-HT-7689-10A-01D-2252-01	6	327897	27329693	20294	0.0034
TCGA-HT-7689-10A-01D-2252-01	6	27331446	27332612	2	-1.4366
TCGA-HT-7689-10A-01D-2252-01	6	27333171	29958345	1273	-0.0109
TCGA-HT-7689-10A-01D-2252-01	6	29958359	30009555	18	-0.7411
TCGA-HT-7689-10A-01D-2252-01	6	30016448	31395201	656	0.0036
TCGA-HT-7689-10A-01D-2252-01	6	31395480	31404430	6	1.1802
TCGA-HT-7689-10A-01D-2252-01	6	31417903	32798005	619	0.0111
TCGA-HT-7689-10A-01D-2252-01	6	32798775	32798808	3	1.7634
TCGA-HT-7689-10A-01D-2252-01	6	32798923	44813599	7646	0.0061
TCGA-HT-7689-10A-01D-2252-01	6	44818137	44818282	2	-1.1627
TCGA-HT-7689-10A-01D-2252-01	6	44821487	49038824	2732	-0.0014
TCGA-HT-7689-10A-01D-2252-01	6	49039688	49043159	5	-0.8296
TCGA-HT-7689-10A-01D-2252-01	6	49054522	54039026	3318	6e-04
TCGA-HT-7689-10A-01D-2252-01	6	54039043	54039814	8	-1.271
TCGA-HT-7689-10A-01D-2252-01	6	54043307	67065007	5464	0.0145
TCGA-HT-7689-10A-01D-2252-01	6	67065744	67105350	55	-1.014
TCGA-HT-7689-10A-01D-2252-01	6	67106127	77071668	6487	3e-04
TCGA-HT-7689-10A-01D-2252-01	6	77073620	77073646	3	-1.109
TCGA-HT-7689-10A-01D-2252-01	6	77073713	77493251	296	3e-04
TCGA-HT-7689-10A-01D-2252-01	6	77496587	77509408	20	-0.5999
TCGA-HT-7689-10A-01D-2252-01	6	77509476	79036196	1005	0.0191
TCGA-HT-7689-10A-01D-2252-01	6	79036552	79089036	83	0.2602
TCGA-HT-7689-10A-01D-2252-01	6	79089311	143581526	40530	0.0051
TCGA-HT-7689-10A-01D-2252-01	6	143589974	143590270	3	1.2174
TCGA-HT-7689-10A-01D-2252-01	6	143591614	168916297	18010	8e-04
TCGA-HT-7689-10A-01D-2252-01	6	168917139	168917465	3	-1.2576
TCGA-HT-7689-10A-01D-2252-01	6	168923131	170761420	1255	0.0094
TCGA-HT-7689-10A-01D-2252-01	6	170824252	170892930	4	-0.758
TCGA-HT-7689-10A-01D-2252-01	7	52911	21783380	15567	0.0036
TCGA-HT-7689-10A-01D-2252-01	7	21783573	21784117	3	-1.217
TCGA-HT-7689-10A-01D-2252-01	7	21784190	32798650	8116	0
TCGA-HT-7689-10A-01D-2252-01	7	32802625	32802882	2	1.1053
TCGA-HT-7689-10A-01D-2252-01	7	32814198	38257218	3761	0.0031
TCGA-HT-7689-10A-01D-2252-01	7	38257239	38315337	78	-0.8242
TCGA-HT-7689-10A-01D-2252-01	7	38315400	38323848	25	-0.4949
TCGA-HT-7689-10A-01D-2252-01	7	38324752	38328597	5	-1.0616
TCGA-HT-7689-10A-01D-2252-01	7	38333037	38364572	18	-0.3104
TCGA-HT-7689-10A-01D-2252-01	7	38367482	54334410	11013	0.004
TCGA-HT-7689-10A-01D-2252-01	7	54340642	54353999	4	-0.4031
TCGA-HT-7689-10A-01D-2252-01	7	54354003	54354011	5	-1.6762
TCGA-HT-7689-10A-01D-2252-01	7	54360982	64206287	3139	0.0221
TCGA-HT-7689-10A-01D-2252-01	7	64231500	64233133	6	1.4232
TCGA-HT-7689-10A-01D-2252-01	7	64274563	109221034	25665	0.0026
TCGA-HT-7689-10A-01D-2252-01	7	109224328	109225008	15	-1.0068
TCGA-HT-7689-10A-01D-2252-01	7	109225010	109228448	9	-0.0131
TCGA-HT-7689-10A-01D-2252-01	7	109228480	109241146	11	-2.0494
TCGA-HT-7689-10A-01D-2252-01	7	109241218	117614772	5138	-7e-04
TCGA-HT-7689-10A-01D-2252-01	7	117618979	117618980	2	-1.2935
TCGA-HT-7689-10A-01D-2252-01	7	117621960	125832792	4902	0.0015
TCGA-HT-7689-10A-01D-2252-01	7	125832887	125833851	10	-1.4079
TCGA-HT-7689-10A-01D-2252-01	7	125834112	133429192	4704	0.0027
TCGA-HT-7689-10A-01D-2252-01	7	133435717	133449737	38	0.582
TCGA-HT-7689-10A-01D-2252-01	7	133456784	141409593	5201	0.0019
TCGA-HT-7689-10A-01D-2252-01	7	141416112	141438377	41	-0.7019
TCGA-HT-7689-10A-01D-2252-01	7	141438576	141690711	190	-0.0133
TCGA-HT-7689-10A-01D-2252-01	7	141690917	141694120	8	0.4127
TCGA-HT-7689-10A-01D-2252-01	7	141724241	141864198	129	-0.0586
TCGA-HT-7689-10A-01D-2252-01	7	141864631	142193132	165	-0.3617
TCGA-HT-7689-10A-01D-2252-01	7	142193653	142928980	458	0.0074
TCGA-HT-7689-10A-01D-2252-01	7	142929090	143155139	86	0.3337
TCGA-HT-7689-10A-01D-2252-01	7	143155257	143548534	290	-0.0099
TCGA-HT-7689-10A-01D-2252-01	7	143558740	143697880	37	-0.5199
TCGA-HT-7689-10A-01D-2252-01	7	143705862	154596325	7026	0.006
TCGA-HT-7689-10A-01D-2252-01	7	154597447	154598060	13	0.4372
TCGA-HT-7689-10A-01D-2252-01	7	154599463	158819765	2662	0.0123
TCGA-HT-7689-10A-01D-2252-01	8	21254	583041	327	-0.0081
TCGA-HT-7689-10A-01D-2252-01	8	584944	585908	10	1.3918
TCGA-HT-7689-10A-01D-2252-01	8	591043	4153141	3822	-0.0097
TCGA-HT-7689-10A-01D-2252-01	8	4153431	4153446	3	1.0294
TCGA-HT-7689-10A-01D-2252-01	8	4153475	4892845	1064	0.0011
TCGA-HT-7689-10A-01D-2252-01	8	4895093	4898830	11	-1.0637
TCGA-HT-7689-10A-01D-2252-01	8	4902983	5063001	160	-0.0232
TCGA-HT-7689-10A-01D-2252-01	8	5063056	5063116	4	0.8071
TCGA-HT-7689-10A-01D-2252-01	8	5063125	6813262	2322	-0.0164
TCGA-HT-7689-10A-01D-2252-01	8	6813673	6814609	12	-1.5363
TCGA-HT-7689-10A-01D-2252-01	8	6820778	7174042	99	-0.0144
TCGA-HT-7689-10A-01D-2252-01	8	7174056	7225429	26	0.4514
TCGA-HT-7689-10A-01D-2252-01	8	7237790	16306606	7092	0.0031
TCGA-HT-7689-10A-01D-2252-01	8	16306618	16319032	27	-0.7339
TCGA-HT-7689-10A-01D-2252-01	8	16323066	25027869	6871	0.0028
TCGA-HT-7689-10A-01D-2252-01	8	25028104	25040167	27	-0.323
TCGA-HT-7689-10A-01D-2252-01	8	25040250	39349816	9043	-0.0013
TCGA-HT-7689-10A-01D-2252-01	8	39354760	39506122	59	0.7892
TCGA-HT-7689-10A-01D-2252-01	8	39507456	47640282	2773	0.0122
TCGA-HT-7689-10A-01D-2252-01	8	47644741	47655711	10	0.6193
TCGA-HT-7689-10A-01D-2252-01	8	47665260	51193325	1812	0.0038
TCGA-HT-7689-10A-01D-2252-01	8	51194564	51194940	8	-1.9545
TCGA-HT-7689-10A-01D-2252-01	8	51201131	51513149	223	0.0092
TCGA-HT-7689-10A-01D-2252-01	8	51520917	51912803	220	-1.1097
TCGA-HT-7689-10A-01D-2252-01	8	51917965	60121133	5516	0.0067
TCGA-HT-7689-10A-01D-2252-01	8	60124143	60127082	2	-1.1429
TCGA-HT-7689-10A-01D-2252-01	8	60127754	72374919	7349	0.0098
TCGA-HT-7689-10A-01D-2252-01	8	72377865	72379153	9	-0.6647
TCGA-HT-7689-10A-01D-2252-01	8	72382417	82122797	6060	0.0063
TCGA-HT-7689-10A-01D-2252-01	8	82124010	82129132	6	-1.0713
TCGA-HT-7689-10A-01D-2252-01	8	82132079	95626728	7783	0.0084
TCGA-HT-7689-10A-01D-2252-01	8	95626778	95627168	6	0.9395
TCGA-HT-7689-10A-01D-2252-01	8	95627291	112364257	10294	7e-04
TCGA-HT-7689-10A-01D-2252-01	8	112364378	112364436	3	-2.4421
TCGA-HT-7689-10A-01D-2252-01	8	112369457	144770300	22421	0.0063
TCGA-HT-7689-10A-01D-2252-01	8	144776300	144778951	9	-0.7193
TCGA-HT-7689-10A-01D-2252-01	8	144790132	146268959	506	0.044
TCGA-HT-7689-10A-01D-2252-01	9	36587	139481	15	0.4313
TCGA-HT-7689-10A-01D-2252-01	9	139727	23351805	20453	-0.0027
TCGA-HT-7689-10A-01D-2252-01	9	23353115	23362399	7	1.1185
TCGA-HT-7689-10A-01D-2252-01	9	23363484	44569219	11010	-0.0011
TCGA-HT-7689-10A-01D-2252-01	9	44667855	44795733	36	-0.9719
TCGA-HT-7689-10A-01D-2252-01	9	44806024	66435917	113	0.1325
TCGA-HT-7689-10A-01D-2252-01	9	66438522	66439058	2	-1.7483
TCGA-HT-7689-10A-01D-2252-01	9	66446318	86917463	12468	0.0037
TCGA-HT-7689-10A-01D-2252-01	9	86918370	86918849	2	-1.3235
TCGA-HT-7689-10A-01D-2252-01	9	86920385	89712414	2048	-0.0052
TCGA-HT-7689-10A-01D-2252-01	9	89743971	89744039	2	-1.685
TCGA-HT-7689-10A-01D-2252-01	9	89747777	116895935	19278	0.0018
TCGA-HT-7689-10A-01D-2252-01	9	116895951	116895961	2	-1.2718
TCGA-HT-7689-10A-01D-2252-01	9	116897987	129852313	9079	0.0048
TCGA-HT-7689-10A-01D-2252-01	9	129853017	129855807	3	-1.2122
TCGA-HT-7689-10A-01D-2252-01	9	129855846	140211215	5435	0.0067
TCGA-HT-7689-10A-01D-2252-01	X	108477	76270041	40148	-0.0016
TCGA-HT-7689-10A-01D-2252-01	X	76278683	76295047	2	-2.1715
TCGA-HT-7689-10A-01D-2252-01	X	76295049	76461534	16	-0.5268
TCGA-HT-7689-10A-01D-2252-01	X	76462887	103140431	14243	0.0034
TCGA-HT-7689-10A-01D-2252-01	X	103144645	103192014	59	0.566
TCGA-HT-7689-10A-01D-2252-01	X	103198403	151256565	28558	6e-04
TCGA-HT-7689-10A-01D-2252-01	X	151261654	151267281	3	-2.0589
TCGA-HT-7689-10A-01D-2252-01	X	151267973	154835548	1592	0.0245
TCGA-HT-7689-10A-01D-2252-01	Y	2710438	6161425	838	-2.693
TCGA-HT-7689-10A-01D-2252-01	Y	6167901	6484299	128	-4.0208
TCGA-HT-7689-10A-01D-2252-01	Y	6486233	17572959	4413	-3.2763
TCGA-HT-7689-10A-01D-2252-01	Y	17577516	17586788	3	-5.8152
TCGA-HT-7689-10A-01D-2252-01	Y	17587016	17674648	34	-3.4465
TCGA-HT-7689-10A-01D-2252-01	Y	17676255	17694743	10	-5.6732
TCGA-HT-7689-10A-01D-2252-01	Y	17695184	18080026	192	-3.2934
TCGA-HT-7689-10A-01D-2252-01	Y	18080874	19547685	705	-3.851
TCGA-HT-7689-10A-01D-2252-01	Y	19547873	22268551	1052	-3.2947
TCGA-HT-7689-10A-01D-2252-01	Y	22268856	22779934	120	-3.798
TCGA-HT-7689-10A-01D-2252-01	Y	22782074	22919906	70	-3.1179
TCGA-HT-7689-10A-01D-2252-01	Y	22924247	24632208	324	-3.9033
TCGA-HT-7689-10A-01D-2252-01	Y	24632519	24818154	42	-2.9537
TCGA-HT-7689-10A-01D-2252-01	Y	24819177	24836910	10	-4.3763
TCGA-HT-7689-10A-01D-2252-01	Y	24840062	24923103	29	-2.3519
TCGA-HT-7689-10A-01D-2252-01	Y	24926921	25776875	93	-4.2413
TCGA-HT-7689-10A-01D-2252-01	Y	25846090	26127678	91	-2.9334
TCGA-HT-7689-10A-01D-2252-01	Y	26129939	26465798	142	-4.0011
TCGA-HT-7689-10A-01D-2252-01	Y	26467278	26681504	53	-3.3435
TCGA-HT-7689-10A-01D-2252-01	Y	26687080	26731407	14	-5.3184
TCGA-HT-7689-10A-01D-2252-01	Y	26731471	26833326	43	-3.7444
TCGA-HT-7689-10A-01D-2252-01	Y	26847504	57427647	183	-2.7937
