barcode	chromosome	start	stop	num.mark	seg.mean
TCGA-FG-7643-01A-11D-2085-01	1	51598	88451	16	0.5373
TCGA-FG-7643-01A-11D-2085-01	1	88465	615333	18	-0.0688
TCGA-FG-7643-01A-11D-2085-01	1	696962	742429	11	0.6404
TCGA-FG-7643-01A-11D-2085-01	1	747332	16885372	8740	0.0124
TCGA-FG-7643-01A-11D-2085-01	1	16888764	16889467	4	0.4856
TCGA-FG-7643-01A-11D-2085-01	1	16889665	16921066	18	-0.993
TCGA-FG-7643-01A-11D-2085-01	1	16929044	25455928	5356	0.0096
TCGA-FG-7643-01A-11D-2085-01	1	25465715	25534592	30	-1.5975
TCGA-FG-7643-01A-11D-2085-01	1	25534799	27854024	968	0.0147
TCGA-FG-7643-01A-11D-2085-01	1	27854414	27854454	2	-1.6749
TCGA-FG-7643-01A-11D-2085-01	1	27857657	53814924	14440	0.0113
TCGA-FG-7643-01A-11D-2085-01	1	53815238	53815459	2	-1.4943
TCGA-FG-7643-01A-11D-2085-01	1	53815698	72544106	13360	0.0137
TCGA-FG-7643-01A-11D-2085-01	1	72544122	72583721	40	-0.503
TCGA-FG-7643-01A-11D-2085-01	1	72583736	108712268	23071	0.0142
TCGA-FG-7643-01A-11D-2085-01	1	108729983	108787720	11	-0.857
TCGA-FG-7643-01A-11D-2085-01	1	108815431	110029038	641	0.0265
TCGA-FG-7643-01A-11D-2085-01	1	110034497	110041701	17	1.2743
TCGA-FG-7643-01A-11D-2085-01	1	110044476	112491849	1954	0.0226
TCGA-FG-7643-01A-11D-2085-01	1	112497488	112498913	25	-1.6171
TCGA-FG-7643-01A-11D-2085-01	1	112507479	151028547	8248	0.027
TCGA-FG-7643-01A-11D-2085-01	1	151028563	151035324	36	0.6521
TCGA-FG-7643-01A-11D-2085-01	1	151040529	159746062	5268	0.0064
TCGA-FG-7643-01A-11D-2085-01	1	159763524	159768835	4	-1.7495
TCGA-FG-7643-01A-11D-2085-01	1	159769518	159884875	26	-0.3659
TCGA-FG-7643-01A-11D-2085-01	1	159885173	166031459	4922	-0.0207
TCGA-FG-7643-01A-11D-2085-01	1	166032807	166033543	4	-1.0401
TCGA-FG-7643-01A-11D-2085-01	1	166035137	173718086	5110	4e-04
TCGA-FG-7643-01A-11D-2085-01	1	173718751	173721679	2	-1.5105
TCGA-FG-7643-01A-11D-2085-01	1	173723176	191422415	11799	0.0073
TCGA-FG-7643-01A-11D-2085-01	1	191422902	191422955	3	-1.805
TCGA-FG-7643-01A-11D-2085-01	1	191422971	194977810	2399	-0.0507
TCGA-FG-7643-01A-11D-2085-01	1	194981445	195068695	95	-0.4291
TCGA-FG-7643-01A-11D-2085-01	1	195079130	243703033	33726	0.0029
TCGA-FG-7643-01A-11D-2085-01	1	243703662	243713527	11	-1.0402
TCGA-FG-7643-01A-11D-2085-01	1	243716274	247191011	2209	0.0186
TCGA-FG-7643-01A-11D-2085-01	10	62759	24415269	19230	-0.1985
TCGA-FG-7643-01A-11D-2085-01	10	24417680	24418060	11	-1.9193
TCGA-FG-7643-01A-11D-2085-01	10	24418914	26174047	1229	-0.2112
TCGA-FG-7643-01A-11D-2085-01	10	26174407	26202772	31	-0.5587
TCGA-FG-7643-01A-11D-2085-01	10	26204413	51492405	13181	-0.2043
TCGA-FG-7643-01A-11D-2085-01	10	51500366	51561926	5	-2.1894
TCGA-FG-7643-01A-11D-2085-01	10	51573774	89036478	25508	-0.2003
TCGA-FG-7643-01A-11D-2085-01	10	89059776	89102873	13	-1.1683
TCGA-FG-7643-01A-11D-2085-01	10	89107280	135356694	31791	-0.1982
TCGA-FG-7643-01A-11D-2085-01	11	188510	339250	77	-0.1232
TCGA-FG-7643-01A-11D-2085-01	11	354390	355502	2	-2.4171
TCGA-FG-7643-01A-11D-2085-01	11	356435	4925086	2400	-0.0024
TCGA-FG-7643-01A-11D-2085-01	11	4926819	4932848	29	1.0233
TCGA-FG-7643-01A-11D-2085-01	11	4932910	5740258	794	0.0261
TCGA-FG-7643-01A-11D-2085-01	11	5740499	5765715	34	0.7102
TCGA-FG-7643-01A-11D-2085-01	11	5765914	6064366	241	0.0354
TCGA-FG-7643-01A-11D-2085-01	11	6064845	6078670	8	-0.9508
TCGA-FG-7643-01A-11D-2085-01	11	6079079	21152252	11279	0.0152
TCGA-FG-7643-01A-11D-2085-01	11	21152319	21152756	2	-1.7222
TCGA-FG-7643-01A-11D-2085-01	11	21152811	49664951	19010	0.0075
TCGA-FG-7643-01A-11D-2085-01	11	49667437	49714167	18	-0.769
TCGA-FG-7643-01A-11D-2085-01	11	49714247	51033319	383	0.0659
TCGA-FG-7643-01A-11D-2085-01	11	51040151	51040482	3	-3.1645
TCGA-FG-7643-01A-11D-2085-01	11	51049446	51193834	46	0.073
TCGA-FG-7643-01A-11D-2085-01	11	51209566	51213821	3	1.7014
TCGA-FG-7643-01A-11D-2085-01	11	51231886	55119916	329	0.0899
TCGA-FG-7643-01A-11D-2085-01	11	55130608	55196566	47	0.6916
TCGA-FG-7643-01A-11D-2085-01	11	55198894	87942942	19232	0.0112
TCGA-FG-7643-01A-11D-2085-01	11	87948954	87949324	3	-1.202
TCGA-FG-7643-01A-11D-2085-01	11	87949945	133319401	32356	0.0142
TCGA-FG-7643-01A-11D-2085-01	11	133319923	133324652	6	-0.8941
TCGA-FG-7643-01A-11D-2085-01	11	133327936	134449982	839	0.0126
TCGA-FG-7643-01A-11D-2085-01	12	20703	1286500	734	6e-04
TCGA-FG-7643-01A-11D-2085-01	12	1286853	1308001	11	-0.5915
TCGA-FG-7643-01A-11D-2085-01	12	1308288	11106639	6519	0.0128
TCGA-FG-7643-01A-11D-2085-01	12	11108116	11143141	15	0.5088
TCGA-FG-7643-01A-11D-2085-01	12	11148096	11403759	134	0.0306
TCGA-FG-7643-01A-11D-2085-01	12	11403798	11417556	18	-0.7071
TCGA-FG-7643-01A-11D-2085-01	12	11427380	33192828	15447	0.0064
TCGA-FG-7643-01A-11D-2085-01	12	33192907	33194846	12	0.6251
TCGA-FG-7643-01A-11D-2085-01	12	33194877	36273993	856	0.0272
TCGA-FG-7643-01A-11D-2085-01	12	36298834	36300285	2	-2.0771
TCGA-FG-7643-01A-11D-2085-01	12	36320625	98299668	38516	0.0119
TCGA-FG-7643-01A-11D-2085-01	12	98300468	98327249	43	0.4257
TCGA-FG-7643-01A-11D-2085-01	12	98327264	130686668	22173	0.0142
TCGA-FG-7643-01A-11D-2085-01	12	130698537	130699288	13	0.5682
TCGA-FG-7643-01A-11D-2085-01	12	130708284	132288262	571	0.0247
TCGA-FG-7643-01A-11D-2085-01	13	17924949	18138688	36	-0.5441
TCGA-FG-7643-01A-11D-2085-01	13	18147154	63122950	29927	0.0099
TCGA-FG-7643-01A-11D-2085-01	13	63124528	63132912	6	-1.1576
TCGA-FG-7643-01A-11D-2085-01	13	63134693	71374989	5192	-0.1134
TCGA-FG-7643-01A-11D-2085-01	13	71375556	71378557	4	-3.2944
TCGA-FG-7643-01A-11D-2085-01	13	71378606	71702901	281	-0.152
TCGA-FG-7643-01A-11D-2085-01	13	71706483	71708337	3	-1.2817
TCGA-FG-7643-01A-11D-2085-01	13	71711063	82677001	7388	-0.1075
TCGA-FG-7643-01A-11D-2085-01	13	82684045	82684755	11	0.4403
TCGA-FG-7643-01A-11D-2085-01	13	82685122	114126499	21450	-0.0347
TCGA-FG-7643-01A-11D-2085-01	14	18072124	18611714	39	-0.0395
TCGA-FG-7643-01A-11D-2085-01	14	18627041	19490079	149	0.5087
TCGA-FG-7643-01A-11D-2085-01	14	19492423	21394980	1268	-0.0724
TCGA-FG-7643-01A-11D-2085-01	14	21395311	21398414	10	-0.8465
TCGA-FG-7643-01A-11D-2085-01	14	21398846	25849482	3089	-0.1099
TCGA-FG-7643-01A-11D-2085-01	14	25853743	25853758	8	1.2843
TCGA-FG-7643-01A-11D-2085-01	14	25854753	73065527	29749	-0.2036
TCGA-FG-7643-01A-11D-2085-01	14	73070876	73099653	10	0.7387
TCGA-FG-7643-01A-11D-2085-01	14	73099668	105654823	20817	-0.2058
TCGA-FG-7643-01A-11D-2085-01	14	105655370	105873098	102	-1.0549
TCGA-FG-7643-01A-11D-2085-01	14	105886988	106356482	308	-0.125
TCGA-FG-7643-01A-11D-2085-01	15	18276341	18838435	98	0.1435
TCGA-FG-7643-01A-11D-2085-01	15	18841465	18841578	7	0.7889
TCGA-FG-7643-01A-11D-2085-01	15	18846002	18846971	12	0.322
TCGA-FG-7643-01A-11D-2085-01	15	18850041	19852361	212	-0.0554
TCGA-FG-7643-01A-11D-2085-01	15	19852482	20316654	111	0.3848
TCGA-FG-7643-01A-11D-2085-01	15	20317047	32514481	7386	0.027
TCGA-FG-7643-01A-11D-2085-01	15	32514914	32617680	63	-0.7657
TCGA-FG-7643-01A-11D-2085-01	15	32618236	100286563	44163	0.0076
TCGA-FG-7643-01A-11D-2085-01	16	777	16285163	11789	0.0199
TCGA-FG-7643-01A-11D-2085-01	16	16420592	16421139	3	-1.7312
TCGA-FG-7643-01A-11D-2085-01	16	16437092	19851864	1738	0.0259
TCGA-FG-7643-01A-11D-2085-01	16	19853151	19873333	27	-0.819
TCGA-FG-7643-01A-11D-2085-01	16	19873376	32187735	6552	-0.0717
TCGA-FG-7643-01A-11D-2085-01	16	32187857	32496123	52	-0.4006
TCGA-FG-7643-01A-11D-2085-01	16	32496402	32496410	5	-4.06
TCGA-FG-7643-01A-11D-2085-01	16	32516775	32562740	23	-0.5626
TCGA-FG-7643-01A-11D-2085-01	16	32562796	33330564	69	0.0174
TCGA-FG-7643-01A-11D-2085-01	16	33339661	33539331	74	-0.412
TCGA-FG-7643-01A-11D-2085-01	16	33550900	54356280	6992	0.022
TCGA-FG-7643-01A-11D-2085-01	16	54361849	54374147	11	-0.8502
TCGA-FG-7643-01A-11D-2085-01	16	54374206	54400016	10	0.016
TCGA-FG-7643-01A-11D-2085-01	16	54401019	54416294	10	0.5872
TCGA-FG-7643-01A-11D-2085-01	16	54425940	76152786	13655	0.0133
TCGA-FG-7643-01A-11D-2085-01	16	76152836	76152866	2	-1.9366
TCGA-FG-7643-01A-11D-2085-01	16	76153522	76929109	837	0.0012
TCGA-FG-7643-01A-11D-2085-01	16	76929941	76938764	14	-2.7106
TCGA-FG-7643-01A-11D-2085-01	16	76940641	88815036	10637	0.0136
TCGA-FG-7643-01A-11D-2085-01	17	526	18296117	11438	0.0087
TCGA-FG-7643-01A-11D-2085-01	17	18299671	18399997	26	-1.1372
TCGA-FG-7643-01A-11D-2085-01	17	18405311	31454526	6917	0.0095
TCGA-FG-7643-01A-11D-2085-01	17	31454563	31552238	43	0.3674
TCGA-FG-7643-01A-11D-2085-01	17	31559764	41719947	5201	-0.0322
TCGA-FG-7643-01A-11D-2085-01	17	41750187	42120174	49	-0.7276
TCGA-FG-7643-01A-11D-2085-01	17	42139835	78643088	21610	0.0087
TCGA-FG-7643-01A-11D-2085-01	18	1543	24447426	15115	0.0012
TCGA-FG-7643-01A-11D-2085-01	18	24447534	24449765	2	-2.2437
TCGA-FG-7643-01A-11D-2085-01	18	24449993	38295419	8954	0.0019
TCGA-FG-7643-01A-11D-2085-01	18	38298106	38316315	34	-0.4564
TCGA-FG-7643-01A-11D-2085-01	18	38319211	61350461	15881	0.0011
TCGA-FG-7643-01A-11D-2085-01	18	61350497	61355499	23	0.4743
TCGA-FG-7643-01A-11D-2085-01	18	61355514	61918120	427	-0.0116
TCGA-FG-7643-01A-11D-2085-01	18	61918268	61918902	2	-2.8851
TCGA-FG-7643-01A-11D-2085-01	18	61926575	65358207	2568	-0.0076
TCGA-FG-7643-01A-11D-2085-01	18	65358832	65368251	8	-0.7564
TCGA-FG-7643-01A-11D-2085-01	18	65368522	76116029	7807	-0.006
TCGA-FG-7643-01A-11D-2085-01	19	41910	40541162	16824	0.1911
TCGA-FG-7643-01A-11D-2085-01	19	40541333	40562276	28	0.5863
TCGA-FG-7643-01A-11D-2085-01	19	40566223	41450737	428	0.1778
TCGA-FG-7643-01A-11D-2085-01	19	41497545	41537715	10	-0.3966
TCGA-FG-7643-01A-11D-2085-01	19	41537990	46052210	2359	0.1795
TCGA-FG-7643-01A-11D-2085-01	19	46052372	46083995	28	0.6246
TCGA-FG-7643-01A-11D-2085-01	19	46084494	63789666	9678	0.1168
TCGA-FG-7643-01A-11D-2085-01	2	2784	4632363	3381	0.0183
TCGA-FG-7643-01A-11D-2085-01	2	4632762	4633860	2	1.5077
TCGA-FG-7643-01A-11D-2085-01	2	4636302	4929775	278	0.0041
TCGA-FG-7643-01A-11D-2085-01	2	4929953	4930672	3	-1.0101
TCGA-FG-7643-01A-11D-2085-01	2	4931210	12221496	5636	0.01
TCGA-FG-7643-01A-11D-2085-01	2	12221524	12221766	5	-0.9783
TCGA-FG-7643-01A-11D-2085-01	2	12221822	34513440	14795	0.0124
TCGA-FG-7643-01A-11D-2085-01	2	34516482	34590561	56	0.2808
TCGA-FG-7643-01A-11D-2085-01	2	34591060	36185639	1153	0.0029
TCGA-FG-7643-01A-11D-2085-01	2	36185682	36189110	11	0.7063
TCGA-FG-7643-01A-11D-2085-01	2	36190123	41091568	3659	0.008
TCGA-FG-7643-01A-11D-2085-01	2	41091631	41099391	27	-0.4794
TCGA-FG-7643-01A-11D-2085-01	2	41104737	81361082	27018	0.0078
TCGA-FG-7643-01A-11D-2085-01	2	81379746	81412688	19	-1.2127
TCGA-FG-7643-01A-11D-2085-01	2	81415567	146578555	34835	0.0148
TCGA-FG-7643-01A-11D-2085-01	2	146580874	146583404	24	-1.8398
TCGA-FG-7643-01A-11D-2085-01	2	146594276	208058436	36980	-0.0474
TCGA-FG-7643-01A-11D-2085-01	2	208058492	208058507	2	-1.7234
TCGA-FG-7643-01A-11D-2085-01	2	208058564	242738129	22160	0.0102
TCGA-FG-7643-01A-11D-2085-01	20	9305	62426597	42489	0.0156
TCGA-FG-7643-01A-11D-2085-01	21	9758742	13358662	129	0.1193
TCGA-FG-7643-01A-11D-2085-01	21	13368583	14058950	298	0.5306
TCGA-FG-7643-01A-11D-2085-01	21	14064261	43792481	22208	0.0104
TCGA-FG-7643-01A-11D-2085-01	21	43795301	43797240	2	-2.8709
TCGA-FG-7643-01A-11D-2085-01	21	43798095	46921385	1762	0.0149
TCGA-FG-7643-01A-11D-2085-01	22	14432528	17053357	1214	-0.076
TCGA-FG-7643-01A-11D-2085-01	22	17112919	17190110	10	0.5917
TCGA-FG-7643-01A-11D-2085-01	22	17256428	22674422	3394	-0.018
TCGA-FG-7643-01A-11D-2085-01	22	22680529	22716631	14	-2.2534
TCGA-FG-7643-01A-11D-2085-01	22	22717320	22726814	5	-0.99
TCGA-FG-7643-01A-11D-2085-01	22	22731529	24066674	875	-0.0584
TCGA-FG-7643-01A-11D-2085-01	22	24066675	24066677	3	1.3111
TCGA-FG-7643-01A-11D-2085-01	22	24066678	29283295	4072	-0.0619
TCGA-FG-7643-01A-11D-2085-01	22	29283521	29284075	2	-3.2769
TCGA-FG-7643-01A-11D-2085-01	22	29285878	37658664	5886	-0.0616
TCGA-FG-7643-01A-11D-2085-01	22	37659539	37673419	14	-0.7484
TCGA-FG-7643-01A-11D-2085-01	22	37673803	37779274	54	0.0571
TCGA-FG-7643-01A-11D-2085-01	22	37779449	49581321	7988	-0.2113
TCGA-FG-7643-01A-11D-2085-01	3	35345	68828854	47859	0.0143
TCGA-FG-7643-01A-11D-2085-01	3	68828949	68830103	14	-1.127
TCGA-FG-7643-01A-11D-2085-01	3	68831448	74717787	4472	0.0071
TCGA-FG-7643-01A-11D-2085-01	3	74729582	74729957	2	-1.5876
TCGA-FG-7643-01A-11D-2085-01	3	74731875	100427166	11487	0.0155
TCGA-FG-7643-01A-11D-2085-01	3	100427201	100431746	25	-0.8544
TCGA-FG-7643-01A-11D-2085-01	3	100431759	131246388	18757	0.0096
TCGA-FG-7643-01A-11D-2085-01	3	131249276	131289614	52	0.5651
TCGA-FG-7643-01A-11D-2085-01	3	131289688	194360656	39546	0.0094
TCGA-FG-7643-01A-11D-2085-01	3	194360739	194365597	18	-0.6585
TCGA-FG-7643-01A-11D-2085-01	3	194369129	199380515	2705	0.0049
TCGA-FG-7643-01A-11D-2085-01	4	2281	9066075	5249	0.035
TCGA-FG-7643-01A-11D-2085-01	4	9070328	9088443	9	1.5996
TCGA-FG-7643-01A-11D-2085-01	4	9095185	9823258	546	0.0302
TCGA-FG-7643-01A-11D-2085-01	4	9832514	9840596	28	-1.7524
TCGA-FG-7643-01A-11D-2085-01	4	9843312	18665325	6717	0.0172
TCGA-FG-7643-01A-11D-2085-01	4	18665573	18666528	2	-1.5083
TCGA-FG-7643-01A-11D-2085-01	4	18667386	34462895	10279	0.0147
TCGA-FG-7643-01A-11D-2085-01	4	34463350	34506308	39	0.7293
TCGA-FG-7643-01A-11D-2085-01	4	34506323	64380064	16584	0.0169
TCGA-FG-7643-01A-11D-2085-01	4	64380112	64390853	28	0.4834
TCGA-FG-7643-01A-11D-2085-01	4	64399026	69057943	2879	0.0107
TCGA-FG-7643-01A-11D-2085-01	4	69072887	69188929	64	0.4254
TCGA-FG-7643-01A-11D-2085-01	4	69204004	69485755	11	-0.4594
TCGA-FG-7643-01A-11D-2085-01	4	69512426	70177963	331	-0.0187
TCGA-FG-7643-01A-11D-2085-01	4	70178395	70320917	69	0.3216
TCGA-FG-7643-01A-11D-2085-01	4	70322267	78006228	4587	0.0078
TCGA-FG-7643-01A-11D-2085-01	4	78010243	78012802	18	0.5877
TCGA-FG-7643-01A-11D-2085-01	4	78012853	115393149	22728	0.0132
TCGA-FG-7643-01A-11D-2085-01	4	115394772	115394861	6	-1.1527
TCGA-FG-7643-01A-11D-2085-01	4	115394963	115398801	5	0.0193
TCGA-FG-7643-01A-11D-2085-01	4	115398877	115401624	12	-1.6426
TCGA-FG-7643-01A-11D-2085-01	4	115403678	122504005	4374	0.0161
TCGA-FG-7643-01A-11D-2085-01	4	122504039	122504432	2	-1.0362
TCGA-FG-7643-01A-11D-2085-01	4	122504585	123363489	482	0.2892
TCGA-FG-7643-01A-11D-2085-01	4	123366875	135932212	7077	0.0171
TCGA-FG-7643-01A-11D-2085-01	4	135938135	135969320	22	0.5111
TCGA-FG-7643-01A-11D-2085-01	4	135976156	136025961	30	-0.0226
TCGA-FG-7643-01A-11D-2085-01	4	136029065	136046341	9	0.6013
TCGA-FG-7643-01A-11D-2085-01	4	136046544	138311689	1264	0.0178
TCGA-FG-7643-01A-11D-2085-01	4	138311870	138312376	10	-0.6363
TCGA-FG-7643-01A-11D-2085-01	4	138312388	157172255	11688	0.0111
TCGA-FG-7643-01A-11D-2085-01	4	157174389	157192655	18	-0.7663
TCGA-FG-7643-01A-11D-2085-01	4	157194147	162099591	3070	0.0123
TCGA-FG-7643-01A-11D-2085-01	4	162099647	162104034	16	-0.6454
TCGA-FG-7643-01A-11D-2085-01	4	162104050	173224503	7088	0.0183
TCGA-FG-7643-01A-11D-2085-01	4	173225723	173226108	12	-1.7125
TCGA-FG-7643-01A-11D-2085-01	4	173232554	191261904	12125	0.0077
TCGA-FG-7643-01A-11D-2085-01	5	68532	720509	301	0.0566
TCGA-FG-7643-01A-11D-2085-01	5	723745	853686	42	0.6282
TCGA-FG-7643-01A-11D-2085-01	5	853839	12853889	9879	0.013
TCGA-FG-7643-01A-11D-2085-01	5	12868780	12891533	14	0.8265
TCGA-FG-7643-01A-11D-2085-01	5	12902201	68865103	32999	0.0145
TCGA-FG-7643-01A-11D-2085-01	5	68882059	70427009	26	0.5328
TCGA-FG-7643-01A-11D-2085-01	5	70689828	103879120	19542	0.0087
TCGA-FG-7643-01A-11D-2085-01	5	103888272	103888503	4	-1.5958
TCGA-FG-7643-01A-11D-2085-01	5	103888948	140198906	23241	0.0139
TCGA-FG-7643-01A-11D-2085-01	5	140204020	140223940	13	-2.2309
TCGA-FG-7643-01A-11D-2085-01	5	140232347	150788748	7001	0.0126
TCGA-FG-7643-01A-11D-2085-01	5	150788863	150790926	4	-1.1774
TCGA-FG-7643-01A-11D-2085-01	5	150795958	151494364	537	-0.0193
TCGA-FG-7643-01A-11D-2085-01	5	151495579	151495677	3	-2.0534
TCGA-FG-7643-01A-11D-2085-01	5	151495691	151496981	6	-4.7236
TCGA-FG-7643-01A-11D-2085-01	5	151498256	151498544	5	-1.537
TCGA-FG-7643-01A-11D-2085-01	5	151500464	180311316	19314	0.0146
TCGA-FG-7643-01A-11D-2085-01	5	180311494	180375006	21	0.8453
TCGA-FG-7643-01A-11D-2085-01	5	180375047	180722926	168	0.0584
TCGA-FG-7643-01A-11D-2085-01	6	94661	172183	65	0.0235
TCGA-FG-7643-01A-11D-2085-01	6	172385	174559	4	-1.4098
TCGA-FG-7643-01A-11D-2085-01	6	174752	202353	33	0.0291
TCGA-FG-7643-01A-11D-2085-01	6	203265	239837	21	-0.8632
TCGA-FG-7643-01A-11D-2085-01	6	247306	31385665	22306	0.0103
TCGA-FG-7643-01A-11D-2085-01	6	31388802	31403932	9	0.8985
TCGA-FG-7643-01A-11D-2085-01	6	31403966	32717405	571	0.023
TCGA-FG-7643-01A-11D-2085-01	6	32732282	32733915	5	-1.0303
TCGA-FG-7643-01A-11D-2085-01	6	32734596	49038824	10421	0.0145
TCGA-FG-7643-01A-11D-2085-01	6	49039688	49042934	3	-1.1443
TCGA-FG-7643-01A-11D-2085-01	6	49043038	49297313	137	0.021
TCGA-FG-7643-01A-11D-2085-01	6	49298238	49298278	2	-1.5728
TCGA-FG-7643-01A-11D-2085-01	6	49298925	54039043	3183	0.0092
TCGA-FG-7643-01A-11D-2085-01	6	54039110	54039814	7	-1.2075
TCGA-FG-7643-01A-11D-2085-01	6	54043307	62154955	2653	0.0208
TCGA-FG-7643-01A-11D-2085-01	6	62156241	62299744	36	0.3331
TCGA-FG-7643-01A-11D-2085-01	6	62299861	77071668	9314	0.0162
TCGA-FG-7643-01A-11D-2085-01	6	77073620	77073646	3	1.5339
TCGA-FG-7643-01A-11D-2085-01	6	77073713	77493251	296	0.0168
TCGA-FG-7643-01A-11D-2085-01	6	77496587	77509392	19	-0.5714
TCGA-FG-7643-01A-11D-2085-01	6	77509408	79019608	982	0.0284
TCGA-FG-7643-01A-11D-2085-01	6	79025784	79091893	110	0.7038
TCGA-FG-7643-01A-11D-2085-01	6	79091904	103841522	15494	0.0183
TCGA-FG-7643-01A-11D-2085-01	6	103844669	103868754	46	-1.1907
TCGA-FG-7643-01A-11D-2085-01	6	103872163	153999063	32277	0.013
TCGA-FG-7643-01A-11D-2085-01	6	154002479	154003112	2	-3.2817
TCGA-FG-7643-01A-11D-2085-01	6	154003592	167685241	9936	0.0159
TCGA-FG-7643-01A-11D-2085-01	6	167688151	167690389	2	-1.5778
TCGA-FG-7643-01A-11D-2085-01	6	167690663	170892930	2015	-0.0021
TCGA-FG-7643-01A-11D-2085-01	7	52911	3361686	1428	0.2033
TCGA-FG-7643-01A-11D-2085-01	7	3361772	3361852	2	-1.5418
TCGA-FG-7643-01A-11D-2085-01	7	3365286	48557231	32892	0.1984
TCGA-FG-7643-01A-11D-2085-01	7	48559156	48562431	4	-0.8457
TCGA-FG-7643-01A-11D-2085-01	7	48562571	54353999	4259	0.1996
TCGA-FG-7643-01A-11D-2085-01	7	54354003	54354011	5	-2.1759
TCGA-FG-7643-01A-11D-2085-01	7	54360982	61311022	2096	0.1953
TCGA-FG-7643-01A-11D-2085-01	7	61365842	61488622	38	-0.1931
TCGA-FG-7643-01A-11D-2085-01	7	61495380	69953809	4099	0.1964
TCGA-FG-7643-01A-11D-2085-01	7	69959275	70002449	33	0.8117
TCGA-FG-7643-01A-11D-2085-01	7	70003179	109228480	22569	0.1961
TCGA-FG-7643-01A-11D-2085-01	7	109228865	109241039	7	-0.7264
TCGA-FG-7643-01A-11D-2085-01	7	109241055	120089523	6486	0.1988
TCGA-FG-7643-01A-11D-2085-01	7	120091603	120099995	7	-0.7017
TCGA-FG-7643-01A-11D-2085-01	7	120102455	120982640	586	0.2025
TCGA-FG-7643-01A-11D-2085-01	7	120982928	120983562	3	-0.9517
TCGA-FG-7643-01A-11D-2085-01	7	120986822	124438536	2039	0.21
TCGA-FG-7643-01A-11D-2085-01	7	124445663	124445788	3	1.039
TCGA-FG-7643-01A-11D-2085-01	7	124445836	124717869	154	0.2184
TCGA-FG-7643-01A-11D-2085-01	7	124717958	124720459	2	-3.0659
TCGA-FG-7643-01A-11D-2085-01	7	124721113	126586636	1310	0.2049
TCGA-FG-7643-01A-11D-2085-01	7	126589177	126594787	3	-1.0326
TCGA-FG-7643-01A-11D-2085-01	7	126598404	133435751	4167	0.203
TCGA-FG-7643-01A-11D-2085-01	7	133435849	133446205	25	0.6818
TCGA-FG-7643-01A-11D-2085-01	7	133446244	141409593	5209	0.2014
TCGA-FG-7643-01A-11D-2085-01	7	141416112	141445459	45	0.5316
TCGA-FG-7643-01A-11D-2085-01	7	141445586	152778571	6940	0.2023
TCGA-FG-7643-01A-11D-2085-01	7	152778578	152778645	2	-2.2269
TCGA-FG-7643-01A-11D-2085-01	7	152778648	158819765	4115	0.2073
TCGA-FG-7643-01A-11D-2085-01	8	21254	2235234	1649	0.0165
TCGA-FG-7643-01A-11D-2085-01	8	2242045	2243684	8	-1.012
TCGA-FG-7643-01A-11D-2085-01	8	2246246	5848974	4799	0.0277
TCGA-FG-7643-01A-11D-2085-01	8	5852262	5860007	10	-0.7071
TCGA-FG-7643-01A-11D-2085-01	8	5860252	7174042	1361	0.0069
TCGA-FG-7643-01A-11D-2085-01	8	7174056	8109713	243	0.3761
TCGA-FG-7643-01A-11D-2085-01	8	8124554	8423207	288	-0.0073
TCGA-FG-7643-01A-11D-2085-01	8	8423560	8423852	4	-2.2234
TCGA-FG-7643-01A-11D-2085-01	8	8425717	11972069	2931	0.0133
TCGA-FG-7643-01A-11D-2085-01	8	11986960	12483262	118	0.3787
TCGA-FG-7643-01A-11D-2085-01	8	12487426	25028104	10423	0.0145
TCGA-FG-7643-01A-11D-2085-01	8	25030360	25040167	26	0.6615
TCGA-FG-7643-01A-11D-2085-01	8	25040250	53543396	15224	0.0142
TCGA-FG-7643-01A-11D-2085-01	8	53543458	53671673	77	0.5205
TCGA-FG-7643-01A-11D-2085-01	8	53673745	87954850	21048	0.0076
TCGA-FG-7643-01A-11D-2085-01	8	87960921	87960926	2	-1.6402
TCGA-FG-7643-01A-11D-2085-01	8	87961448	112360670	14799	0.006
TCGA-FG-7643-01A-11D-2085-01	8	112363455	112363642	3	-0.4295
TCGA-FG-7643-01A-11D-2085-01	8	112363846	112364421	5	-2.0034
TCGA-FG-7643-01A-11D-2085-01	8	112364436	115701219	1825	-0.0036
TCGA-FG-7643-01A-11D-2085-01	8	115703663	115731770	39	-0.4326
TCGA-FG-7643-01A-11D-2085-01	8	115731957	142522164	19522	0.0136
TCGA-FG-7643-01A-11D-2085-01	8	142522185	142530876	7	-0.8144
TCGA-FG-7643-01A-11D-2085-01	8	142532653	145600878	1244	-0.0048
TCGA-FG-7643-01A-11D-2085-01	8	145607269	145607380	2	-1.6331
TCGA-FG-7643-01A-11D-2085-01	8	145618517	146268959	282	-0.0053
TCGA-FG-7643-01A-11D-2085-01	9	36587	569442	468	-0.0157
TCGA-FG-7643-01A-11D-2085-01	9	569853	583899	20	-1.0153
TCGA-FG-7643-01A-11D-2085-01	9	586826	23351805	19969	0.0156
TCGA-FG-7643-01A-11D-2085-01	9	23353115	23363484	8	1.033
TCGA-FG-7643-01A-11D-2085-01	9	23368488	43594976	10932	0.0242
TCGA-FG-7643-01A-11D-2085-01	9	43598079	43640874	9	-0.8927
TCGA-FG-7643-01A-11D-2085-01	9	43641834	67673801	252	0.1181
TCGA-FG-7643-01A-11D-2085-01	9	67675871	67678367	8	1.593
TCGA-FG-7643-01A-11D-2085-01	9	67699736	116122632	33104	0.0191
TCGA-FG-7643-01A-11D-2085-01	9	116127223	116128143	2	1.5177
TCGA-FG-7643-01A-11D-2085-01	9	116132850	137350996	14012	0.0193
TCGA-FG-7643-01A-11D-2085-01	9	137351189	137366589	25	0.4215
TCGA-FG-7643-01A-11D-2085-01	9	137366686	140211215	1094	0.0993
TCGA-FG-7643-01A-11D-2085-01	X	108477	76266264	40135	7e-04
TCGA-FG-7643-01A-11D-2085-01	X	76270041	76482045	26	0.6762
TCGA-FG-7643-01A-11D-2085-01	X	76490598	101157970	13310	0.004
TCGA-FG-7643-01A-11D-2085-01	X	101159283	101160668	2	-1.5318
TCGA-FG-7643-01A-11D-2085-01	X	101161537	103144645	925	-0.0029
TCGA-FG-7643-01A-11D-2085-01	X	103145837	103192014	58	0.4852
TCGA-FG-7643-01A-11D-2085-01	X	103198403	113237543	5420	0.0043
TCGA-FG-7643-01A-11D-2085-01	X	113239853	113240946	4	-1.4612
TCGA-FG-7643-01A-11D-2085-01	X	113243230	132483387	11153	-0.0013
TCGA-FG-7643-01A-11D-2085-01	X	132487685	132488035	3	-1.3071
TCGA-FG-7643-01A-11D-2085-01	X	132493527	134585148	1035	0.0085
TCGA-FG-7643-01A-11D-2085-01	X	134587117	134629972	30	0.6341
TCGA-FG-7643-01A-11D-2085-01	X	134635057	154835548	12492	8e-04
TCGA-FG-7643-01A-11D-2085-01	Y	2710438	6003672	772	-2.5683
TCGA-FG-7643-01A-11D-2085-01	Y	6004603	6030099	12	-4.0301
TCGA-FG-7643-01A-11D-2085-01	Y	6031016	6161425	55	-2.7042
TCGA-FG-7643-01A-11D-2085-01	Y	6167901	6356423	85	-3.9993
TCGA-FG-7643-01A-11D-2085-01	Y	6359046	7459842	461	-2.8676
TCGA-FG-7643-01A-11D-2085-01	Y	7460746	10369564	1202	-3.2989
TCGA-FG-7643-01A-11D-2085-01	Y	10384614	13534015	697	-2.9403
TCGA-FG-7643-01A-11D-2085-01	Y	13535818	13540211	5	-6.1781
TCGA-FG-7643-01A-11D-2085-01	Y	13541682	14099670	249	-3.0148
TCGA-FG-7643-01A-11D-2085-01	Y	14099736	14103917	3	-7.6439
TCGA-FG-7643-01A-11D-2085-01	Y	14104283	18080874	2076	-3.1135
TCGA-FG-7643-01A-11D-2085-01	Y	18084284	19547685	704	-3.6581
TCGA-FG-7643-01A-11D-2085-01	Y	19547873	22063159	977	-3.1371
TCGA-FG-7643-01A-11D-2085-01	Y	22093119	22099738	2	-8.6439
TCGA-FG-7643-01A-11D-2085-01	Y	22125089	22919906	263	-3.2387
TCGA-FG-7643-01A-11D-2085-01	Y	22924247	24627620	323	-3.6956
TCGA-FG-7643-01A-11D-2085-01	Y	24632208	24818154	43	-2.9126
TCGA-FG-7643-01A-11D-2085-01	Y	24819177	24826480	4	-5.8197
TCGA-FG-7643-01A-11D-2085-01	Y	24826889	24926921	36	-2.5172
TCGA-FG-7643-01A-11D-2085-01	Y	24935600	25649572	86	-4.1423
TCGA-FG-7643-01A-11D-2085-01	Y	25664067	25938472	40	-2.4077
TCGA-FG-7643-01A-11D-2085-01	Y	25944418	26011215	22	-3.9754
TCGA-FG-7643-01A-11D-2085-01	Y	26013790	26129939	36	-2.4344
TCGA-FG-7643-01A-11D-2085-01	Y	26130472	26589710	176	-3.6673
TCGA-FG-7643-01A-11D-2085-01	Y	26590145	26623395	6	-5.6346
TCGA-FG-7643-01A-11D-2085-01	Y	26624814	26687080	13	-3.7605
TCGA-FG-7643-01A-11D-2085-01	Y	26699115	26731407	13	-5.4519
TCGA-FG-7643-01A-11D-2085-01	Y	26731471	26861404	50	-3.4616
TCGA-FG-7643-01A-11D-2085-01	Y	26866725	57427647	176	-2.6743
