barcode	chromosome	start	stop	num.mark	seg.mean
TCGA-HT-7686-10A-01D-2252-01	1	51598	52783	5	0.0657
TCGA-HT-7686-10A-01D-2252-01	1	52800	740197	39	-0.5452
TCGA-HT-7686-10A-01D-2252-01	1	742429	16921066	8765	7e-04
TCGA-HT-7686-10A-01D-2252-01	1	16929044	17134834	86	-0.5459
TCGA-HT-7686-10A-01D-2252-01	1	17148828	105814899	55182	0.004
TCGA-HT-7686-10A-01D-2252-01	1	105820728	105823898	17	0.8523
TCGA-HT-7686-10A-01D-2252-01	1	105825578	194976383	42514	0.0022
TCGA-HT-7686-10A-01D-2252-01	1	194977690	195068695	97	-0.673
TCGA-HT-7686-10A-01D-2252-01	1	195079130	197378313	1385	-0.0068
TCGA-HT-7686-10A-01D-2252-01	1	197378595	197379147	3	-1.3396
TCGA-HT-7686-10A-01D-2252-01	1	197379634	221263906	16511	6e-04
TCGA-HT-7686-10A-01D-2252-01	1	221265765	221270624	2	-3.0842
TCGA-HT-7686-10A-01D-2252-01	1	221271251	238457556	12130	0.001
TCGA-HT-7686-10A-01D-2252-01	1	238457870	238460747	7	-0.8272
TCGA-HT-7686-10A-01D-2252-01	1	238460762	238530360	69	0.0119
TCGA-HT-7686-10A-01D-2252-01	1	238533063	238535634	2	-1.2278
TCGA-HT-7686-10A-01D-2252-01	1	238535754	241121325	2010	0.0152
TCGA-HT-7686-10A-01D-2252-01	1	241122165	241122173	8	-0.8037
TCGA-HT-7686-10A-01D-2252-01	1	241122442	241125778	15	-0.3482
TCGA-HT-7686-10A-01D-2252-01	1	241125865	247191011	3828	0.0041
TCGA-HT-7686-10A-01D-2252-01	10	62759	15023177	12718	0.004
TCGA-HT-7686-10A-01D-2252-01	10	15024095	15047519	14	0.6238
TCGA-HT-7686-10A-01D-2252-01	10	15047847	17934982	2155	0.0078
TCGA-HT-7686-10A-01D-2252-01	10	17967560	17989863	3	1.1938
TCGA-HT-7686-10A-01D-2252-01	10	18011822	18213969	13	0.199
TCGA-HT-7686-10A-01D-2252-01	10	18225129	18239819	3	-2.8737
TCGA-HT-7686-10A-01D-2252-01	10	18263653	24417680	4343	-0.0029
TCGA-HT-7686-10A-01D-2252-01	10	24417681	24418060	10	-2.0281
TCGA-HT-7686-10A-01D-2252-01	10	24418914	42002139	9962	-5e-04
TCGA-HT-7686-10A-01D-2252-01	10	42005267	42080059	13	-0.5564
TCGA-HT-7686-10A-01D-2252-01	10	42083236	46111486	2359	0.0012
TCGA-HT-7686-10A-01D-2252-01	10	46337321	46479192	89	-0.2998
TCGA-HT-7686-10A-01D-2252-01	10	46479207	135356694	59439	0.0028
TCGA-HT-7686-10A-01D-2252-01	11	188510	4252332	1808	0.0039
TCGA-HT-7686-10A-01D-2252-01	11	4257932	4264575	6	-0.7987
TCGA-HT-7686-10A-01D-2252-01	11	4276288	4923972	664	0.0027
TCGA-HT-7686-10A-01D-2252-01	11	4924226	4932848	32	-1.5487
TCGA-HT-7686-10A-01D-2252-01	11	4932910	4933483	12	-0.6214
TCGA-HT-7686-10A-01D-2252-01	11	4933587	5740499	784	0.0195
TCGA-HT-7686-10A-01D-2252-01	11	5743981	5765715	33	0.3879
TCGA-HT-7686-10A-01D-2252-01	11	5765914	33507853	19949	0.0049
TCGA-HT-7686-10A-01D-2252-01	11	33511073	33514722	3	-1.8075
TCGA-HT-7686-10A-01D-2252-01	11	33515538	43953567	7565	0.0061
TCGA-HT-7686-10A-01D-2252-01	11	43957245	43958120	3	-1.8402
TCGA-HT-7686-10A-01D-2252-01	11	43960673	49664951	3035	0.0035
TCGA-HT-7686-10A-01D-2252-01	11	49667437	49714247	19	-0.7664
TCGA-HT-7686-10A-01D-2252-01	11	49714343	98537302	27396	0.0024
TCGA-HT-7686-10A-01D-2252-01	11	98538137	98539717	2	-1.9389
TCGA-HT-7686-10A-01D-2252-01	11	98541077	134449982	25865	0.0072
TCGA-HT-7686-10A-01D-2252-01	12	20703	4679912	3251	0.0056
TCGA-HT-7686-10A-01D-2252-01	12	4681802	4681855	2	-1.7596
TCGA-HT-7686-10A-01D-2252-01	12	4684045	33192673	19631	0.0032
TCGA-HT-7686-10A-01D-2252-01	12	33192693	33199809	30	-0.6387
TCGA-HT-7686-10A-01D-2252-01	12	33199856	44186092	5620	0.0049
TCGA-HT-7686-10A-01D-2252-01	12	44190705	44195804	4	-1.2855
TCGA-HT-7686-10A-01D-2252-01	12	44199559	47011309	1720	0.0052
TCGA-HT-7686-10A-01D-2252-01	12	47011506	47011682	3	-2.5949
TCGA-HT-7686-10A-01D-2252-01	12	47016303	57007498	5497	0.0074
TCGA-HT-7686-10A-01D-2252-01	12	57016418	57016429	2	-1.9623
TCGA-HT-7686-10A-01D-2252-01	12	57017115	82687318	16447	0.0064
TCGA-HT-7686-10A-01D-2252-01	12	82687421	82687479	2	-2.3179
TCGA-HT-7686-10A-01D-2252-01	12	82689372	89007481	3629	0.0059
TCGA-HT-7686-10A-01D-2252-01	12	89015800	89016205	7	-1.6618
TCGA-HT-7686-10A-01D-2252-01	12	89017688	132288262	29264	6e-04
TCGA-HT-7686-10A-01D-2252-01	13	17924949	106695611	59404	0.0034
TCGA-HT-7686-10A-01D-2252-01	13	106699038	106699982	2	-3.7616
TCGA-HT-7686-10A-01D-2252-01	13	106700148	114126499	4939	0.0101
TCGA-HT-7686-10A-01D-2252-01	14	18072124	18842018	54	-0.2386
TCGA-HT-7686-10A-01D-2252-01	14	18853861	18866184	6	0.7235
TCGA-HT-7686-10A-01D-2252-01	14	18871755	19213349	20	-0.2654
TCGA-HT-7686-10A-01D-2252-01	14	19227683	19492423	109	0.5364
TCGA-HT-7686-10A-01D-2252-01	14	19493212	73070876	34167	0.0055
TCGA-HT-7686-10A-01D-2252-01	14	73076460	73087291	7	-1.53
TCGA-HT-7686-10A-01D-2252-01	14	73090732	105848388	20942	0.0028
TCGA-HT-7686-10A-01D-2252-01	14	105854089	105873098	8	-1.9774
TCGA-HT-7686-10A-01D-2252-01	14	105886988	106356482	308	-0.0116
TCGA-HT-7686-10A-01D-2252-01	15	18276341	18463975	47	-0.1143
TCGA-HT-7686-10A-01D-2252-01	15	18466953	18838435	51	0.6344
TCGA-HT-7686-10A-01D-2252-01	15	18841465	18841578	7	-0.3521
TCGA-HT-7686-10A-01D-2252-01	15	18846002	18906699	41	0.6904
TCGA-HT-7686-10A-01D-2252-01	15	18977400	19003961	5	-0.3878
TCGA-HT-7686-10A-01D-2252-01	15	19055354	19438545	130	0.7594
TCGA-HT-7686-10A-01D-2252-01	15	19451059	19452665	2	-1.4517
TCGA-HT-7686-10A-01D-2252-01	15	19456767	20088838	139	0.5694
TCGA-HT-7686-10A-01D-2252-01	15	20224763	21605880	616	-0.0174
TCGA-HT-7686-10A-01D-2252-01	15	21606530	21610400	20	-1.0269
TCGA-HT-7686-10A-01D-2252-01	15	21616786	23503762	1261	-8e-04
TCGA-HT-7686-10A-01D-2252-01	15	23503936	23504138	3	-1.5862
TCGA-HT-7686-10A-01D-2252-01	15	23504291	28720814	2893	0.0114
TCGA-HT-7686-10A-01D-2252-01	15	28723577	28810485	30	0.6521
TCGA-HT-7686-10A-01D-2252-01	15	28820457	29500044	448	0.0354
TCGA-HT-7686-10A-01D-2252-01	15	29501822	29744357	197	0.498
TCGA-HT-7686-10A-01D-2252-01	15	29753931	29875593	79	-0.0917
TCGA-HT-7686-10A-01D-2252-01	15	29876943	30215371	277	0.5676
TCGA-HT-7686-10A-01D-2252-01	15	30216990	32451519	1558	0.029
TCGA-HT-7686-10A-01D-2252-01	15	32452256	32820148	247	0.5086
TCGA-HT-7686-10A-01D-2252-01	15	32820343	54575001	13523	0.0043
TCGA-HT-7686-10A-01D-2252-01	15	54575095	54579178	22	-0.4561
TCGA-HT-7686-10A-01D-2252-01	15	54579193	54588269	8	-1.1923
TCGA-HT-7686-10A-01D-2252-01	15	54588915	69455194	10041	0.002
TCGA-HT-7686-10A-01D-2252-01	15	69455288	69455566	2	-2.7625
TCGA-HT-7686-10A-01D-2252-01	15	69456169	91695120	13985	0.0017
TCGA-HT-7686-10A-01D-2252-01	15	91696098	91713917	24	0.6192
TCGA-HT-7686-10A-01D-2252-01	15	91714721	100286563	6423	0.0081
TCGA-HT-7686-10A-01D-2252-01	16	777	14897340	11138	8e-04
TCGA-HT-7686-10A-01D-2252-01	16	14956269	15023758	63	-0.6104
TCGA-HT-7686-10A-01D-2252-01	16	15032942	22349521	3654	-0.0036
TCGA-HT-7686-10A-01D-2252-01	16	22465433	22618243	73	-0.4856
TCGA-HT-7686-10A-01D-2252-01	16	22620480	29252941	4258	-0.0074
TCGA-HT-7686-10A-01D-2252-01	16	29254630	29488112	19	-0.7951
TCGA-HT-7686-10A-01D-2252-01	16	29488615	32496123	965	0.0047
TCGA-HT-7686-10A-01D-2252-01	16	32496402	32496410	5	1.0793
TCGA-HT-7686-10A-01D-2252-01	16	32516775	32542265	13	0.6071
TCGA-HT-7686-10A-01D-2252-01	16	32543026	32650982	14	-0.0208
TCGA-HT-7686-10A-01D-2252-01	16	32669331	32747839	11	-0.6803
TCGA-HT-7686-10A-01D-2252-01	16	32747898	54352715	7119	-0.0037
TCGA-HT-7686-10A-01D-2252-01	16	54353890	54374147	18	-2.4428
TCGA-HT-7686-10A-01D-2252-01	16	54374206	54399883	8	-0.3233
TCGA-HT-7686-10A-01D-2252-01	16	54399957	54416294	12	0.6155
TCGA-HT-7686-10A-01D-2252-01	16	54425940	76929109	14499	0.0047
TCGA-HT-7686-10A-01D-2252-01	16	76929941	76942266	17	1.1659
TCGA-HT-7686-10A-01D-2252-01	16	76942502	88815036	10648	0.0048
TCGA-HT-7686-10A-01D-2252-01	17	526	1087915	554	0.0264
TCGA-HT-7686-10A-01D-2252-01	17	1094388	1100608	2	-1.6699
TCGA-HT-7686-10A-01D-2252-01	17	1100774	16562483	9953	0.0097
TCGA-HT-7686-10A-01D-2252-01	17	16562543	16573379	2	-2.1579
TCGA-HT-7686-10A-01D-2252-01	17	16593859	18891592	1140	-0.0054
TCGA-HT-7686-10A-01D-2252-01	17	18905947	18906254	2	-1.8085
TCGA-HT-7686-10A-01D-2252-01	17	18944146	30507005	6173	0.0023
TCGA-HT-7686-10A-01D-2252-01	17	30508141	30510041	2	-1.592
TCGA-HT-7686-10A-01D-2252-01	17	30510429	36675234	3152	0.0069
TCGA-HT-7686-10A-01D-2252-01	17	36676540	36676616	5	1.1125
TCGA-HT-7686-10A-01D-2252-01	17	36676629	36684057	19	2.4079
TCGA-HT-7686-10A-01D-2252-01	17	36686250	41518916	2513	0.0035
TCGA-HT-7686-10A-01D-2252-01	17	41521621	41860676	138	-0.3576
TCGA-HT-7686-10A-01D-2252-01	17	41879021	41879036	2	1.6831
TCGA-HT-7686-10A-01D-2252-01	17	41901645	53042488	7045	0
TCGA-HT-7686-10A-01D-2252-01	17	53043332	53043992	2	-2.1899
TCGA-HT-7686-10A-01D-2252-01	17	53046992	78643088	14609	0.0045
TCGA-HT-7686-10A-01D-2252-01	18	1543	36512703	22849	-0.0013
TCGA-HT-7686-10A-01D-2252-01	18	36512725	36524070	24	-0.6842
TCGA-HT-7686-10A-01D-2252-01	18	36524196	76116029	27971	0.0071
TCGA-HT-7686-10A-01D-2252-01	19	41910	47982613	20583	0.0027
TCGA-HT-7686-10A-01D-2252-01	19	47986230	48288811	136	0.4545
TCGA-HT-7686-10A-01D-2252-01	19	48295211	63789666	8642	0.0032
TCGA-HT-7686-10A-01D-2252-01	2	2784	34373977	24027	0.0052
TCGA-HT-7686-10A-01D-2252-01	2	34377482	34379084	2	-2.1015
TCGA-HT-7686-10A-01D-2252-01	2	34379471	34544573	95	7e-04
TCGA-HT-7686-10A-01D-2252-01	2	34552819	34590561	46	0.8284
TCGA-HT-7686-10A-01D-2252-01	2	34590667	52595241	13051	0.0033
TCGA-HT-7686-10A-01D-2252-01	2	52597429	52634799	33	0.5769
TCGA-HT-7686-10A-01D-2252-01	2	52634830	72793833	13175	0.0021
TCGA-HT-7686-10A-01D-2252-01	2	72794626	72802631	2	-1.4623
TCGA-HT-7686-10A-01D-2252-01	2	72805488	74998659	1137	-0.003
TCGA-HT-7686-10A-01D-2252-01	2	75006008	75094077	53	0.5954
TCGA-HT-7686-10A-01D-2252-01	2	75095796	79182654	2867	-0.002
TCGA-HT-7686-10A-01D-2252-01	2	79184286	79196319	8	1.1256
TCGA-HT-7686-10A-01D-2252-01	2	79197326	86981712	4788	8e-04
TCGA-HT-7686-10A-01D-2252-01	2	86982714	86990896	2	-2.441
TCGA-HT-7686-10A-01D-2252-01	2	87015364	97221654	2040	-0.0325
TCGA-HT-7686-10A-01D-2252-01	2	97229064	97262378	18	-0.6562
TCGA-HT-7686-10A-01D-2252-01	2	97272104	97520697	26	0.0495
TCGA-HT-7686-10A-01D-2252-01	2	97523704	97528142	3	1.6162
TCGA-HT-7686-10A-01D-2252-01	2	97528621	117831792	11699	0.0022
TCGA-HT-7686-10A-01D-2252-01	2	117831860	117837340	2	-1.8543
TCGA-HT-7686-10A-01D-2252-01	2	117837651	130505244	8246	-0.0028
TCGA-HT-7686-10A-01D-2252-01	2	130510326	130542812	12	-0.8935
TCGA-HT-7686-10A-01D-2252-01	2	130565707	242738129	68803	0.0022
TCGA-HT-7686-10A-01D-2252-01	20	9305	87173	63	3e-04
TCGA-HT-7686-10A-01D-2252-01	20	87419	87576	2	-1.7607
TCGA-HT-7686-10A-01D-2252-01	20	87745	1500503	1120	-0.0193
TCGA-HT-7686-10A-01D-2252-01	20	1505190	1519272	36	-0.6367
TCGA-HT-7686-10A-01D-2252-01	20	1519325	4602376	2243	0.0055
TCGA-HT-7686-10A-01D-2252-01	20	4602602	4604822	2	-1.6717
TCGA-HT-7686-10A-01D-2252-01	20	4605017	62426597	39044	0.0043
TCGA-HT-7686-10A-01D-2252-01	21	9758742	46921385	24424	0.0027
TCGA-HT-7686-10A-01D-2252-01	22	14432528	21381920	3794	-0.0179
TCGA-HT-7686-10A-01D-2252-01	22	21381956	21381971	2	-1.9185
TCGA-HT-7686-10A-01D-2252-01	22	21383544	21592981	123	-0.0332
TCGA-HT-7686-10A-01D-2252-01	22	21593242	21593257	2	-2.3425
TCGA-HT-7686-10A-01D-2252-01	22	21593274	22601536	663	0.0028
TCGA-HT-7686-10A-01D-2252-01	22	22601611	22660218	31	-0.4442
TCGA-HT-7686-10A-01D-2252-01	22	22660269	22667949	6	-1.2287
TCGA-HT-7686-10A-01D-2252-01	22	22674422	22724015	19	0.9169
TCGA-HT-7686-10A-01D-2252-01	22	22726814	23989129	821	0.0074
TCGA-HT-7686-10A-01D-2252-01	22	23991376	24248709	296	0.529
TCGA-HT-7686-10A-01D-2252-01	22	24252342	41227226	11681	0.0057
TCGA-HT-7686-10A-01D-2252-01	22	41229384	41255558	18	0.6301
TCGA-HT-7686-10A-01D-2252-01	22	41262261	49581321	6113	0.0051
TCGA-HT-7686-10A-01D-2252-01	3	35345	36225045	26557	0.0033
TCGA-HT-7686-10A-01D-2252-01	3	36225931	36319810	91	-1.0234
TCGA-HT-7686-10A-01D-2252-01	3	36322480	45012674	5389	-0.0024
TCGA-HT-7686-10A-01D-2252-01	3	45013695	45018135	3	-1.829
TCGA-HT-7686-10A-01D-2252-01	3	45018779	163995433	70955	0.0021
TCGA-HT-7686-10A-01D-2252-01	3	163995786	164106536	63	-1.6419
TCGA-HT-7686-10A-01D-2252-01	3	164106547	193410374	18510	0.0063
TCGA-HT-7686-10A-01D-2252-01	3	193411397	193415372	7	-0.9811
TCGA-HT-7686-10A-01D-2252-01	3	193415700	194090444	494	0.0305
TCGA-HT-7686-10A-01D-2252-01	3	194090667	194091245	6	0.6117
TCGA-HT-7686-10A-01D-2252-01	3	194091292	194272960	117	-0.0224
TCGA-HT-7686-10A-01D-2252-01	3	194275881	194285473	8	-0.5115
TCGA-HT-7686-10A-01D-2252-01	3	194285824	194360656	67	0.0296
TCGA-HT-7686-10A-01D-2252-01	3	194360739	194365597	18	1.6068
TCGA-HT-7686-10A-01D-2252-01	3	194369129	199380515	2707	0.0142
TCGA-HT-7686-10A-01D-2252-01	4	2281	9832514	5805	-0.002
TCGA-HT-7686-10A-01D-2252-01	4	9832726	9840596	27	0.6501
TCGA-HT-7686-10A-01D-2252-01	4	9843312	25896387	11753	0.0061
TCGA-HT-7686-10A-01D-2252-01	4	25897916	25901083	2	-2.1033
TCGA-HT-7686-10A-01D-2252-01	4	25903764	34455399	5249	0.01
TCGA-HT-7686-10A-01D-2252-01	4	34455420	34501120	41	-2.3713
TCGA-HT-7686-10A-01D-2252-01	4	34506267	172605921	82109	0.0031
TCGA-HT-7686-10A-01D-2252-01	4	172611459	172614299	11	0.9853
TCGA-HT-7686-10A-01D-2252-01	4	172614351	191168189	12531	0.0052
TCGA-HT-7686-10A-01D-2252-01	4	191171930	191261904	10	-0.6658
TCGA-HT-7686-10A-01D-2252-01	5	68532	15771492	12212	0.0036
TCGA-HT-7686-10A-01D-2252-01	5	15772222	15773597	11	-0.7634
TCGA-HT-7686-10A-01D-2252-01	5	15776346	46307687	18597	0.0065
TCGA-HT-7686-10A-01D-2252-01	5	46308278	46313969	6	-2.2399
TCGA-HT-7686-10A-01D-2252-01	5	46349104	57357403	5082	0.0055
TCGA-HT-7686-10A-01D-2252-01	5	57361784	57369290	32	1.8411
TCGA-HT-7686-10A-01D-2252-01	5	57374114	79681855	13203	4e-04
TCGA-HT-7686-10A-01D-2252-01	5	79682142	79687387	2	-1.7009
TCGA-HT-7686-10A-01D-2252-01	5	79688023	103879120	13676	0.0067
TCGA-HT-7686-10A-01D-2252-01	5	103888272	103888503	4	-2.0071
TCGA-HT-7686-10A-01D-2252-01	5	103888948	132795079	18908	0.0029
TCGA-HT-7686-10A-01D-2252-01	5	132796098	132799246	3	-1.8647
TCGA-HT-7686-10A-01D-2252-01	5	132802317	150179431	10934	0.0042
TCGA-HT-7686-10A-01D-2252-01	5	150182398	150198797	9	-0.7516
TCGA-HT-7686-10A-01D-2252-01	5	150203580	152118129	1396	0.0066
TCGA-HT-7686-10A-01D-2252-01	5	152122276	152130559	2	-2.0766
TCGA-HT-7686-10A-01D-2252-01	5	152131231	180722926	19095	0.0034
TCGA-HT-7686-10A-01D-2252-01	6	94661	24364531	18626	0.0102
TCGA-HT-7686-10A-01D-2252-01	6	24364750	24376732	2	-1.5978
TCGA-HT-7686-10A-01D-2252-01	6	24386809	26931005	1705	-0.0108
TCGA-HT-7686-10A-01D-2252-01	6	26931539	26933447	2	-2.3708
TCGA-HT-7686-10A-01D-2252-01	6	26934924	29936951	1400	0.0047
TCGA-HT-7686-10A-01D-2252-01	6	29937087	30016448	58	0.4106
TCGA-HT-7686-10A-01D-2252-01	6	30022199	31388802	652	0.0193
TCGA-HT-7686-10A-01D-2252-01	6	31394255	31417903	12	-0.8226
TCGA-HT-7686-10A-01D-2252-01	6	31425326	32732282	567	-0.0076
TCGA-HT-7686-10A-01D-2252-01	6	32732569	32734596	5	1.1806
TCGA-HT-7686-10A-01D-2252-01	6	32758590	41222436	5584	0.0077
TCGA-HT-7686-10A-01D-2252-01	6	41223411	41227495	3	-1.8778
TCGA-HT-7686-10A-01D-2252-01	6	41230672	72919646	17611	0.0048
TCGA-HT-7686-10A-01D-2252-01	6	72923245	72923593	2	-2.4242
TCGA-HT-7686-10A-01D-2252-01	6	72925284	79018958	3864	0.0077
TCGA-HT-7686-10A-01D-2252-01	6	79019012	79091893	117	0.2638
TCGA-HT-7686-10A-01D-2252-01	6	79091904	149695915	44740	0.0065
TCGA-HT-7686-10A-01D-2252-01	6	149699545	149706487	2	-1.8545
TCGA-HT-7686-10A-01D-2252-01	6	149706574	170892930	15063	0.0075
TCGA-HT-7686-10A-01D-2252-01	7	52911	125832210	77491	2e-04
TCGA-HT-7686-10A-01D-2252-01	7	125832718	125833851	12	-1.4286
TCGA-HT-7686-10A-01D-2252-01	7	125834112	142154515	10435	0.001
TCGA-HT-7686-10A-01D-2252-01	7	142156294	142165614	27	0.6242
TCGA-HT-7686-10A-01D-2252-01	7	142165684	143548534	847	-0.037
TCGA-HT-7686-10A-01D-2252-01	7	143558740	143697880	37	-0.5532
TCGA-HT-7686-10A-01D-2252-01	7	143705862	154020828	6449	9e-04
TCGA-HT-7686-10A-01D-2252-01	7	154024104	154030546	4	-2.3056
TCGA-HT-7686-10A-01D-2252-01	7	154031763	158819765	3247	0.0038
TCGA-HT-7686-10A-01D-2252-01	8	21254	3984967	3785	0.0073
TCGA-HT-7686-10A-01D-2252-01	8	3985015	3990886	21	-0.9237
TCGA-HT-7686-10A-01D-2252-01	8	3990969	5063106	1593	0.0054
TCGA-HT-7686-10A-01D-2252-01	8	5063116	5063360	5	-1.0365
TCGA-HT-7686-10A-01D-2252-01	8	5063497	5068452	20	0.1981
TCGA-HT-7686-10A-01D-2252-01	8	5068509	5076509	11	-0.6513
TCGA-HT-7686-10A-01D-2252-01	8	5077488	5561766	630	0.0056
TCGA-HT-7686-10A-01D-2252-01	8	5563877	5564152	6	-0.7184
TCGA-HT-7686-10A-01D-2252-01	8	5566111	5581675	25	0.0455
TCGA-HT-7686-10A-01D-2252-01	8	5586134	5591735	26	-0.6952
TCGA-HT-7686-10A-01D-2252-01	8	5591903	11986960	5180	-0.0266
TCGA-HT-7686-10A-01D-2252-01	8	12025135	12038532	6	-2.3085
TCGA-HT-7686-10A-01D-2252-01	8	12071716	12370481	74	0.1919
TCGA-HT-7686-10A-01D-2252-01	8	12371893	12597222	67	-0.4219
TCGA-HT-7686-10A-01D-2252-01	8	12599114	25028104	10402	0.007
TCGA-HT-7686-10A-01D-2252-01	8	25030360	25040250	27	0.826
TCGA-HT-7686-10A-01D-2252-01	8	25047021	40301274	9686	0.0035
TCGA-HT-7686-10A-01D-2252-01	8	40302954	40308668	34	-0.7548
TCGA-HT-7686-10A-01D-2252-01	8	40312067	41293407	699	-0.0145
TCGA-HT-7686-10A-01D-2252-01	8	41297753	41300271	2	-2.9658
TCGA-HT-7686-10A-01D-2252-01	8	41300578	112364378	40752	0.0048
TCGA-HT-7686-10A-01D-2252-01	8	112364421	112364436	2	-2.8559
TCGA-HT-7686-10A-01D-2252-01	8	112369457	146268959	22942	0.0042
TCGA-HT-7686-10A-01D-2252-01	9	36587	592903	511	-0.0421
TCGA-HT-7686-10A-01D-2252-01	9	596699	596893	3	-1.1412
TCGA-HT-7686-10A-01D-2252-01	9	596961	5068383	4736	0.004
TCGA-HT-7686-10A-01D-2252-01	9	5068409	5072995	15	-0.5718
TCGA-HT-7686-10A-01D-2252-01	9	5073003	41723631	26104	0.0043
TCGA-HT-7686-10A-01D-2252-01	9	41832529	41975187	9	-1.3805
TCGA-HT-7686-10A-01D-2252-01	9	42013107	43156984	21	-0.2029
TCGA-HT-7686-10A-01D-2252-01	9	43159599	75033590	4145	-0.0157
TCGA-HT-7686-10A-01D-2252-01	9	75038110	75039487	3	-1.2576
TCGA-HT-7686-10A-01D-2252-01	9	75044637	93442027	13304	0.0039
TCGA-HT-7686-10A-01D-2252-01	9	93442089	93443531	17	-0.9081
TCGA-HT-7686-10A-01D-2252-01	9	93443567	103907931	6740	0.0065
TCGA-HT-7686-10A-01D-2252-01	9	103909525	103915069	12	-0.5725
TCGA-HT-7686-10A-01D-2252-01	9	103915232	140211215	24336	0.0037
TCGA-HT-7686-10A-01D-2252-01	X	108477	54551740	31803	0.0036
TCGA-HT-7686-10A-01D-2252-01	X	54552665	54553522	2	-1.6463
TCGA-HT-7686-10A-01D-2252-01	X	54557879	76270041	8349	0.0056
TCGA-HT-7686-10A-01D-2252-01	X	76278683	76295047	2	-2.4427
TCGA-HT-7686-10A-01D-2252-01	X	76295049	154835548	44478	0.0046
TCGA-HT-7686-10A-01D-2252-01	Y	2710438	3065268	152	-3.0989
TCGA-HT-7686-10A-01D-2252-01	Y	3066140	5999989	619	-2.6562
TCGA-HT-7686-10A-01D-2252-01	Y	6003672	6213454	95	-3.3164
TCGA-HT-7686-10A-01D-2252-01	Y	6215929	6356423	58	-4.2323
TCGA-HT-7686-10A-01D-2252-01	Y	6359046	17568822	4455	-3.2334
TCGA-HT-7686-10A-01D-2252-01	Y	17572959	17807379	98	-3.7336
TCGA-HT-7686-10A-01D-2252-01	Y	17809644	18080026	142	-3.1698
TCGA-HT-7686-10A-01D-2252-01	Y	18080874	19484001	673	-3.8753
TCGA-HT-7686-10A-01D-2252-01	Y	19484450	22063159	1009	-3.2614
TCGA-HT-7686-10A-01D-2252-01	Y	22093119	22099738	2	-8.5123
TCGA-HT-7686-10A-01D-2252-01	Y	22125089	22191306	42	-3.5599
TCGA-HT-7686-10A-01D-2252-01	Y	22192050	22268551	31	-2.32
TCGA-HT-7686-10A-01D-2252-01	Y	22268856	22919906	190	-3.4086
TCGA-HT-7686-10A-01D-2252-01	Y	22924247	26687080	785	-3.7631
TCGA-HT-7686-10A-01D-2252-01	Y	26699115	26731407	13	-5.5343
TCGA-HT-7686-10A-01D-2252-01	Y	26731471	26833326	43	-3.9482
TCGA-HT-7686-10A-01D-2252-01	Y	26847504	57427647	183	-2.9424
