barcode	chromosome	start	stop	num.mark	seg.mean
TCGA-DB-5277-10A-01D-1466-01	1	51598	31740902	17308	-0.0068
TCGA-DB-5277-10A-01D-1466-01	1	31745076	31745935	2	-2.5965
TCGA-DB-5277-10A-01D-1466-01	1	31746376	72513322	25492	0.0046
TCGA-DB-5277-10A-01D-1466-01	1	72519121	72591187	68	0.5196
TCGA-DB-5277-10A-01D-1466-01	1	72591367	83601610	7096	0.0065
TCGA-DB-5277-10A-01D-1466-01	1	83601945	83602568	4	-1.7467
TCGA-DB-5277-10A-01D-1466-01	1	83606510	105814899	13903	0.001
TCGA-DB-5277-10A-01D-1466-01	1	105820728	105821006	5	1.1556
TCGA-DB-5277-10A-01D-1466-01	1	105822727	105823898	12	0.5375
TCGA-DB-5277-10A-01D-1466-01	1	105825578	108359228	1793	0.0193
TCGA-DB-5277-10A-01D-1466-01	1	108360557	108360938	2	-1.7683
TCGA-DB-5277-10A-01D-1466-01	1	108367114	109281810	504	0.0137
TCGA-DB-5277-10A-01D-1466-01	1	109281904	109299668	23	0.4011
TCGA-DB-5277-10A-01D-1466-01	1	109305179	109372700	41	0.0064
TCGA-DB-5277-10A-01D-1466-01	1	109376049	109406901	4	-1.2785
TCGA-DB-5277-10A-01D-1466-01	1	109407890	109976569	268	0.0019
TCGA-DB-5277-10A-01D-1466-01	1	109977503	110003103	10	-0.8063
TCGA-DB-5277-10A-01D-1466-01	1	110007498	112491734	1985	0.0158
TCGA-DB-5277-10A-01D-1466-01	1	112491771	112507585	30	0.759
TCGA-DB-5277-10A-01D-1466-01	1	112507605	113238633	470	-0.0181
TCGA-DB-5277-10A-01D-1466-01	1	113245633	113248383	2	-1.9803
TCGA-DB-5277-10A-01D-1466-01	1	113250376	120094285	4404	-0.0033
TCGA-DB-5277-10A-01D-1466-01	1	120094890	120096791	4	-1.6939
TCGA-DB-5277-10A-01D-1466-01	1	120098818	147204529	1476	0.0477
TCGA-DB-5277-10A-01D-1466-01	1	147214334	147509287	116	-0.4359
TCGA-DB-5277-10A-01D-1466-01	1	147509349	147512654	9	-1.2218
TCGA-DB-5277-10A-01D-1466-01	1	147512899	150819650	1535	-0.0119
TCGA-DB-5277-10A-01D-1466-01	1	150821800	150842085	26	-0.6605
TCGA-DB-5277-10A-01D-1466-01	1	150846073	151026302	182	-0.0258
TCGA-DB-5277-10A-01D-1466-01	1	151028547	151034883	32	1.0062
TCGA-DB-5277-10A-01D-1466-01	1	151034905	166032807	10201	-0.0054
TCGA-DB-5277-10A-01D-1466-01	1	166033049	166033543	3	-1.9362
TCGA-DB-5277-10A-01D-1466-01	1	166035137	193571345	18382	0.0014
TCGA-DB-5277-10A-01D-1466-01	1	193572673	193627864	30	0.4303
TCGA-DB-5277-10A-01D-1466-01	1	193629871	194097559	313	-0.0188
TCGA-DB-5277-10A-01D-1466-01	1	194099287	194131227	31	-0.9666
TCGA-DB-5277-10A-01D-1466-01	1	194133761	194964865	530	-0.0302
TCGA-DB-5277-10A-01D-1466-01	1	194964895	195056457	78	0.5325
TCGA-DB-5277-10A-01D-1466-01	1	195056498	195057581	9	-0.3425
TCGA-DB-5277-10A-01D-1466-01	1	195057649	195213492	114	0.2911
TCGA-DB-5277-10A-01D-1466-01	1	195213653	197357762	1264	0.0098
TCGA-DB-5277-10A-01D-1466-01	1	197357867	197359973	3	-0.9515
TCGA-DB-5277-10A-01D-1466-01	1	197360499	197374325	22	-0.0204
TCGA-DB-5277-10A-01D-1466-01	1	197377986	197381013	11	0.8411
TCGA-DB-5277-10A-01D-1466-01	1	197381370	197805686	299	0.004
TCGA-DB-5277-10A-01D-1466-01	1	197809186	197811650	5	-0.7988
TCGA-DB-5277-10A-01D-1466-01	1	197812328	198168387	207	0.0293
TCGA-DB-5277-10A-01D-1466-01	1	198172451	198172611	2	-1.9386
TCGA-DB-5277-10A-01D-1466-01	1	198174844	204843590	4320	-0.002
TCGA-DB-5277-10A-01D-1466-01	1	204845951	204850090	4	-1.4268
TCGA-DB-5277-10A-01D-1466-01	1	204851146	206709872	1398	0.0086
TCGA-DB-5277-10A-01D-1466-01	1	206710938	206713213	2	-2.1287
TCGA-DB-5277-10A-01D-1466-01	1	206717992	219004414	8705	0.0028
TCGA-DB-5277-10A-01D-1466-01	1	219006371	219019933	14	-1.0535
TCGA-DB-5277-10A-01D-1466-01	1	219020400	247191011	19518	-6e-04
TCGA-DB-5277-10A-01D-1466-01	10	62759	3056264	2470	0.0129
TCGA-DB-5277-10A-01D-1466-01	10	3058127	3058270	2	-3.642
TCGA-DB-5277-10A-01D-1466-01	10	3058486	5692243	2317	0.015
TCGA-DB-5277-10A-01D-1466-01	10	5692745	5752372	28	-0.7411
TCGA-DB-5277-10A-01D-1466-01	10	5754563	6777390	940	0.0011
TCGA-DB-5277-10A-01D-1466-01	10	6777993	6778319	2	-2.5376
TCGA-DB-5277-10A-01D-1466-01	10	6778620	9620835	2458	-0.0076
TCGA-DB-5277-10A-01D-1466-01	10	9622354	9788562	97	0.2463
TCGA-DB-5277-10A-01D-1466-01	10	9788724	19288211	7364	-0.0108
TCGA-DB-5277-10A-01D-1466-01	10	19288561	19289706	5	-1.286
TCGA-DB-5277-10A-01D-1466-01	10	19292131	23027732	2580	0.0013
TCGA-DB-5277-10A-01D-1466-01	10	23027963	23029166	2	-1.9648
TCGA-DB-5277-10A-01D-1466-01	10	23029424	24415269	923	-0.0055
TCGA-DB-5277-10A-01D-1466-01	10	24417680	24418914	12	1.4425
TCGA-DB-5277-10A-01D-1466-01	10	24418957	27262051	1989	-0.0075
TCGA-DB-5277-10A-01D-1466-01	10	27262326	27269999	16	-0.6712
TCGA-DB-5277-10A-01D-1466-01	10	27270681	27637444	199	-0.0235
TCGA-DB-5277-10A-01D-1466-01	10	27647191	27647911	2	-1.7389
TCGA-DB-5277-10A-01D-1466-01	10	27650096	27715010	48	0.0386
TCGA-DB-5277-10A-01D-1466-01	10	27715412	27728466	23	0.4727
TCGA-DB-5277-10A-01D-1466-01	10	27728532	35162741	5384	0.0024
TCGA-DB-5277-10A-01D-1466-01	10	35163184	35163294	2	-2.9688
TCGA-DB-5277-10A-01D-1466-01	10	35163634	51736038	6832	-0.0034
TCGA-DB-5277-10A-01D-1466-01	10	51738757	51755363	14	-0.8799
TCGA-DB-5277-10A-01D-1466-01	10	51755417	57121673	4090	0.0328
TCGA-DB-5277-10A-01D-1466-01	10	57126780	57126796	2	1.9318
TCGA-DB-5277-10A-01D-1466-01	10	57126906	133127949	51939	-0.0017
TCGA-DB-5277-10A-01D-1466-01	10	133128612	133129046	2	-2.9259
TCGA-DB-5277-10A-01D-1466-01	10	133136482	135356694	1104	0.005
TCGA-DB-5277-10A-01D-1466-01	11	188510	329969	70	-0.08
TCGA-DB-5277-10A-01D-1466-01	11	330219	335515	4	-1.9309
TCGA-DB-5277-10A-01D-1466-01	11	337265	4696115	2165	-0.0303
TCGA-DB-5277-10A-01D-1466-01	11	4697241	4697321	2	-3.7218
TCGA-DB-5277-10A-01D-1466-01	11	4698530	5735099	1044	0.049
TCGA-DB-5277-10A-01D-1466-01	11	5739501	5756406	29	0.6454
TCGA-DB-5277-10A-01D-1466-01	11	5759092	6684796	642	0.0164
TCGA-DB-5277-10A-01D-1466-01	11	6685096	6686069	2	-1.8733
TCGA-DB-5277-10A-01D-1466-01	11	6686492	9237038	1875	-0.0011
TCGA-DB-5277-10A-01D-1466-01	11	9252460	9346451	30	0.4033
TCGA-DB-5277-10A-01D-1466-01	11	9354814	12044169	2145	0.019
TCGA-DB-5277-10A-01D-1466-01	11	12044356	12047234	6	-1.1923
TCGA-DB-5277-10A-01D-1466-01	11	12048541	18895746	4706	-0.0086
TCGA-DB-5277-10A-01D-1466-01	11	18896669	18927751	67	0.6134
TCGA-DB-5277-10A-01D-1466-01	11	18927956	21148554	2027	-0.0091
TCGA-DB-5277-10A-01D-1466-01	11	21148722	21155654	18	0.6598
TCGA-DB-5277-10A-01D-1466-01	11	21158380	25506906	3149	0.0183
TCGA-DB-5277-10A-01D-1466-01	11	25507031	25542601	37	0.3628
TCGA-DB-5277-10A-01D-1466-01	11	25542674	25562323	10	-0.1344
TCGA-DB-5277-10A-01D-1466-01	11	25562338	25573116	10	0.6015
TCGA-DB-5277-10A-01D-1466-01	11	25576234	25658813	71	-0.0416
TCGA-DB-5277-10A-01D-1466-01	11	25658909	25678654	27	0.4991
TCGA-DB-5277-10A-01D-1466-01	11	25678726	31349870	3726	-0.0078
TCGA-DB-5277-10A-01D-1466-01	11	31350844	31353656	2	-2.8422
TCGA-DB-5277-10A-01D-1466-01	11	31354783	55097216	12699	0.0117
TCGA-DB-5277-10A-01D-1466-01	11	55097329	55111788	9	0.2647
TCGA-DB-5277-10A-01D-1466-01	11	55112298	55209585	68	0.7247
TCGA-DB-5277-10A-01D-1466-01	11	55210152	55433475	154	0.217
TCGA-DB-5277-10A-01D-1466-01	11	55434886	55436687	4	2.4639
TCGA-DB-5277-10A-01D-1466-01	11	55437121	90141802	20245	-7e-04
TCGA-DB-5277-10A-01D-1466-01	11	90142327	90142351	2	-2.5592
TCGA-DB-5277-10A-01D-1466-01	11	90142746	91425076	874	0.0118
TCGA-DB-5277-10A-01D-1466-01	11	91425409	91435255	12	-0.6834
TCGA-DB-5277-10A-01D-1466-01	11	91436869	93338930	1426	0.0489
TCGA-DB-5277-10A-01D-1466-01	11	93340753	93341236	2	-1.9265
TCGA-DB-5277-10A-01D-1466-01	11	93344108	97323161	2866	0.0146
TCGA-DB-5277-10A-01D-1466-01	11	97323345	97384541	69	0.3716
TCGA-DB-5277-10A-01D-1466-01	11	97384554	103029324	4198	0.0131
TCGA-DB-5277-10A-01D-1466-01	11	103030981	103031234	2	-2.3959
TCGA-DB-5277-10A-01D-1466-01	11	103032592	123022308	13779	0.0132
TCGA-DB-5277-10A-01D-1466-01	11	123025362	123026420	2	-2.0477
TCGA-DB-5277-10A-01D-1466-01	11	123026650	124580589	1117	0.0022
TCGA-DB-5277-10A-01D-1466-01	11	124580661	124588914	27	0.4907
TCGA-DB-5277-10A-01D-1466-01	11	124593480	133404676	6757	0.008
TCGA-DB-5277-10A-01D-1466-01	11	133406646	133406982	2	-1.9624
TCGA-DB-5277-10A-01D-1466-01	11	133409752	133442461	24	0.1223
TCGA-DB-5277-10A-01D-1466-01	11	133446621	133454689	7	-0.6483
TCGA-DB-5277-10A-01D-1466-01	11	133458185	133485236	15	0.3788
TCGA-DB-5277-10A-01D-1466-01	11	133486061	133647740	98	0.0374
TCGA-DB-5277-10A-01D-1466-01	11	133647844	133659098	6	0.4084
TCGA-DB-5277-10A-01D-1466-01	11	133662322	134449982	623	-0.0995
TCGA-DB-5277-10A-01D-1466-01	12	20703	4803624	3325	0.0168
TCGA-DB-5277-10A-01D-1466-01	12	4803701	4807227	2	-2.745
TCGA-DB-5277-10A-01D-1466-01	12	4807836	11127482	3939	-0.0034
TCGA-DB-5277-10A-01D-1466-01	12	11128103	11132799	3	1.5745
TCGA-DB-5277-10A-01D-1466-01	12	11143141	31260152	14224	0.0035
TCGA-DB-5277-10A-01D-1466-01	12	31264608	31267475	6	-1.6695
TCGA-DB-5277-10A-01D-1466-01	12	31268262	31285380	30	-0.0105
TCGA-DB-5277-10A-01D-1466-01	12	31285691	31286739	2	-1.7583
TCGA-DB-5277-10A-01D-1466-01	12	31287110	31301551	8	-0.5343
TCGA-DB-5277-10A-01D-1466-01	12	31302088	31799317	280	0.0161
TCGA-DB-5277-10A-01D-1466-01	12	31799624	31801175	2	-2.2001
TCGA-DB-5277-10A-01D-1466-01	12	31808487	116533890	52701	0.0037
TCGA-DB-5277-10A-01D-1466-01	12	116535596	116535910	2	-2.4706
TCGA-DB-5277-10A-01D-1466-01	12	116535961	125514525	5320	0
TCGA-DB-5277-10A-01D-1466-01	12	125516117	125516255	2	-1.9676
TCGA-DB-5277-10A-01D-1466-01	12	125517366	127113114	1368	-0.018
TCGA-DB-5277-10A-01D-1466-01	12	127114038	127117394	8	-1.4555
TCGA-DB-5277-10A-01D-1466-01	12	127118031	127201182	67	-0.0064
TCGA-DB-5277-10A-01D-1466-01	12	127204934	127205430	6	-1.7883
TCGA-DB-5277-10A-01D-1466-01	12	127205858	132288262	3634	-0.0186
TCGA-DB-5277-10A-01D-1466-01	13	17924949	19832636	988	0.043
TCGA-DB-5277-10A-01D-1466-01	13	19833285	19836223	6	-1.4592
TCGA-DB-5277-10A-01D-1466-01	13	19837005	20806524	623	-0.014
TCGA-DB-5277-10A-01D-1466-01	13	20806710	20808586	2	-2.0523
TCGA-DB-5277-10A-01D-1466-01	13	20809143	22527187	1265	-0.0014
TCGA-DB-5277-10A-01D-1466-01	13	22527210	22531515	13	-1.6811
TCGA-DB-5277-10A-01D-1466-01	13	22536195	32628226	7630	-0.0123
TCGA-DB-5277-10A-01D-1466-01	13	32628275	32629234	2	-2.7664
TCGA-DB-5277-10A-01D-1466-01	13	32633240	42654803	7030	-0.0019
TCGA-DB-5277-10A-01D-1466-01	13	42658833	42664368	7	-1.1081
TCGA-DB-5277-10A-01D-1466-01	13	42664849	49928745	4718	0.0012
TCGA-DB-5277-10A-01D-1466-01	13	49933277	49958843	22	0.4096
TCGA-DB-5277-10A-01D-1466-01	13	49959045	49973386	5	-0.6118
TCGA-DB-5277-10A-01D-1466-01	13	49974381	50017738	33	0.4153
TCGA-DB-5277-10A-01D-1466-01	13	50022462	50033704	7	-0.2244
TCGA-DB-5277-10A-01D-1466-01	13	50034727	50064803	14	0.3933
TCGA-DB-5277-10A-01D-1466-01	13	50065210	56567672	3667	0.0133
TCGA-DB-5277-10A-01D-1466-01	13	56569887	56832537	172	0.2895
TCGA-DB-5277-10A-01D-1466-01	13	56833934	63109860	3686	0.0043
TCGA-DB-5277-10A-01D-1466-01	13	63110706	63115883	5	-0.9938
TCGA-DB-5277-10A-01D-1466-01	13	63116341	65997271	1764	0.0666
TCGA-DB-5277-10A-01D-1466-01	13	65998213	66003341	5	-1.2283
TCGA-DB-5277-10A-01D-1466-01	13	66003884	68140256	1335	0.0507
TCGA-DB-5277-10A-01D-1466-01	13	68146300	68166243	39	-0.5093
TCGA-DB-5277-10A-01D-1466-01	13	68167120	108681640	27891	-9e-04
TCGA-DB-5277-10A-01D-1466-01	13	108682683	108685964	4	-1.8638
TCGA-DB-5277-10A-01D-1466-01	13	108686275	110386968	1377	-0.0228
TCGA-DB-5277-10A-01D-1466-01	13	110387153	110390781	3	-2.175
TCGA-DB-5277-10A-01D-1466-01	13	110391932	114126499	1889	-0.0037
TCGA-DB-5277-10A-01D-1466-01	14	18072124	19551417	226	0.3158
TCGA-DB-5277-10A-01D-1466-01	14	19552759	21681152	1514	0.0029
TCGA-DB-5277-10A-01D-1466-01	14	21681261	21683530	10	-1.2909
TCGA-DB-5277-10A-01D-1466-01	14	21685305	21808559	131	-0.0372
TCGA-DB-5277-10A-01D-1466-01	14	21811905	21814248	3	-2.097
TCGA-DB-5277-10A-01D-1466-01	14	21816094	21912357	56	-0.1992
TCGA-DB-5277-10A-01D-1466-01	14	21913277	21921082	8	-1.3949
TCGA-DB-5277-10A-01D-1466-01	14	21922899	22017743	73	-0.2548
TCGA-DB-5277-10A-01D-1466-01	14	22020331	22025556	3	-1.4344
TCGA-DB-5277-10A-01D-1466-01	14	22029132	22044133	38	0.0975
TCGA-DB-5277-10A-01D-1466-01	14	22045540	22048615	16	0.3905
TCGA-DB-5277-10A-01D-1466-01	14	22053063	22067673	7	-1.943
TCGA-DB-5277-10A-01D-1466-01	14	22069242	24019021	1125	0.0033
TCGA-DB-5277-10A-01D-1466-01	14	24020664	24021663	3	-2.019
TCGA-DB-5277-10A-01D-1466-01	14	24022286	24024042	6	-0.4764
TCGA-DB-5277-10A-01D-1466-01	14	24024473	24827691	602	0.011
TCGA-DB-5277-10A-01D-1466-01	14	24828066	24828874	2	-1.5418
TCGA-DB-5277-10A-01D-1466-01	14	24829989	29750185	2975	0.0128
TCGA-DB-5277-10A-01D-1466-01	14	29753331	29755372	2	-2.9295
TCGA-DB-5277-10A-01D-1466-01	14	29756321	40420893	6780	-0.0034
TCGA-DB-5277-10A-01D-1466-01	14	40422368	40422545	2	-2.3905
TCGA-DB-5277-10A-01D-1466-01	14	40429737	40474843	33	-0.08
TCGA-DB-5277-10A-01D-1466-01	14	40476042	40538683	43	0.3354
TCGA-DB-5277-10A-01D-1466-01	14	40539481	40541764	4	-1.9521
TCGA-DB-5277-10A-01D-1466-01	14	40541848	40677279	148	-8e-04
TCGA-DB-5277-10A-01D-1466-01	14	40677384	40758480	27	0.463
TCGA-DB-5277-10A-01D-1466-01	14	40758991	41762699	639	0.0044
TCGA-DB-5277-10A-01D-1466-01	14	41763475	41769229	3	-1.158
TCGA-DB-5277-10A-01D-1466-01	14	41769670	44966412	1800	0.0596
TCGA-DB-5277-10A-01D-1466-01	14	44967080	44967161	2	-2.0324
TCGA-DB-5277-10A-01D-1466-01	14	44968556	45128341	82	0.2263
TCGA-DB-5277-10A-01D-1466-01	14	45129107	45129625	5	-1.0974
TCGA-DB-5277-10A-01D-1466-01	14	45132472	47812147	1674	0.0319
TCGA-DB-5277-10A-01D-1466-01	14	47817280	47854551	28	0.3849
TCGA-DB-5277-10A-01D-1466-01	14	47855109	52877594	3137	-0.0111
TCGA-DB-5277-10A-01D-1466-01	14	52880790	52882002	6	-0.9323
TCGA-DB-5277-10A-01D-1466-01	14	52882377	53349659	351	-0.0258
TCGA-DB-5277-10A-01D-1466-01	14	53351074	53351715	4	-1.1848
TCGA-DB-5277-10A-01D-1466-01	14	53352059	55251271	1209	0.0119
TCGA-DB-5277-10A-01D-1466-01	14	55255589	55259083	7	-0.9892
TCGA-DB-5277-10A-01D-1466-01	14	55259504	62845437	5064	-0.0073
TCGA-DB-5277-10A-01D-1466-01	14	62846141	62850213	10	-0.7961
TCGA-DB-5277-10A-01D-1466-01	14	62850464	73070876	6429	0.0092
TCGA-DB-5277-10A-01D-1466-01	14	73076460	73090732	8	-2.1211
TCGA-DB-5277-10A-01D-1466-01	14	73099653	105374494	20688	-0.0049
TCGA-DB-5277-10A-01D-1466-01	14	105385112	106031276	301	0.2894
TCGA-DB-5277-10A-01D-1466-01	14	106036275	106356482	206	-0.0211
TCGA-DB-5277-10A-01D-1466-01	15	18276341	18525992	55	0.1967
TCGA-DB-5277-10A-01D-1466-01	15	18527876	19788634	255	-0.3994
TCGA-DB-5277-10A-01D-1466-01	15	19792388	29159308	5145	0.0207
TCGA-DB-5277-10A-01D-1466-01	15	29163988	29169281	2	-2.7831
TCGA-DB-5277-10A-01D-1466-01	15	29170915	30845596	964	0.0174
TCGA-DB-5277-10A-01D-1466-01	15	30848442	30851589	6	-1.2318
TCGA-DB-5277-10A-01D-1466-01	15	30852083	41632795	7120	0.0087
TCGA-DB-5277-10A-01D-1466-01	15	41672410	41763710	25	-0.8829
TCGA-DB-5277-10A-01D-1466-01	15	41772234	48319468	3872	-0.004
TCGA-DB-5277-10A-01D-1466-01	15	48321995	48322920	2	-2.1799
TCGA-DB-5277-10A-01D-1466-01	15	48323163	54574485	4076	-0.0036
TCGA-DB-5277-10A-01D-1466-01	15	54574968	54588993	34	0.4284
TCGA-DB-5277-10A-01D-1466-01	15	54598054	55508131	482	0.0049
TCGA-DB-5277-10A-01D-1466-01	15	55508795	55511336	2	-1.6547
TCGA-DB-5277-10A-01D-1466-01	15	55511376	59194570	2887	0.0106
TCGA-DB-5277-10A-01D-1466-01	15	59195784	59196370	4	-3.6838
TCGA-DB-5277-10A-01D-1466-01	15	59198382	59471253	243	-0.0172
TCGA-DB-5277-10A-01D-1466-01	15	59471497	59477392	4	-1.9587
TCGA-DB-5277-10A-01D-1466-01	15	59478945	74678566	9096	-0.0047
TCGA-DB-5277-10A-01D-1466-01	15	74678682	74682119	10	-2.0346
TCGA-DB-5277-10A-01D-1466-01	15	74682134	98905767	16644	0.0057
TCGA-DB-5277-10A-01D-1466-01	15	98906764	98906792	2	-3.0464
TCGA-DB-5277-10A-01D-1466-01	15	98908019	99727759	600	0.0083
TCGA-DB-5277-10A-01D-1466-01	15	99728073	99734230	7	-1.4024
TCGA-DB-5277-10A-01D-1466-01	15	99734745	99887776	170	0.0315
TCGA-DB-5277-10A-01D-1466-01	15	99888142	99903123	3	-1.7434
TCGA-DB-5277-10A-01D-1466-01	15	99903297	100286563	216	0.1081
TCGA-DB-5277-10A-01D-1466-01	16	777	22897521	15110	-0.013
TCGA-DB-5277-10A-01D-1466-01	16	22900930	22901411	2	-3.0822
TCGA-DB-5277-10A-01D-1466-01	16	22903047	32496123	4990	-0.0159
TCGA-DB-5277-10A-01D-1466-01	16	32496402	32496407	4	-3.2455
TCGA-DB-5277-10A-01D-1466-01	16	32496410	52960621	5908	0.0195
TCGA-DB-5277-10A-01D-1466-01	16	52964055	52964753	2	-1.6992
TCGA-DB-5277-10A-01D-1466-01	16	52965305	54354095	1223	0.0157
TCGA-DB-5277-10A-01D-1466-01	16	54355723	54356280	3	2.1412
TCGA-DB-5277-10A-01D-1466-01	16	54361849	76929109	14489	0.0068
TCGA-DB-5277-10A-01D-1466-01	16	76929941	76942239	15	0.8854
TCGA-DB-5277-10A-01D-1466-01	16	76942266	77355932	530	0.0034
TCGA-DB-5277-10A-01D-1466-01	16	77356261	77356325	2	-2.6652
TCGA-DB-5277-10A-01D-1466-01	16	77358650	79457687	2413	0.0152
TCGA-DB-5277-10A-01D-1466-01	16	79460360	79461760	3	-1.9386
TCGA-DB-5277-10A-01D-1466-01	16	79462539	79494028	37	0.0691
TCGA-DB-5277-10A-01D-1466-01	16	79494944	79497349	6	-1.4479
TCGA-DB-5277-10A-01D-1466-01	16	79499104	79718346	203	-0.0748
TCGA-DB-5277-10A-01D-1466-01	16	79718535	79719265	4	-1.213
TCGA-DB-5277-10A-01D-1466-01	16	79720017	79766323	49	-0.0673
TCGA-DB-5277-10A-01D-1466-01	16	79766879	79769049	7	-1.9706
TCGA-DB-5277-10A-01D-1466-01	16	79769570	84483070	4524	-0.0261
TCGA-DB-5277-10A-01D-1466-01	16	84484580	84489633	2	-3.4672
TCGA-DB-5277-10A-01D-1466-01	16	84490539	88815036	2809	-0.0265
TCGA-DB-5277-10A-01D-1466-01	17	526	374997	175	-0.0253
TCGA-DB-5277-10A-01D-1466-01	17	376394	376408	2	3.086
TCGA-DB-5277-10A-01D-1466-01	17	376884	883686	302	0.0939
TCGA-DB-5277-10A-01D-1466-01	17	886794	887820	2	-2.3179
TCGA-DB-5277-10A-01D-1466-01	17	892314	6252040	3084	-0.0089
TCGA-DB-5277-10A-01D-1466-01	17	6252280	6252991	2	-2.743
TCGA-DB-5277-10A-01D-1466-01	17	6253543	15156081	6256	-0.0122
TCGA-DB-5277-10A-01D-1466-01	17	15158162	15158422	2	-2.679
TCGA-DB-5277-10A-01D-1466-01	17	15159993	16722049	671	0.0093
TCGA-DB-5277-10A-01D-1466-01	17	16722995	16724371	2	-2.8772
TCGA-DB-5277-10A-01D-1466-01	17	16725012	29197600	6193	0.0045
TCGA-DB-5277-10A-01D-1466-01	17	29198552	29202799	12	-1.0795
TCGA-DB-5277-10A-01D-1466-01	17	29203442	36671898	4203	0.0111
TCGA-DB-5277-10A-01D-1466-01	17	36675211	36684057	26	-0.9934
TCGA-DB-5277-10A-01D-1466-01	17	36686250	78643088	24236	-4e-04
TCGA-DB-5277-10A-01D-1466-01	18	1543	2629451	1886	0.0324
TCGA-DB-5277-10A-01D-1466-01	18	2629832	2631858	5	-1.8589
TCGA-DB-5277-10A-01D-1466-01	18	2632720	3251222	399	0.0274
TCGA-DB-5277-10A-01D-1466-01	18	3255013	3258658	7	-0.831
TCGA-DB-5277-10A-01D-1466-01	18	3258699	5953763	1926	-0.0077
TCGA-DB-5277-10A-01D-1466-01	18	5953905	5954811	2	-3.5992
TCGA-DB-5277-10A-01D-1466-01	18	5955397	61346750	35688	0.0046
TCGA-DB-5277-10A-01D-1466-01	18	61350076	61637394	211	0.2453
TCGA-DB-5277-10A-01D-1466-01	18	61637568	61638125	3	-1.8639
TCGA-DB-5277-10A-01D-1466-01	18	61647803	64890114	2406	0.0485
TCGA-DB-5277-10A-01D-1466-01	18	64893256	64903559	36	0.5246
TCGA-DB-5277-10A-01D-1466-01	18	64904043	67473728	1795	0.0064
TCGA-DB-5277-10A-01D-1466-01	18	67478585	67481310	5	-1.3604
TCGA-DB-5277-10A-01D-1466-01	18	67482147	69717218	1800	0.1038
TCGA-DB-5277-10A-01D-1466-01	18	69717713	69719139	6	-1.5692
TCGA-DB-5277-10A-01D-1466-01	18	69719931	70280514	478	-0.0534
TCGA-DB-5277-10A-01D-1466-01	18	70281411	70283765	4	-1.478
TCGA-DB-5277-10A-01D-1466-01	18	70284285	72598127	1756	-0.0086
TCGA-DB-5277-10A-01D-1466-01	18	72598481	72600290	4	-1.3105
TCGA-DB-5277-10A-01D-1466-01	18	72603831	72914490	220	-0.0228
TCGA-DB-5277-10A-01D-1466-01	18	72914698	72920062	5	-1.9629
TCGA-DB-5277-10A-01D-1466-01	18	72920840	76116029	2078	-0.0135
TCGA-DB-5277-10A-01D-1466-01	19	41910	24105336	11115	0.0074
TCGA-DB-5277-10A-01D-1466-01	19	24106134	32657355	125	0.3117
TCGA-DB-5277-10A-01D-1466-01	19	32690406	36922122	3101	-0.0034
TCGA-DB-5277-10A-01D-1466-01	19	36922556	36931352	11	-1.121
TCGA-DB-5277-10A-01D-1466-01	19	36937879	59392926	12250	7e-04
TCGA-DB-5277-10A-01D-1466-01	19	59397019	59397431	2	-2.6205
TCGA-DB-5277-10A-01D-1466-01	19	59398234	60158764	429	0.0299
TCGA-DB-5277-10A-01D-1466-01	19	60173210	60173481	2	-2.9976
TCGA-DB-5277-10A-01D-1466-01	19	60175031	60407907	143	-0.0527
TCGA-DB-5277-10A-01D-1466-01	19	60414653	60425647	5	-1.3691
TCGA-DB-5277-10A-01D-1466-01	19	60427032	60907458	171	-0.0076
TCGA-DB-5277-10A-01D-1466-01	19	60909183	60932975	23	0.4506
TCGA-DB-5277-10A-01D-1466-01	19	60934184	60958089	18	0.0542
TCGA-DB-5277-10A-01D-1466-01	19	60958316	60973882	11	0.4525
TCGA-DB-5277-10A-01D-1466-01	19	60974181	60985513	7	0.8653
TCGA-DB-5277-10A-01D-1466-01	19	60988051	60998214	14	-0.0222
TCGA-DB-5277-10A-01D-1466-01	19	60999395	60999535	3	-1.8785
TCGA-DB-5277-10A-01D-1466-01	19	60999622	63789666	1824	0.0068
TCGA-DB-5277-10A-01D-1466-01	2	2784	1276779	848	0.0339
TCGA-DB-5277-10A-01D-1466-01	2	1277922	1279598	2	-3.1053
TCGA-DB-5277-10A-01D-1466-01	2	1280019	14271361	9863	-0.0108
TCGA-DB-5277-10A-01D-1466-01	2	14272941	14296778	60	0.5469
TCGA-DB-5277-10A-01D-1466-01	2	14296946	19638451	4006	-0.0024
TCGA-DB-5277-10A-01D-1466-01	2	19638715	19639086	2	-3.0695
TCGA-DB-5277-10A-01D-1466-01	2	19641497	34039265	8884	3e-04
TCGA-DB-5277-10A-01D-1466-01	2	34048167	34117605	48	0.4806
TCGA-DB-5277-10A-01D-1466-01	2	34117889	34544573	346	-0.0103
TCGA-DB-5277-10A-01D-1466-01	2	34552819	34590561	46	0.7801
TCGA-DB-5277-10A-01D-1466-01	2	34590667	35522395	636	0.0342
TCGA-DB-5277-10A-01D-1466-01	2	35523211	35524420	5	-1.3448
TCGA-DB-5277-10A-01D-1466-01	2	35525886	37714209	1706	-0.0025
TCGA-DB-5277-10A-01D-1466-01	2	37716221	37718574	6	-1.823
TCGA-DB-5277-10A-01D-1466-01	2	37719200	37882532	159	0.1208
TCGA-DB-5277-10A-01D-1466-01	2	37882931	37883514	2	-2.9744
TCGA-DB-5277-10A-01D-1466-01	2	37883635	40250755	1611	0.0023
TCGA-DB-5277-10A-01D-1466-01	2	40253631	40253816	3	-1.8641
TCGA-DB-5277-10A-01D-1466-01	2	40260022	41271728	841	0.0407
TCGA-DB-5277-10A-01D-1466-01	2	41275098	41275170	2	-2.9892
TCGA-DB-5277-10A-01D-1466-01	2	41276601	52326681	7854	0.0122
TCGA-DB-5277-10A-01D-1466-01	2	52329299	52384680	36	0.4227
TCGA-DB-5277-10A-01D-1466-01	2	52385476	52607972	165	0.0012
TCGA-DB-5277-10A-01D-1466-01	2	52607984	52635046	39	-2.0807
TCGA-DB-5277-10A-01D-1466-01	2	52641453	79201080	17201	0.0081
TCGA-DB-5277-10A-01D-1466-01	2	79201253	79202880	3	-2.5257
TCGA-DB-5277-10A-01D-1466-01	2	79203566	82090681	2015	0.0021
TCGA-DB-5277-10A-01D-1466-01	2	82095184	82143271	34	0.4209
TCGA-DB-5277-10A-01D-1466-01	2	82147577	86977262	2720	-0.0086
TCGA-DB-5277-10A-01D-1466-01	2	86977645	87777487	212	0.3793
TCGA-DB-5277-10A-01D-1466-01	2	87805782	235587712	86069	0.0069
TCGA-DB-5277-10A-01D-1466-01	2	235589725	235656595	55	-0.43
TCGA-DB-5277-10A-01D-1466-01	2	235656842	242738129	4295	0.0063
TCGA-DB-5277-10A-01D-1466-01	20	9305	1509580	1202	0.0156
TCGA-DB-5277-10A-01D-1466-01	20	1509667	1541893	40	1.1265
TCGA-DB-5277-10A-01D-1466-01	20	1545946	5485279	2866	-0.0157
TCGA-DB-5277-10A-01D-1466-01	20	5490092	5490546	3	-2.1544
TCGA-DB-5277-10A-01D-1466-01	20	5491416	7033728	1191	-0.0102
TCGA-DB-5277-10A-01D-1466-01	20	7035736	7035749	2	-2.0852
TCGA-DB-5277-10A-01D-1466-01	20	7036277	9137987	1700	0.0228
TCGA-DB-5277-10A-01D-1466-01	20	9139578	9142973	4	-1.1298
TCGA-DB-5277-10A-01D-1466-01	20	9146462	12122020	2301	-0.0016
TCGA-DB-5277-10A-01D-1466-01	20	12123478	12139243	8	-0.798
TCGA-DB-5277-10A-01D-1466-01	20	12139494	12651357	465	-0.0157
TCGA-DB-5277-10A-01D-1466-01	20	12655584	12656167	4	-1.6774
TCGA-DB-5277-10A-01D-1466-01	20	12656838	50086204	23621	-0.0071
TCGA-DB-5277-10A-01D-1466-01	20	50086344	50087983	4	-1.5242
TCGA-DB-5277-10A-01D-1466-01	20	50091306	50768830	466	0.0134
TCGA-DB-5277-10A-01D-1466-01	20	50769241	50769414	2	-1.6238
TCGA-DB-5277-10A-01D-1466-01	20	50769867	52115017	1098	0.0147
TCGA-DB-5277-10A-01D-1466-01	20	52115237	52115335	5	-1.751
TCGA-DB-5277-10A-01D-1466-01	20	52115665	57507108	4326	-0.0235
TCGA-DB-5277-10A-01D-1466-01	20	57507315	57510987	3	-2.8754
TCGA-DB-5277-10A-01D-1466-01	20	57512242	62426597	3052	-0.0309
TCGA-DB-5277-10A-01D-1466-01	21	9758742	17743339	2802	0.0249
TCGA-DB-5277-10A-01D-1466-01	21	17743769	17744045	3	-1.7241
TCGA-DB-5277-10A-01D-1466-01	21	17750106	24507255	5227	0.0353
TCGA-DB-5277-10A-01D-1466-01	21	24510120	24510210	3	-1.6092
TCGA-DB-5277-10A-01D-1466-01	21	24510827	28538651	3004	-0.0038
TCGA-DB-5277-10A-01D-1466-01	21	28540818	28547141	10	0.733
TCGA-DB-5277-10A-01D-1466-01	21	28547475	28681569	93	0.1484
TCGA-DB-5277-10A-01D-1466-01	21	28682764	28683046	4	0.8926
TCGA-DB-5277-10A-01D-1466-01	21	28683851	42222785	10311	-0.0072
TCGA-DB-5277-10A-01D-1466-01	21	42226679	42226717	2	-4.2626
TCGA-DB-5277-10A-01D-1466-01	21	42226794	46921385	2903	-0.0322
TCGA-DB-5277-10A-01D-1466-01	22	14432528	16994005	1177	0.038
TCGA-DB-5277-10A-01D-1466-01	22	16997515	17004771	4	1.0061
TCGA-DB-5277-10A-01D-1466-01	22	17006129	17009153	8	-5.2395
TCGA-DB-5277-10A-01D-1466-01	22	17010060	17962066	496	0.0275
TCGA-DB-5277-10A-01D-1466-01	22	17962961	17964672	4	-1.4831
TCGA-DB-5277-10A-01D-1466-01	22	17964688	18251908	168	-0.006
TCGA-DB-5277-10A-01D-1466-01	22	18252009	18253357	2	-3.4221
TCGA-DB-5277-10A-01D-1466-01	22	18254209	18589487	230	-0.0959
TCGA-DB-5277-10A-01D-1466-01	22	18591139	18591328	2	-3.254
TCGA-DB-5277-10A-01D-1466-01	22	18593678	49581321	21370	-0.005
TCGA-DB-5277-10A-01D-1466-01	3	35345	5110351	4560	0.017
TCGA-DB-5277-10A-01D-1466-01	3	5110773	5111038	2	-2.9287
TCGA-DB-5277-10A-01D-1466-01	3	5111564	6626211	1277	0.0203
TCGA-DB-5277-10A-01D-1466-01	3	6626237	6630430	26	0.5724
TCGA-DB-5277-10A-01D-1466-01	3	6633264	11898392	4049	0.0029
TCGA-DB-5277-10A-01D-1466-01	3	11899678	11900383	2	-3.0803
TCGA-DB-5277-10A-01D-1466-01	3	11900610	12113766	162	0.0034
TCGA-DB-5277-10A-01D-1466-01	3	12119982	12120362	3	-1.9915
TCGA-DB-5277-10A-01D-1466-01	3	12122150	27019611	10274	0.0143
TCGA-DB-5277-10A-01D-1466-01	3	27022663	27044816	12	-0.9559
TCGA-DB-5277-10A-01D-1466-01	3	27045014	46766549	12825	0.0065
TCGA-DB-5277-10A-01D-1466-01	3	46768381	46822620	39	0.4379
TCGA-DB-5277-10A-01D-1466-01	3	46824183	55239698	4176	0.0119
TCGA-DB-5277-10A-01D-1466-01	3	55240361	55241005	2	-1.8975
TCGA-DB-5277-10A-01D-1466-01	3	55243432	59776772	3004	0.0169
TCGA-DB-5277-10A-01D-1466-01	3	59776899	59780018	3	-1.4546
TCGA-DB-5277-10A-01D-1466-01	3	59786645	59819765	22	0.3327
TCGA-DB-5277-10A-01D-1466-01	3	59824128	59921970	129	-0.181
TCGA-DB-5277-10A-01D-1466-01	3	59923610	59955464	57	0.2697
TCGA-DB-5277-10A-01D-1466-01	3	59955935	59956565	3	-0.9846
TCGA-DB-5277-10A-01D-1466-01	3	59957050	59968480	25	-0.0088
TCGA-DB-5277-10A-01D-1466-01	3	59971875	59972152	4	-1.642
TCGA-DB-5277-10A-01D-1466-01	3	59976242	60010283	65	-0.0206
TCGA-DB-5277-10A-01D-1466-01	3	60013040	60013672	3	-1.5604
TCGA-DB-5277-10A-01D-1466-01	3	60014051	60179803	198	0.1108
TCGA-DB-5277-10A-01D-1466-01	3	60184662	60189860	13	-1.1016
TCGA-DB-5277-10A-01D-1466-01	3	60191290	60212661	25	0.1333
TCGA-DB-5277-10A-01D-1466-01	3	60216088	60217388	4	-1.8955
TCGA-DB-5277-10A-01D-1466-01	3	60218587	68828949	6816	0.0038
TCGA-DB-5277-10A-01D-1466-01	3	68828974	68830103	13	-1.1688
TCGA-DB-5277-10A-01D-1466-01	3	68831448	75651239	4931	-0.0073
TCGA-DB-5277-10A-01D-1466-01	3	75655239	75677871	7	1.0892
TCGA-DB-5277-10A-01D-1466-01	3	75678936	87915865	6775	0.0145
TCGA-DB-5277-10A-01D-1466-01	3	87917100	87928647	6	-1.2424
TCGA-DB-5277-10A-01D-1466-01	3	87929866	89466841	928	0.0025
TCGA-DB-5277-10A-01D-1466-01	3	89467256	89492819	37	0.4291
TCGA-DB-5277-10A-01D-1466-01	3	89495740	109949922	9026	0.0084
TCGA-DB-5277-10A-01D-1466-01	3	109959209	109964817	2	-2.0053
TCGA-DB-5277-10A-01D-1466-01	3	109965803	110092046	106	0.0019
TCGA-DB-5277-10A-01D-1466-01	3	110096756	110096976	2	-2.7616
TCGA-DB-5277-10A-01D-1466-01	3	110100469	122813661	7847	-0.0013
TCGA-DB-5277-10A-01D-1466-01	3	122817430	122817706	3	-1.7822
TCGA-DB-5277-10A-01D-1466-01	3	122817999	153825217	19172	0.0079
TCGA-DB-5277-10A-01D-1466-01	3	153825517	153835994	40	0.4048
TCGA-DB-5277-10A-01D-1466-01	3	153836009	162935938	5407	3e-04
TCGA-DB-5277-10A-01D-1466-01	3	162936640	162937266	2	-2.431
TCGA-DB-5277-10A-01D-1466-01	3	162938666	164197211	859	0.0854
TCGA-DB-5277-10A-01D-1466-01	3	164200421	164202256	2	-2.6637
TCGA-DB-5277-10A-01D-1466-01	3	164208853	166173485	1074	0.0168
TCGA-DB-5277-10A-01D-1466-01	3	166174616	166353229	81	0.3117
TCGA-DB-5277-10A-01D-1466-01	3	166355271	166542068	114	-0.0684
TCGA-DB-5277-10A-01D-1466-01	3	166542079	166548063	30	0.4598
TCGA-DB-5277-10A-01D-1466-01	3	166554822	166740361	103	0.0591
TCGA-DB-5277-10A-01D-1466-01	3	166741704	166749817	4	-1.131
TCGA-DB-5277-10A-01D-1466-01	3	166751202	166779050	34	0.3389
TCGA-DB-5277-10A-01D-1466-01	3	166779226	185833376	11572	0.0191
TCGA-DB-5277-10A-01D-1466-01	3	185836793	185837817	2	-3.2735
TCGA-DB-5277-10A-01D-1466-01	3	185837996	189105840	2305	0.0122
TCGA-DB-5277-10A-01D-1466-01	3	189106835	189112271	8	-1.1202
TCGA-DB-5277-10A-01D-1466-01	3	189112829	193134911	2877	-6e-04
TCGA-DB-5277-10A-01D-1466-01	3	193138864	193140634	4	-1.2259
TCGA-DB-5277-10A-01D-1466-01	3	193142045	193377421	167	0.0278
TCGA-DB-5277-10A-01D-1466-01	3	193378131	193418633	37	0.3448
TCGA-DB-5277-10A-01D-1466-01	3	193420269	193570802	129	0.0378
TCGA-DB-5277-10A-01D-1466-01	3	193571872	193573318	2	-2.5568
TCGA-DB-5277-10A-01D-1466-01	3	193574617	199380515	3266	0.0249
TCGA-DB-5277-10A-01D-1466-01	4	2281	9837881	5784	-0.0024
TCGA-DB-5277-10A-01D-1466-01	4	9837900	9844366	31	-1.6123
TCGA-DB-5277-10A-01D-1466-01	4	9845240	9999220	170	0.0021
TCGA-DB-5277-10A-01D-1466-01	4	9999813	10011844	19	0.5826
TCGA-DB-5277-10A-01D-1466-01	4	10011862	34455449	16786	0.0048
TCGA-DB-5277-10A-01D-1466-01	4	34462895	34508262	45	0.8802
TCGA-DB-5277-10A-01D-1466-01	4	34511957	38136697	2587	0.0013
TCGA-DB-5277-10A-01D-1466-01	4	38137732	38142051	6	-1.5954
TCGA-DB-5277-10A-01D-1466-01	4	38142987	42527740	2687	-0.0104
TCGA-DB-5277-10A-01D-1466-01	4	42528549	42531155	2	-2.0457
TCGA-DB-5277-10A-01D-1466-01	4	42532440	48169332	3424	0.0153
TCGA-DB-5277-10A-01D-1466-01	4	48171115	52384179	295	0.212
TCGA-DB-5277-10A-01D-1466-01	4	52384296	65502101	8254	0.0042
TCGA-DB-5277-10A-01D-1466-01	4	65502281	65527352	43	0.4837
TCGA-DB-5277-10A-01D-1466-01	4	65529246	66283749	517	-0.0174
TCGA-DB-5277-10A-01D-1466-01	4	66283780	66310816	33	0.463
TCGA-DB-5277-10A-01D-1466-01	4	66311570	75420572	5082	0.0236
TCGA-DB-5277-10A-01D-1466-01	4	75420748	75420913	2	-1.747
TCGA-DB-5277-10A-01D-1466-01	4	75421141	87195483	7436	-0.0027
TCGA-DB-5277-10A-01D-1466-01	4	87195553	87198968	16	-0.6079
TCGA-DB-5277-10A-01D-1466-01	4	87199113	88888437	944	-0.0169
TCGA-DB-5277-10A-01D-1466-01	4	88888892	88893813	20	0.5119
TCGA-DB-5277-10A-01D-1466-01	4	88893937	88989583	132	0.0052
TCGA-DB-5277-10A-01D-1466-01	4	88989841	88992119	9	0.7864
TCGA-DB-5277-10A-01D-1466-01	4	88992378	92651234	2235	0.0045
TCGA-DB-5277-10A-01D-1466-01	4	92655480	92697344	32	0.4462
TCGA-DB-5277-10A-01D-1466-01	4	92700384	94099513	686	0.0362
TCGA-DB-5277-10A-01D-1466-01	4	94100388	94152702	23	0.4641
TCGA-DB-5277-10A-01D-1466-01	4	94153589	100509521	3783	-0.0052
TCGA-DB-5277-10A-01D-1466-01	4	100510143	100511723	2	-2.045
TCGA-DB-5277-10A-01D-1466-01	4	100512085	104964102	2688	0.013
TCGA-DB-5277-10A-01D-1466-01	4	104964165	104979447	26	0.4036
TCGA-DB-5277-10A-01D-1466-01	4	104979590	108270061	1840	-0.0066
TCGA-DB-5277-10A-01D-1466-01	4	108270404	108294760	33	0.4833
TCGA-DB-5277-10A-01D-1466-01	4	108294892	112567642	2605	-0.0047
TCGA-DB-5277-10A-01D-1466-01	4	112567792	112603808	36	0.4795
TCGA-DB-5277-10A-01D-1466-01	4	112606336	115393061	1776	-3e-04
TCGA-DB-5277-10A-01D-1466-01	4	115393077	115403759	30	0.6166
TCGA-DB-5277-10A-01D-1466-01	4	115403771	116383586	599	-0.0127
TCGA-DB-5277-10A-01D-1466-01	4	116383660	116402394	41	0.4394
TCGA-DB-5277-10A-01D-1466-01	4	116404951	116910105	277	0.0147
TCGA-DB-5277-10A-01D-1466-01	4	116911183	117007964	53	0.3755
TCGA-DB-5277-10A-01D-1466-01	4	117015701	122494104	3370	0.012
TCGA-DB-5277-10A-01D-1466-01	4	122501423	122510581	30	-0.6941
TCGA-DB-5277-10A-01D-1466-01	4	122510972	135238144	7182	0.0113
TCGA-DB-5277-10A-01D-1466-01	4	135258954	135412127	70	0.3233
TCGA-DB-5277-10A-01D-1466-01	4	135412263	138158506	1507	-0.0019
TCGA-DB-5277-10A-01D-1466-01	4	138158629	138168954	23	0.5366
TCGA-DB-5277-10A-01D-1466-01	4	138169253	145049251	4555	-0.0012
TCGA-DB-5277-10A-01D-1466-01	4	145050242	145249255	122	0.2746
TCGA-DB-5277-10A-01D-1466-01	4	145249337	153062053	4385	0.0025
TCGA-DB-5277-10A-01D-1466-01	4	153065056	153065396	2	-2.5113
TCGA-DB-5277-10A-01D-1466-01	4	153066199	169032468	10174	-3e-04
TCGA-DB-5277-10A-01D-1466-01	4	169032483	169065107	41	0.4579
TCGA-DB-5277-10A-01D-1466-01	4	169065122	169089786	29	-0.1114
TCGA-DB-5277-10A-01D-1466-01	4	169089994	169230459	96	0.3512
TCGA-DB-5277-10A-01D-1466-01	4	169230668	171076605	1175	-0.0129
TCGA-DB-5277-10A-01D-1466-01	4	171077247	171083616	7	-0.9608
TCGA-DB-5277-10A-01D-1466-01	4	171084107	172605921	970	0.0103
TCGA-DB-5277-10A-01D-1466-01	4	172611459	172614285	10	1.9231
TCGA-DB-5277-10A-01D-1466-01	4	172614299	173225948	401	-0.0387
TCGA-DB-5277-10A-01D-1466-01	4	173225983	173226094	6	-1.9265
TCGA-DB-5277-10A-01D-1466-01	4	173226108	173658847	226	0.0265
TCGA-DB-5277-10A-01D-1466-01	4	173658862	173665218	13	0.8804
TCGA-DB-5277-10A-01D-1466-01	4	173677707	173711840	19	0.2266
TCGA-DB-5277-10A-01D-1466-01	4	173718289	191261904	11840	0.0245
TCGA-DB-5277-10A-01D-1466-01	5	68532	675956	270	0.0318
TCGA-DB-5277-10A-01D-1466-01	5	678303	696162	12	-0.9271
TCGA-DB-5277-10A-01D-1466-01	5	697552	9950967	7723	-0.008
TCGA-DB-5277-10A-01D-1466-01	5	9951962	9954952	2	-2.6238
TCGA-DB-5277-10A-01D-1466-01	5	9955373	10818633	704	-0.0202
TCGA-DB-5277-10A-01D-1466-01	5	10819984	10820276	2	-2.1808
TCGA-DB-5277-10A-01D-1466-01	5	10821769	11003440	191	0.0859
TCGA-DB-5277-10A-01D-1466-01	5	11004236	11008712	11	-0.7847
TCGA-DB-5277-10A-01D-1466-01	5	11008893	11375276	327	-0.0021
TCGA-DB-5277-10A-01D-1466-01	5	11375374	11379707	5	-0.8893
TCGA-DB-5277-10A-01D-1466-01	5	11381775	18894306	4952	0.0085
TCGA-DB-5277-10A-01D-1466-01	5	18894882	19002715	60	0.3538
TCGA-DB-5277-10A-01D-1466-01	5	19004945	20434958	849	-0.004
TCGA-DB-5277-10A-01D-1466-01	5	20437043	20476096	31	0.66
TCGA-DB-5277-10A-01D-1466-01	5	20479315	20556559	91	0.206
TCGA-DB-5277-10A-01D-1466-01	5	20559314	20559385	3	0.8412
TCGA-DB-5277-10A-01D-1466-01	5	20566747	45895779	15414	0.0014
TCGA-DB-5277-10A-01D-1466-01	5	45896693	45924421	13	-0.8643
TCGA-DB-5277-10A-01D-1466-01	5	45928306	46306865	74	0.0999
TCGA-DB-5277-10A-01D-1466-01	5	46307687	46309259	6	1.5835
TCGA-DB-5277-10A-01D-1466-01	5	46313969	75942314	15952	0.0019
TCGA-DB-5277-10A-01D-1466-01	5	75942607	75943327	3	-2.0974
TCGA-DB-5277-10A-01D-1466-01	5	75944699	75945902	4	0.6334
TCGA-DB-5277-10A-01D-1466-01	5	75948599	85201186	5573	-0.0095
TCGA-DB-5277-10A-01D-1466-01	5	85202493	85250774	31	0.397
TCGA-DB-5277-10A-01D-1466-01	5	85253607	85254116	2	-2.5157
TCGA-DB-5277-10A-01D-1466-01	5	85255062	97116851	6485	0.0027
TCGA-DB-5277-10A-01D-1466-01	5	97118816	97191481	40	0.3578
TCGA-DB-5277-10A-01D-1466-01	5	97193834	101150276	2270	0.0643
TCGA-DB-5277-10A-01D-1466-01	5	101150663	101328723	158	0.2961
TCGA-DB-5277-10A-01D-1466-01	5	101329520	101491088	104	-0.0202
TCGA-DB-5277-10A-01D-1466-01	5	101492172	101493005	3	-1.159
TCGA-DB-5277-10A-01D-1466-01	5	101501086	103534451	1094	-3e-04
TCGA-DB-5277-10A-01D-1466-01	5	103534656	103562025	23	0.373
TCGA-DB-5277-10A-01D-1466-01	5	103563387	103879120	202	0.0445
TCGA-DB-5277-10A-01D-1466-01	5	103888272	103888503	4	-1.4031
TCGA-DB-5277-10A-01D-1466-01	5	103888948	104488059	464	0.023
TCGA-DB-5277-10A-01D-1466-01	5	104488430	104531836	28	0.463
TCGA-DB-5277-10A-01D-1466-01	5	104535509	109421595	3077	0.0098
TCGA-DB-5277-10A-01D-1466-01	5	109421729	109422486	2	-2.8052
TCGA-DB-5277-10A-01D-1466-01	5	109424683	115633366	4454	0.0076
TCGA-DB-5277-10A-01D-1466-01	5	115637323	115637919	4	-1.3761
TCGA-DB-5277-10A-01D-1466-01	5	115640136	117912902	1691	-0.0015
TCGA-DB-5277-10A-01D-1466-01	5	117913924	117919971	9	-0.6883
TCGA-DB-5277-10A-01D-1466-01	5	117920303	119608119	1077	-0.0096
TCGA-DB-5277-10A-01D-1466-01	5	119608225	119618322	14	-0.4988
TCGA-DB-5277-10A-01D-1466-01	5	119619028	120373021	497	0.0131
TCGA-DB-5277-10A-01D-1466-01	5	120373229	120373467	2	-2.1781
TCGA-DB-5277-10A-01D-1466-01	5	120374182	125080371	3130	1e-04
TCGA-DB-5277-10A-01D-1466-01	5	125080847	125081547	4	-1.6382
TCGA-DB-5277-10A-01D-1466-01	5	125083968	125145336	48	0.0927
TCGA-DB-5277-10A-01D-1466-01	5	125146417	125151015	10	0.5319
TCGA-DB-5277-10A-01D-1466-01	5	125155435	125307428	121	-0.0153
TCGA-DB-5277-10A-01D-1466-01	5	125312253	125338432	24	0.3846
TCGA-DB-5277-10A-01D-1466-01	5	125338510	133271287	4684	-0.0069
TCGA-DB-5277-10A-01D-1466-01	5	133274100	133274514	2	-2.5747
TCGA-DB-5277-10A-01D-1466-01	5	133274733	152554158	12111	-0.0054
TCGA-DB-5277-10A-01D-1466-01	5	152556290	152556508	2	-2.2836
TCGA-DB-5277-10A-01D-1466-01	5	152559983	155414588	1980	6e-04
TCGA-DB-5277-10A-01D-1466-01	5	155414774	155427835	10	0.7901
TCGA-DB-5277-10A-01D-1466-01	5	155427837	167018919	7749	-0.0029
TCGA-DB-5277-10A-01D-1466-01	5	167019212	167019373	2	-2.3438
TCGA-DB-5277-10A-01D-1466-01	5	167020616	168137780	878	-0.0205
TCGA-DB-5277-10A-01D-1466-01	5	168138231	168144674	11	-0.8926
TCGA-DB-5277-10A-01D-1466-01	5	168145034	169286659	963	0.0038
TCGA-DB-5277-10A-01D-1466-01	5	169287009	169288131	2	-1.9669
TCGA-DB-5277-10A-01D-1466-01	5	169288662	173135113	2768	-0.002
TCGA-DB-5277-10A-01D-1466-01	5	173137664	173138822	7	-2.9066
TCGA-DB-5277-10A-01D-1466-01	5	173138977	180722926	4402	-0.0204
TCGA-DB-5277-10A-01D-1466-01	6	94661	32539270	22892	-0.0102
TCGA-DB-5277-10A-01D-1466-01	6	32539530	32682359	43	0.8688
TCGA-DB-5277-10A-01D-1466-01	6	32686060	32798005	73	0.1373
TCGA-DB-5277-10A-01D-1466-01	6	32798775	32798790	2	3.3608
TCGA-DB-5277-10A-01D-1466-01	6	32798808	34046721	762	-0.0291
TCGA-DB-5277-10A-01D-1466-01	6	34049989	34050589	5	-1.2665
TCGA-DB-5277-10A-01D-1466-01	6	34050683	65882349	17573	0.0083
TCGA-DB-5277-10A-01D-1466-01	6	65883268	65883352	2	-2.4218
TCGA-DB-5277-10A-01D-1466-01	6	65884358	69194386	2348	0.0436
TCGA-DB-5277-10A-01D-1466-01	6	69194777	69198729	3	-1.2465
TCGA-DB-5277-10A-01D-1466-01	6	69202748	70308225	676	0.0195
TCGA-DB-5277-10A-01D-1466-01	6	70309329	70345170	21	0.5051
TCGA-DB-5277-10A-01D-1466-01	6	70347069	71799865	917	0.0019
TCGA-DB-5277-10A-01D-1466-01	6	71800193	71857076	45	-0.2493
TCGA-DB-5277-10A-01D-1466-01	6	71857619	71858341	2	-2.0168
TCGA-DB-5277-10A-01D-1466-01	6	71859308	77071668	3307	-0.0068
TCGA-DB-5277-10A-01D-1466-01	6	77073620	77073646	3	1.2772
TCGA-DB-5277-10A-01D-1466-01	6	77073713	77497537	299	-0.009
TCGA-DB-5277-10A-01D-1466-01	6	77497656	77509476	17	0.6748
TCGA-DB-5277-10A-01D-1466-01	6	77517792	79019593	978	7e-04
TCGA-DB-5277-10A-01D-1466-01	6	79019608	79083691	102	0.4867
TCGA-DB-5277-10A-01D-1466-01	6	79083847	79103380	20	0.1124
TCGA-DB-5277-10A-01D-1466-01	6	79108333	79108671	3	-1.0258
TCGA-DB-5277-10A-01D-1466-01	6	79109332	80184265	637	0.015
TCGA-DB-5277-10A-01D-1466-01	6	80186652	80221038	36	-0.4388
TCGA-DB-5277-10A-01D-1466-01	6	80222397	83597865	2226	0.0018
TCGA-DB-5277-10A-01D-1466-01	6	83600394	83602020	3	-1.5157
TCGA-DB-5277-10A-01D-1466-01	6	83602471	93632653	6319	0.0012
TCGA-DB-5277-10A-01D-1466-01	6	93632821	93635167	24	0.4695
TCGA-DB-5277-10A-01D-1466-01	6	93635205	95137826	1034	0.0606
TCGA-DB-5277-10A-01D-1466-01	6	95146459	95147905	9	-0.8953
TCGA-DB-5277-10A-01D-1466-01	6	95148380	95408269	171	0.134
TCGA-DB-5277-10A-01D-1466-01	6	95408603	95408757	2	-2.139
TCGA-DB-5277-10A-01D-1466-01	6	95409563	95705760	199	0.2622
TCGA-DB-5277-10A-01D-1466-01	6	95715073	105023173	5588	0.0098
TCGA-DB-5277-10A-01D-1466-01	6	105023828	105024656	2	-2.076
TCGA-DB-5277-10A-01D-1466-01	6	105025126	105356037	211	0.0044
TCGA-DB-5277-10A-01D-1466-01	6	105360174	105368801	5	1.3135
TCGA-DB-5277-10A-01D-1466-01	6	105370749	114328648	5711	-0.0084
TCGA-DB-5277-10A-01D-1466-01	6	114331534	114331709	2	-2.4863
TCGA-DB-5277-10A-01D-1466-01	6	114332504	115056275	425	0.0098
TCGA-DB-5277-10A-01D-1466-01	6	115060395	115083522	12	-0.6765
TCGA-DB-5277-10A-01D-1466-01	6	115086679	117657512	1402	0.0036
TCGA-DB-5277-10A-01D-1466-01	6	117659576	117660940	3	-2.249
TCGA-DB-5277-10A-01D-1466-01	6	117661119	167925058	33741	-0.0042
TCGA-DB-5277-10A-01D-1466-01	6	167925640	167933083	4	-2.2921
TCGA-DB-5277-10A-01D-1466-01	6	167934743	170892930	1918	-0.0429
TCGA-DB-5277-10A-01D-1466-01	7	52911	26098815	18837	0.0039
TCGA-DB-5277-10A-01D-1466-01	7	26108917	26111938	4	-2.8743
TCGA-DB-5277-10A-01D-1466-01	7	26113744	42690016	11617	-0.0087
TCGA-DB-5277-10A-01D-1466-01	7	42691728	42693457	4	-1.8511
TCGA-DB-5277-10A-01D-1466-01	7	42698750	43207371	328	0.0126
TCGA-DB-5277-10A-01D-1466-01	7	43207836	43250578	28	-0.5198
TCGA-DB-5277-10A-01D-1466-01	7	43250712	54333422	7671	-0.0118
TCGA-DB-5277-10A-01D-1466-01	7	54333983	54360982	15	0.7501
TCGA-DB-5277-10A-01D-1466-01	7	54361895	57954873	2067	9e-04
TCGA-DB-5277-10A-01D-1466-01	7	57964577	61933674	152	0.2656
TCGA-DB-5277-10A-01D-1466-01	7	61962302	62022712	15	-0.5689
TCGA-DB-5277-10A-01D-1466-01	7	62022775	63362328	456	0.0751
TCGA-DB-5277-10A-01D-1466-01	7	63363665	63384401	23	0.515
TCGA-DB-5277-10A-01D-1466-01	7	63384933	75981829	5756	-0.001
TCGA-DB-5277-10A-01D-1466-01	7	75991284	75994477	3	-2.0908
TCGA-DB-5277-10A-01D-1466-01	7	75999233	88802957	8273	0.0175
TCGA-DB-5277-10A-01D-1466-01	7	88804392	88804530	2	-2.4771
TCGA-DB-5277-10A-01D-1466-01	7	88805733	89460564	388	0.1152
TCGA-DB-5277-10A-01D-1466-01	7	89461207	89461975	3	-1.765
TCGA-DB-5277-10A-01D-1466-01	7	89464547	109217163	11613	0.0031
TCGA-DB-5277-10A-01D-1466-01	7	109217286	109228153	22	0.7201
TCGA-DB-5277-10A-01D-1466-01	7	109228154	109229196	12	0.1052
TCGA-DB-5277-10A-01D-1466-01	7	109240949	109241146	6	1.1781
TCGA-DB-5277-10A-01D-1466-01	7	109241218	109246424	10	0.4759
TCGA-DB-5277-10A-01D-1466-01	7	109246586	110618404	908	-0.0051
TCGA-DB-5277-10A-01D-1466-01	7	110618824	110866054	191	0.2323
TCGA-DB-5277-10A-01D-1466-01	7	110866576	141838860	19196	4e-04
TCGA-DB-5277-10A-01D-1466-01	7	141839647	141952857	52	-0.4029
TCGA-DB-5277-10A-01D-1466-01	7	141969864	142154515	91	-0.0162
TCGA-DB-5277-10A-01D-1466-01	7	142156294	142165614	27	-2.2353
TCGA-DB-5277-10A-01D-1466-01	7	142165684	158620556	10423	0.0041
TCGA-DB-5277-10A-01D-1466-01	7	158621330	158650695	14	-1.1374
TCGA-DB-5277-10A-01D-1466-01	7	158652131	158819765	110	0.0816
TCGA-DB-5277-10A-01D-1466-01	8	21254	584944	327	-0.0433
TCGA-DB-5277-10A-01D-1466-01	8	584973	585908	9	1.0941
TCGA-DB-5277-10A-01D-1466-01	8	591043	618410	18	-0.0248
TCGA-DB-5277-10A-01D-1466-01	8	623110	1117945	328	0.5355
TCGA-DB-5277-10A-01D-1466-01	8	1120411	1130901	8	0.0738
TCGA-DB-5277-10A-01D-1466-01	8	1131467	1132570	3	-1.0685
TCGA-DB-5277-10A-01D-1466-01	8	1134406	1281480	148	0.5935
TCGA-DB-5277-10A-01D-1466-01	8	1289164	1475091	172	0.0176
TCGA-DB-5277-10A-01D-1466-01	8	1475879	1478011	4	-1.1637
TCGA-DB-5277-10A-01D-1466-01	8	1480003	1988073	370	0.0139
TCGA-DB-5277-10A-01D-1466-01	8	1988752	1989032	2	-1.7444
TCGA-DB-5277-10A-01D-1466-01	8	1989162	2106395	166	-0.0289
TCGA-DB-5277-10A-01D-1466-01	8	2107494	2112225	9	-1.082
TCGA-DB-5277-10A-01D-1466-01	8	2112973	2558672	405	0.0607
TCGA-DB-5277-10A-01D-1466-01	8	2560353	2561158	2	-2.4984
TCGA-DB-5277-10A-01D-1466-01	8	2563701	2689341	149	0.0737
TCGA-DB-5277-10A-01D-1466-01	8	2690940	2691306	7	-1.4067
TCGA-DB-5277-10A-01D-1466-01	8	2694578	2733656	47	0.0086
TCGA-DB-5277-10A-01D-1466-01	8	2735583	2737703	5	-0.9042
TCGA-DB-5277-10A-01D-1466-01	8	2738169	3148615	410	0.0053
TCGA-DB-5277-10A-01D-1466-01	8	3150143	3151892	4	-1.9473
TCGA-DB-5277-10A-01D-1466-01	8	3156758	3493249	416	-0.024
TCGA-DB-5277-10A-01D-1466-01	8	3494133	3496080	5	-1.6894
TCGA-DB-5277-10A-01D-1466-01	8	3497314	3992536	791	-0.028
TCGA-DB-5277-10A-01D-1466-01	8	3992580	3996313	13	0.7742
TCGA-DB-5277-10A-01D-1466-01	8	3997415	4011820	18	-0.0522
TCGA-DB-5277-10A-01D-1466-01	8	4013913	4015854	5	-1.2559
TCGA-DB-5277-10A-01D-1466-01	8	4016482	4028983	13	0.1932
TCGA-DB-5277-10A-01D-1466-01	8	4029228	4033947	17	-0.5218
TCGA-DB-5277-10A-01D-1466-01	8	4034066	4038118	26	0.3467
TCGA-DB-5277-10A-01D-1466-01	8	4038795	4039774	10	-1.0762
TCGA-DB-5277-10A-01D-1466-01	8	4040218	4647612	963	0.0264
TCGA-DB-5277-10A-01D-1466-01	8	4648223	4650579	3	-2.0896
TCGA-DB-5277-10A-01D-1466-01	8	4650745	4656521	12	0.0291
TCGA-DB-5277-10A-01D-1466-01	8	4656809	4663842	23	0.5699
TCGA-DB-5277-10A-01D-1466-01	8	4663986	5498960	1047	-0.009
TCGA-DB-5277-10A-01D-1466-01	8	5499172	5499762	2	-3.5925
TCGA-DB-5277-10A-01D-1466-01	8	5500591	10037762	3780	-0.0109
TCGA-DB-5277-10A-01D-1466-01	8	10038376	10039437	3	-3.0466
TCGA-DB-5277-10A-01D-1466-01	8	10039769	11986960	1521	-0.035
TCGA-DB-5277-10A-01D-1466-01	8	12025135	12034504	4	-2.4336
TCGA-DB-5277-10A-01D-1466-01	8	12037718	12071716	3	-0.6416
TCGA-DB-5277-10A-01D-1466-01	8	12072406	12305298	49	0.4557
TCGA-DB-5277-10A-01D-1466-01	8	12305344	12878098	338	-0.0316
TCGA-DB-5277-10A-01D-1466-01	8	12881149	12881894	4	-1.814
TCGA-DB-5277-10A-01D-1466-01	8	12883172	13618502	726	-0.0025
TCGA-DB-5277-10A-01D-1466-01	8	13620937	13647847	49	0.3601
TCGA-DB-5277-10A-01D-1466-01	8	13654039	13654777	13	-0.0548
TCGA-DB-5277-10A-01D-1466-01	8	13654865	13655257	4	-0.9779
TCGA-DB-5277-10A-01D-1466-01	8	13656416	13693864	46	0.3906
TCGA-DB-5277-10A-01D-1466-01	8	13696043	13845924	172	-0.0756
TCGA-DB-5277-10A-01D-1466-01	8	13848795	13857463	14	0.528
TCGA-DB-5277-10A-01D-1466-01	8	13859608	14551175	649	0.0323
TCGA-DB-5277-10A-01D-1466-01	8	14553279	14557180	30	0.4912
TCGA-DB-5277-10A-01D-1466-01	8	14557247	39349816	17484	0.0046
TCGA-DB-5277-10A-01D-1466-01	8	39354760	39508172	62	0.9
TCGA-DB-5277-10A-01D-1466-01	8	39508186	40304848	605	-0.0174
TCGA-DB-5277-10A-01D-1466-01	8	40306087	40312067	15	-1.1304
TCGA-DB-5277-10A-01D-1466-01	8	40313586	40891153	449	-0.0229
TCGA-DB-5277-10A-01D-1466-01	8	40897009	40897628	2	-1.6534
TCGA-DB-5277-10A-01D-1466-01	8	40902837	51193325	3510	0.0173
TCGA-DB-5277-10A-01D-1466-01	8	51194564	51194940	8	-1.2845
TCGA-DB-5277-10A-01D-1466-01	8	51201131	90901186	24352	-0.0095
TCGA-DB-5277-10A-01D-1466-01	8	90906777	90906861	2	-2.3398
TCGA-DB-5277-10A-01D-1466-01	8	90906894	137907202	30923	-0.0069
TCGA-DB-5277-10A-01D-1466-01	8	137907321	137931598	42	0.4953
TCGA-DB-5277-10A-01D-1466-01	8	137931617	138376607	309	-0.0024
TCGA-DB-5277-10A-01D-1466-01	8	138378921	138379138	3	-1.8167
TCGA-DB-5277-10A-01D-1466-01	8	138379880	140078916	1448	-0.0013
TCGA-DB-5277-10A-01D-1466-01	8	140079386	140082701	4	-1.3073
TCGA-DB-5277-10A-01D-1466-01	8	140083559	146268959	3214	0.0101
TCGA-DB-5277-10A-01D-1466-01	9	36587	400370	285	-0.0096
TCGA-DB-5277-10A-01D-1466-01	9	407448	447931	53	-0.5109
TCGA-DB-5277-10A-01D-1466-01	9	450877	7263199	6623	0.0024
TCGA-DB-5277-10A-01D-1466-01	9	7263813	7263950	4	-2.1269
TCGA-DB-5277-10A-01D-1466-01	9	7265093	7329002	74	-0.0264
TCGA-DB-5277-10A-01D-1466-01	9	7330153	7336029	5	-1.3768
TCGA-DB-5277-10A-01D-1466-01	9	7336924	11985297	4201	0.0509
TCGA-DB-5277-10A-01D-1466-01	9	11985307	11986163	2	-2.1067
TCGA-DB-5277-10A-01D-1466-01	9	11986759	12238419	206	0.1113
TCGA-DB-5277-10A-01D-1466-01	9	12238614	12239277	4	-1.2571
TCGA-DB-5277-10A-01D-1466-01	9	12243254	12291568	48	0.217
TCGA-DB-5277-10A-01D-1466-01	9	12292772	12298793	6	-1.1371
TCGA-DB-5277-10A-01D-1466-01	9	12299249	12387405	72	0.3286
TCGA-DB-5277-10A-01D-1466-01	9	12388339	12390136	3	-1.4015
TCGA-DB-5277-10A-01D-1466-01	9	12396286	12516258	84	0.2157
TCGA-DB-5277-10A-01D-1466-01	9	12516333	21251446	7304	-0.0015
TCGA-DB-5277-10A-01D-1466-01	9	21252505	21252516	2	-1.719
TCGA-DB-5277-10A-01D-1466-01	9	21253745	22198683	710	0.0132
TCGA-DB-5277-10A-01D-1466-01	9	22200886	22420975	136	-0.8791
TCGA-DB-5277-10A-01D-1466-01	9	22422666	23793224	986	0.0087
TCGA-DB-5277-10A-01D-1466-01	9	23793567	23796012	2	1.2902
TCGA-DB-5277-10A-01D-1466-01	9	23796246	24314583	302	0.0111
TCGA-DB-5277-10A-01D-1466-01	9	24316490	24332635	14	0.4788
TCGA-DB-5277-10A-01D-1466-01	9	24338505	24467128	73	-0.0282
TCGA-DB-5277-10A-01D-1466-01	9	24467204	24510084	62	0.3236
TCGA-DB-5277-10A-01D-1466-01	9	24510194	26027974	1103	0.0245
TCGA-DB-5277-10A-01D-1466-01	9	26039348	26041856	5	-1.4236
TCGA-DB-5277-10A-01D-1466-01	9	26042107	28810869	2216	0.0184
TCGA-DB-5277-10A-01D-1466-01	9	28812290	28813475	2	-3.047
TCGA-DB-5277-10A-01D-1466-01	9	28814798	120359287	43540	0.0084
TCGA-DB-5277-10A-01D-1466-01	9	120360115	120361113	4	-1.8523
TCGA-DB-5277-10A-01D-1466-01	9	120362387	136848624	10156	0.0049
TCGA-DB-5277-10A-01D-1466-01	9	136848755	136848781	2	-2.2289
TCGA-DB-5277-10A-01D-1466-01	9	136853470	140211215	1467	0.0014
TCGA-DB-5277-10A-01D-1466-01	X	108477	2784478	149	-0.0485
TCGA-DB-5277-10A-01D-1466-01	X	2784609	2787355	7	-2.723
TCGA-DB-5277-10A-01D-1466-01	X	2787846	3987174	705	-0.0457
TCGA-DB-5277-10A-01D-1466-01	X	3989108	3989633	2	-6.2664
TCGA-DB-5277-10A-01D-1466-01	X	3990002	9964901	4742	-0.004
TCGA-DB-5277-10A-01D-1466-01	X	9966452	9968150	3	-6.048
TCGA-DB-5277-10A-01D-1466-01	X	9969003	10125104	133	0.0432
TCGA-DB-5277-10A-01D-1466-01	X	10126198	10130962	6	-4.6762
TCGA-DB-5277-10A-01D-1466-01	X	10131065	28751579	11746	-0.0058
TCGA-DB-5277-10A-01D-1466-01	X	28751750	28760144	4	-5.0268
TCGA-DB-5277-10A-01D-1466-01	X	28760822	28766509	9	1.5384
TCGA-DB-5277-10A-01D-1466-01	X	28767319	30885430	1339	-0.0212
TCGA-DB-5277-10A-01D-1466-01	X	30885490	30887354	6	-3.3071
TCGA-DB-5277-10A-01D-1466-01	X	30888225	30955972	62	0.2433
TCGA-DB-5277-10A-01D-1466-01	X	30957535	30957949	3	-4.828
TCGA-DB-5277-10A-01D-1466-01	X	30962271	37738636	4376	0.022
TCGA-DB-5277-10A-01D-1466-01	X	37738705	37739393	3	-4.6535
TCGA-DB-5277-10A-01D-1466-01	X	37739464	38182101	315	-0.0048
TCGA-DB-5277-10A-01D-1466-01	X	38182501	38182953	4	-5.8045
TCGA-DB-5277-10A-01D-1466-01	X	38182986	40218318	1272	0.0399
TCGA-DB-5277-10A-01D-1466-01	X	40220669	40221950	2	-4.2814
TCGA-DB-5277-10A-01D-1466-01	X	40222230	44076276	2056	0.0134
TCGA-DB-5277-10A-01D-1466-01	X	44076336	44076836	3	-4.691
TCGA-DB-5277-10A-01D-1466-01	X	44077190	93482751	21687	-0.0013
TCGA-DB-5277-10A-01D-1466-01	X	93488699	93489496	5	-2.9645
TCGA-DB-5277-10A-01D-1466-01	X	93489636	122393660	16086	-0.002
TCGA-DB-5277-10A-01D-1466-01	X	122397055	122397080	2	-4.6521
TCGA-DB-5277-10A-01D-1466-01	X	122397435	123141707	395	-0.0503
TCGA-DB-5277-10A-01D-1466-01	X	123141969	123145154	2	-4.9296
TCGA-DB-5277-10A-01D-1466-01	X	123145172	126812905	2158	0.0193
TCGA-DB-5277-10A-01D-1466-01	X	126813226	126827482	10	-1.118
TCGA-DB-5277-10A-01D-1466-01	X	126829253	127855192	527	0.0618
TCGA-DB-5277-10A-01D-1466-01	X	127855601	127856905	2	-3.9296
TCGA-DB-5277-10A-01D-1466-01	X	127857398	135026948	3768	-0.0034
TCGA-DB-5277-10A-01D-1466-01	X	135027513	135028713	4	-3.2968
TCGA-DB-5277-10A-01D-1466-01	X	135028780	135499610	269	0.0184
TCGA-DB-5277-10A-01D-1466-01	X	135499807	135501710	3	-2.7994
TCGA-DB-5277-10A-01D-1466-01	X	135503181	135952384	237	0.0252
TCGA-DB-5277-10A-01D-1466-01	X	135953236	135953687	2	-3.8753
TCGA-DB-5277-10A-01D-1466-01	X	135954778	135958165	3	-1.3984
TCGA-DB-5277-10A-01D-1466-01	X	135958856	151942817	10423	0.005
TCGA-DB-5277-10A-01D-1466-01	X	151943706	151950939	10	-1.3227
TCGA-DB-5277-10A-01D-1466-01	X	151952322	151952678	3	-4.5607
TCGA-DB-5277-10A-01D-1466-01	X	151953170	152156435	105	0.0042
TCGA-DB-5277-10A-01D-1466-01	X	152156723	152213611	39	0.6275
TCGA-DB-5277-10A-01D-1466-01	X	152213626	153415889	540	0.0151
TCGA-DB-5277-10A-01D-1466-01	X	153417411	153418360	2	-3.8478
TCGA-DB-5277-10A-01D-1466-01	X	153419305	154835548	486	0.1205
TCGA-DB-5277-10A-01D-1466-01	Y	2710438	17679836	5416	-0.7552
TCGA-DB-5277-10A-01D-1466-01	Y	17688729	17688857	2	-4.6217
TCGA-DB-5277-10A-01D-1466-01	Y	17688934	57427647	3166	-0.7674
