barcode	chromosome	start	stop	num.mark	seg.mean
TCGA-HT-7684-01A-11D-2252-01	1	61735	76050844	45041	-0.0124
TCGA-HT-7684-01A-11D-2252-01	1	76054763	76054854	2	-2.7371
TCGA-HT-7684-01A-11D-2252-01	1	76059509	89475255	9053	-0.0209
TCGA-HT-7684-01A-11D-2252-01	1	89477958	89478205	2	-2.8146
TCGA-HT-7684-01A-11D-2252-01	1	89481524	104158309	9106	-0.0162
TCGA-HT-7684-01A-11D-2252-01	1	104159347	104268222	29	0.3911
TCGA-HT-7684-01A-11D-2252-01	1	104303403	106019370	924	-0.01
TCGA-HT-7684-01A-11D-2252-01	1	106019483	106022375	13	1.1469
TCGA-HT-7684-01A-11D-2252-01	1	106024055	110197201	2647	-0.0276
TCGA-HT-7684-01A-11D-2252-01	1	110201580	110240155	40	0.3427
TCGA-HT-7684-01A-11D-2252-01	1	110240178	112690248	1959	-0.0154
TCGA-HT-7684-01A-11D-2252-01	1	112690326	112697390	26	-0.6272
TCGA-HT-7684-01A-11D-2252-01	1	112705956	152759678	8246	0.002
TCGA-HT-7684-01A-11D-2252-01	1	152761923	152768700	37	-0.4355
TCGA-HT-7684-01A-11D-2252-01	1	152773905	169216937	11344	-0.015
TCGA-HT-7684-01A-11D-2252-01	1	169233974	169241766	7	1.1986
TCGA-HT-7684-01A-11D-2252-01	1	169242401	189648157	13463	-0.017
TCGA-HT-7684-01A-11D-2252-01	1	189648483	189652047	3	-1.9089
TCGA-HT-7684-01A-11D-2252-01	1	189654576	196749821	4771	-0.0224
TCGA-HT-7684-01A-11D-2252-01	1	196749835	196823317	70	0.2262
TCGA-HT-7684-01A-11D-2252-01	1	196823613	219634864	15522	-0.0148
TCGA-HT-7684-01A-11D-2252-01	1	219635753	219636541	2	-2.1507
TCGA-HT-7684-01A-11D-2252-01	1	219639361	223020504	2262	-0.019
TCGA-HT-7684-01A-11D-2252-01	1	223022923	223023769	3	-2.1891
TCGA-HT-7684-01A-11D-2252-01	1	223026717	249224388	18175	-0.009
TCGA-HT-7684-01A-11D-2252-01	10	72759	24375263	19244	-0.0162
TCGA-HT-7684-01A-11D-2252-01	10	24377674	24378054	11	1.5335
TCGA-HT-7684-01A-11D-2252-01	10	24378908	31246510	5048	-0.0125
TCGA-HT-7684-01A-11D-2252-01	10	31251334	31251822	12	-0.6863
TCGA-HT-7684-01A-11D-2252-01	10	31251885	45208225	6656	-0.0106
TCGA-HT-7684-01A-11D-2252-01	10	45210690	45357798	114	0.6313
TCGA-HT-7684-01A-11D-2252-01	10	45366907	47771030	870	0.0401
TCGA-HT-7684-01A-11D-2252-01	10	47897394	47948060	4	-1.7156
TCGA-HT-7684-01A-11D-2252-01	10	47960476	67308030	12800	-0.0089
TCGA-HT-7684-01A-11D-2252-01	10	67308591	67322795	24	0.6222
TCGA-HT-7684-01A-11D-2252-01	10	67322926	81443881	9259	-0.0142
TCGA-HT-7684-01A-11D-2252-01	10	81443890	81449007	2	-2.8274
TCGA-HT-7684-01A-11D-2252-01	10	81449728	87199271	4142	-0.0094
TCGA-HT-7684-01A-11D-2252-01	10	87199905	87218772	24	-0.9816
TCGA-HT-7684-01A-11D-2252-01	10	87222095	128824016	28124	-0.0199
TCGA-HT-7684-01A-11D-2252-01	10	128825311	129074350	203	-0.6012
TCGA-HT-7684-01A-11D-2252-01	10	129074522	135506704	4578	-0.0042
TCGA-HT-7684-01A-11D-2252-01	11	198510	4970243	2480	0.3816
TCGA-HT-7684-01A-11D-2252-01	11	4970277	4976534	33	1.1994
TCGA-HT-7684-01A-11D-2252-01	11	4976596	18940870	10252	0.3861
TCGA-HT-7684-01A-11D-2252-01	11	18949072	18961922	55	1.0192
TCGA-HT-7684-01A-11D-2252-01	11	18961935	25581711	5240	0.3925
TCGA-HT-7684-01A-11D-2252-01	11	25581850	25584283	2	-1.981
TCGA-HT-7684-01A-11D-2252-01	11	25584297	80810271	30635	0.389
TCGA-HT-7684-01A-11D-2252-01	11	80813122	81957965	995	-0.5694
TCGA-HT-7684-01A-11D-2252-01	11	81960680	124771531	29704	0.3859
TCGA-HT-7684-01A-11D-2252-01	11	124775987	124788668	4	-2.432
TCGA-HT-7684-01A-11D-2252-01	11	124789848	134944770	7780	0.3927
TCGA-HT-7684-01A-11D-2252-01	12	150442	865970	417	0.0336
TCGA-HT-7684-01A-11D-2252-01	12	869109	874029	18	-0.7979
TCGA-HT-7684-01A-11D-2252-01	12	875354	34250696	23060	-0.0132
TCGA-HT-7684-01A-11D-2252-01	12	34256709	34275406	12	-1.0548
TCGA-HT-7684-01A-11D-2252-01	12	34275794	45904438	5022	-0.0101
TCGA-HT-7684-01A-11D-2252-01	12	45905840	45909537	3	-2.4654
TCGA-HT-7684-01A-11D-2252-01	12	45913292	133778189	56570	-0.0153
TCGA-HT-7684-01A-11D-2252-01	13	19026949	50963551	22313	-0.0114
TCGA-HT-7684-01A-11D-2252-01	13	50964339	50970028	4	-2.0673
TCGA-HT-7684-01A-11D-2252-01	13	50976572	57751096	3815	-0.0106
TCGA-HT-7684-01A-11D-2252-01	13	57758270	57778368	33	-0.6834
TCGA-HT-7684-01A-11D-2252-01	13	57778380	115108397	38181	-0.0116
TCGA-HT-7684-01A-11D-2252-01	14	19002124	22393148	1546	0.0099
TCGA-HT-7684-01A-11D-2252-01	14	22393359	22393545	3	-1.6045
TCGA-HT-7684-01A-11D-2252-01	14	22393599	22975700	519	0.244
TCGA-HT-7684-01A-11D-2252-01	14	22975728	44657724	13624	-0.0111
TCGA-HT-7684-01A-11D-2252-01	14	44658786	44743652	45	-1.0366
TCGA-HT-7684-01A-11D-2252-01	14	44748996	61475525	10570	-0.0146
TCGA-HT-7684-01A-11D-2252-01	14	61475960	61484394	3	-1.9002
TCGA-HT-7684-01A-11D-2252-01	14	61487165	107285437	29315	-0.016
TCGA-HT-7684-01A-11D-2252-01	15	20016328	20206939	48	0.0664
TCGA-HT-7684-01A-11D-2252-01	15	20216955	22587474	374	0.6518
TCGA-HT-7684-01A-11D-2252-01	15	22673399	77658992	34289	-0.0083
TCGA-HT-7684-01A-11D-2252-01	15	77660345	77673459	10	-0.9976
TCGA-HT-7684-01A-11D-2252-01	15	77676969	102469040	17349	-0.0066
TCGA-HT-7684-01A-11D-2252-01	16	60777	32113682	20096	0.0069
TCGA-HT-7684-01A-11D-2252-01	16	32113685	33643399	246	0.3967
TCGA-HT-7684-01A-11D-2252-01	16	33644022	55795214	6990	-0.0173
TCGA-HT-7684-01A-11D-2252-01	16	55796389	55822444	22	-0.8351
TCGA-HT-7684-01A-11D-2252-01	16	55829557	90287535	25096	-0.0065
TCGA-HT-7684-01A-11D-2252-01	17	526	15038113	9712	-0.0064
TCGA-HT-7684-01A-11D-2252-01	17	15043926	15054502	29	-0.9487
TCGA-HT-7684-01A-11D-2252-01	17	15058991	39421708	11238	-0.0068
TCGA-HT-7684-01A-11D-2252-01	17	39423014	39430531	24	1.1357
TCGA-HT-7684-01A-11D-2252-01	17	39432724	44208333	2546	-0.0172
TCGA-HT-7684-01A-11D-2252-01	17	44208674	44364170	92	-0.4566
TCGA-HT-7684-01A-11D-2252-01	17	44394412	44764994	49	1.0556
TCGA-HT-7684-01A-11D-2252-01	17	44784652	81049726	21618	-0.0114
TCGA-HT-7684-01A-11D-2252-01	18	11543	40051678	24080	-0.0114
TCGA-HT-7684-01A-11D-2252-01	18	40056569	40062317	29	-0.73
TCGA-HT-7684-01A-11D-2252-01	18	40065213	63705988	16266	-0.0172
TCGA-HT-7684-01A-11D-2252-01	18	63716928	63717188	2	-2.0551
TCGA-HT-7684-01A-11D-2252-01	18	63717251	78015057	10457	-0.0024
TCGA-HT-7684-01A-11D-2252-01	19	90910	12692001	5075	0.0018
TCGA-HT-7684-01A-11D-2252-01	19	12697366	12698102	2	-2.7607
TCGA-HT-7684-01A-11D-2252-01	19	12700523	52142352	19888	-0.006
TCGA-HT-7684-01A-11D-2252-01	19	52142615	52148197	10	-1.0201
TCGA-HT-7684-01A-11D-2252-01	19	52154905	55283928	2055	0.0226
TCGA-HT-7684-01A-11D-2252-01	19	55297883	55326613	17	0.7298
TCGA-HT-7684-01A-11D-2252-01	19	55330654	59097854	2314	-0.0026
TCGA-HT-7684-01A-11D-2252-01	2	12784	4205687	2991	-0.0093
TCGA-HT-7684-01A-11D-2252-01	2	4213864	4223567	38	-0.7936
TCGA-HT-7684-01A-11D-2252-01	2	4223695	34691069	21090	-0.0141
TCGA-HT-7684-01A-11D-2252-01	2	34699315	34701735	6	-3.1019
TCGA-HT-7684-01A-11D-2252-01	2	34708632	34717974	24	-1.5289
TCGA-HT-7684-01A-11D-2252-01	2	34717988	34737057	16	-2.7297
TCGA-HT-7684-01A-11D-2252-01	2	34737163	243089456	125949	-0.0131
TCGA-HT-7684-01A-11D-2252-01	20	61305	1552503	1185	0.0032
TCGA-HT-7684-01A-11D-2252-01	20	1557190	1560999	21	-0.6723
TCGA-HT-7684-01A-11D-2252-01	20	1561580	1593893	41	1.4433
TCGA-HT-7684-01A-11D-2252-01	20	1597946	62956153	41267	-0.0176
TCGA-HT-7684-01A-11D-2252-01	21	10736871	10999759	67	-0.4342
TCGA-HT-7684-01A-11D-2252-01	21	10999794	17709046	2035	-0.0029
TCGA-HT-7684-01A-11D-2252-01	21	17709380	17717979	3	-2.0176
TCGA-HT-7684-01A-11D-2252-01	21	17722510	48096957	22313	-0.0142
TCGA-HT-7684-01A-11D-2252-01	22	16052528	16657301	94	0.1524
TCGA-HT-7684-01A-11D-2252-01	22	16662742	16683416	2	1.9276
TCGA-HT-7684-01A-11D-2252-01	22	16864898	21462458	2747	0.0423
TCGA-HT-7684-01A-11D-2252-01	22	21462583	21845294	58	0.3589
TCGA-HT-7684-01A-11D-2252-01	22	21845355	24330218	1716	0.0427
TCGA-HT-7684-01A-11D-2252-01	22	24330269	24332625	3	-2.4446
TCGA-HT-7684-01A-11D-2252-01	22	24332933	24337949	3	-0.3018
TCGA-HT-7684-01A-11D-2252-01	22	24344422	24385546	14	0.8177
TCGA-HT-7684-01A-11D-2252-01	22	24386631	37020417	9575	-0.0152
TCGA-HT-7684-01A-11D-2252-01	22	37023613	37031813	2	-1.8635
TCGA-HT-7684-01A-11D-2252-01	22	37032030	39290920	1262	1e-04
TCGA-HT-7684-01A-11D-2252-01	22	39295255	39296904	3	-3.1644
TCGA-HT-7684-01A-11D-2252-01	22	39299114	39351466	38	-0.0647
TCGA-HT-7684-01A-11D-2252-01	22	39363619	39375307	24	-0.6298
TCGA-HT-7684-01A-11D-2252-01	22	39389628	42892439	1895	-0.0149
TCGA-HT-7684-01A-11D-2252-01	22	42892582	42955431	28	0.5424
TCGA-HT-7684-01A-11D-2252-01	22	42955788	46146609	2369	-0.0223
TCGA-HT-7684-01A-11D-2252-01	22	46150151	46150758	2	-2.3029
TCGA-HT-7684-01A-11D-2252-01	22	46151418	51234455	3735	-0.005
TCGA-HT-7684-01A-11D-2252-01	3	60345	26041529	19701	-8e-04
TCGA-HT-7684-01A-11D-2252-01	3	26045269	26170711	68	-0.9396
TCGA-HT-7684-01A-11D-2252-01	3	26172720	162512739	83217	-0.0092
TCGA-HT-7684-01A-11D-2252-01	3	162513092	162615915	62	-1.9161
TCGA-HT-7684-01A-11D-2252-01	3	162623842	175080611	7674	-0.0153
TCGA-HT-7684-01A-11D-2252-01	3	175080747	175081325	5	-2.0232
TCGA-HT-7684-01A-11D-2252-01	3	175086788	176919306	1180	0.0272
TCGA-HT-7684-01A-11D-2252-01	3	176919549	176919897	2	-2.1807
TCGA-HT-7684-01A-11D-2252-01	3	176920472	192874747	10349	-0.0075
TCGA-HT-7684-01A-11D-2252-01	3	192877902	192882903	20	-0.6465
TCGA-HT-7684-01A-11D-2252-01	3	192886435	195285664	1485	-0.0086
TCGA-HT-7684-01A-11D-2252-01	3	195285898	195474182	47	0.3842
TCGA-HT-7684-01A-11D-2252-01	3	195474763	197896118	1174	0.0415
TCGA-HT-7684-01A-11D-2252-01	4	12281	10223416	5808	-0.0201
TCGA-HT-7684-01A-11D-2252-01	4	10223628	10231498	27	-2.1785
TCGA-HT-7684-01A-11D-2252-01	4	10234214	61497064	31870	-0.0097
TCGA-HT-7684-01A-11D-2252-01	4	61497136	61501270	3	-2.9694
TCGA-HT-7684-01A-11D-2252-01	4	61503976	69338564	4678	-0.0071
TCGA-HT-7684-01A-11D-2252-01	4	69344612	69599531	86	0.4714
TCGA-HT-7684-01A-11D-2252-01	4	69599865	190189043	74682	-0.0091
TCGA-HT-7684-01A-11D-2252-01	4	190195118	190199264	4	-2.7668
TCGA-HT-7684-01A-11D-2252-01	4	190199771	191027923	386	0.0395
TCGA-HT-7684-01A-11D-2252-01	5	15532	685748	307	-0.0017
TCGA-HT-7684-01A-11D-2252-01	5	698371	817850	44	0.8151
TCGA-HT-7684-01A-11D-2252-01	5	817992	12800889	9876	-0.0095
TCGA-HT-7684-01A-11D-2252-01	5	12815780	12838533	14	-1.467
TCGA-HT-7684-01A-11D-2252-01	5	12849201	14138471	849	-0.0127
TCGA-HT-7684-01A-11D-2252-01	5	14138862	14148782	2	-2.0104
TCGA-HT-7684-01A-11D-2252-01	5	14148877	21449276	4690	-0.0017
TCGA-HT-7684-01A-11D-2252-01	5	21451200	21451964	3	-2.027
TCGA-HT-7684-01A-11D-2252-01	5	21451998	46271108	15036	-0.01
TCGA-HT-7684-01A-11D-2252-01	5	46271930	46273502	6	-3.0486
TCGA-HT-7684-01A-11D-2252-01	5	46278212	57326163	5084	-0.01
TCGA-HT-7684-01A-11D-2252-01	5	57326280	57338357	31	-0.6016
TCGA-HT-7684-01A-11D-2252-01	5	57340073	97045121	22950	-0.0142
TCGA-HT-7684-01A-11D-2252-01	5	97048466	97099320	43	-1.0227
TCGA-HT-7684-01A-11D-2252-01	5	97099684	155476772	37385	-0.0154
TCGA-HT-7684-01A-11D-2252-01	5	155476920	155482729	13	-0.9089
TCGA-HT-7684-01A-11D-2252-01	5	155495250	158222437	1911	-0.0172
TCGA-HT-7684-01A-11D-2252-01	5	158222797	158222826	2	-2.0649
TCGA-HT-7684-01A-11D-2252-01	5	158224075	180790320	14928	-0.008
TCGA-HT-7684-01A-11D-2252-01	6	149661	254283	101	0.0713
TCGA-HT-7684-01A-11D-2252-01	6	257353	381149	101	0.725
TCGA-HT-7684-01A-11D-2252-01	6	382559	29849267	21564	0.0018
TCGA-HT-7684-01A-11D-2252-01	6	29850196	29898897	16	-0.8227
TCGA-HT-7684-01A-11D-2252-01	6	29899677	31280823	658	0.0019
TCGA-HT-7684-01A-11D-2252-01	6	31286276	31295406	7	-1.4561
TCGA-HT-7684-01A-11D-2252-01	6	31295953	32595083	562	0.0261
TCGA-HT-7684-01A-11D-2252-01	6	32595232	32602107	3	-2.2673
TCGA-HT-7684-01A-11D-2252-01	6	32602269	65336942	18131	-0.0034
TCGA-HT-7684-01A-11D-2252-01	6	65347544	65348992	2	-2.5592
TCGA-HT-7684-01A-11D-2252-01	6	65350776	77436532	7947	0.0015
TCGA-HT-7684-01A-11D-2252-01	6	77439868	77452382	15	-4.3498
TCGA-HT-7684-01A-11D-2252-01	6	77452392	77452757	6	-1.413
TCGA-HT-7684-01A-11D-2252-01	6	77461073	78962874	979	0.0112
TCGA-HT-7684-01A-11D-2252-01	6	78962889	79035174	113	-0.863
TCGA-HT-7684-01A-11D-2252-01	6	79035185	81284759	1438	0.0031
TCGA-HT-7684-01A-11D-2252-01	6	81284958	81294399	29	-0.979
TCGA-HT-7684-01A-11D-2252-01	6	81294414	171051005	58341	0.0034
TCGA-HT-7684-01A-11D-2252-01	7	43355	38311366	27465	0.0428
TCGA-HT-7684-01A-11D-2252-01	7	38317570	38381971	107	0.3095
TCGA-HT-7684-01A-11D-2252-01	7	38384841	38387443	4	0.1267
TCGA-HT-7684-01A-11D-2252-01	7	38391365	38398047	5	-1.1517
TCGA-HT-7684-01A-11D-2252-01	7	38400957	54380373	11014	0.0386
TCGA-HT-7684-01A-11D-2252-01	7	54386505	54386517	6	1.7771
TCGA-HT-7684-01A-11D-2252-01	7	54393488	64568852	3139	0.064
TCGA-HT-7684-01A-11D-2252-01	7	64594065	64595698	6	1.2318
TCGA-HT-7684-01A-11D-2252-01	7	64637128	70420438	3151	0.0531
TCGA-HT-7684-01A-11D-2252-01	7	70423250	70426141	2	-2.9031
TCGA-HT-7684-01A-11D-2252-01	7	70428243	142474939	43044	0.0418
TCGA-HT-7684-01A-11D-2252-01	7	142476719	142479722	8	1.2857
TCGA-HT-7684-01A-11D-2252-01	7	142479807	142493650	31	0.6266
TCGA-HT-7684-01A-11D-2252-01	7	142499677	143218858	457	0.0338
TCGA-HT-7684-01A-11D-2252-01	7	143218968	143574781	104	-0.3014
TCGA-HT-7684-01A-11D-2252-01	7	143575983	143896252	266	0.0746
TCGA-HT-7684-01A-11D-2252-01	7	143904279	144003667	27	0.5814
TCGA-HT-7684-01A-11D-2252-01	7	144003746	159127004	9719	0.0403
TCGA-HT-7684-01A-11D-2252-01	8	31254	6826762	7728	0.0184
TCGA-HT-7684-01A-11D-2252-01	8	6827001	6827140	3	-1.8875
TCGA-HT-7684-01A-11D-2252-01	8	6827165	7935855	304	0.0026
TCGA-HT-7684-01A-11D-2252-01	8	7943182	7962459	8	-1.0981
TCGA-HT-7684-01A-11D-2252-01	8	7962597	39230659	22875	-0.0166
TCGA-HT-7684-01A-11D-2252-01	8	39235603	39386965	59	-2.4682
TCGA-HT-7684-01A-11D-2252-01	8	39388299	146298155	65024	-0.0153
TCGA-HT-7684-01A-11D-2252-01	9	46587	13375144	12290	-0.0033
TCGA-HT-7684-01A-11D-2252-01	9	13376653	13377252	2	-1.8144
TCGA-HT-7684-01A-11D-2252-01	9	13377265	23361805	8181	-0.0092
TCGA-HT-7684-01A-11D-2252-01	9	23363115	23368025	5	1.1718
TCGA-HT-7684-01A-11D-2252-01	9	23372009	29091097	4349	-0.0063
TCGA-HT-7684-01A-11D-2252-01	9	29094549	29097680	3	-3.3736
TCGA-HT-7684-01A-11D-2252-01	9	29100799	43654139	6595	-0.0178
TCGA-HT-7684-01A-11D-2252-01	9	43654980	43700878	10	-0.7282
TCGA-HT-7684-01A-11D-2252-01	9	43701838	44469328	61	-0.0258
TCGA-HT-7684-01A-11D-2252-01	9	44629223	44855737	37	-1.122
TCGA-HT-7684-01A-11D-2252-01	9	44866028	141091394	48433	-0.0125
TCGA-HT-7684-01A-11D-2252-01	X	168477	4821346	1624	0.0197
TCGA-HT-7684-01A-11D-2252-01	X	4822142	4825493	2	-5.235
TCGA-HT-7684-01A-11D-2252-01	X	4826767	155182354	82894	0.0119
TCGA-HT-7684-01A-11D-2252-01	Y	2650438	23552556	7294	-1.0233
TCGA-HT-7684-01A-11D-2252-01	Y	23562025	23636789	41	-0.029
TCGA-HT-7684-01A-11D-2252-01	Y	23648441	25513561	373	-0.994
TCGA-HT-7684-01A-11D-2252-01	Y	25516087	25618525	43	-0.4958
TCGA-HT-7684-01A-11D-2252-01	Y	25729067	28277692	645	-1.0164
TCGA-HT-7684-01A-11D-2252-01	Y	28289727	28446808	60	-0.394
TCGA-HT-7684-01A-11D-2252-01	Y	28449457	59018259	179	-1.0177
