barcode	chromosome	start	stop	num.mark	seg.mean
TCGA-DU-5870-10A-01D-1704-01	1	51598	394034	30	0.4486
TCGA-DU-5870-10A-01D-1704-01	1	524414	16889459	8759	0.0181
TCGA-DU-5870-10A-01D-1704-01	1	16889467	17062591	43	0.3392
TCGA-DU-5870-10A-01D-1704-01	1	17063449	17167799	70	-0.3542
TCGA-DU-5870-10A-01D-1704-01	1	17170285	72522941	34058	0.0191
TCGA-DU-5870-10A-01D-1704-01	1	72528701	72541504	12	-0.6057
TCGA-DU-5870-10A-01D-1704-01	1	72541524	72583736	45	1.1336
TCGA-DU-5870-10A-01D-1704-01	1	72584492	105820728	21055	0.0172
TCGA-DU-5870-10A-01D-1704-01	1	105820759	105823898	16	-1.7346
TCGA-DU-5870-10A-01D-1704-01	1	105825578	110034785	2676	0.0105
TCGA-DU-5870-10A-01D-1704-01	1	110034850	110041045	10	-0.5659
TCGA-DU-5870-10A-01D-1704-01	1	110041678	119969876	6780	0.0184
TCGA-DU-5870-10A-01D-1704-01	1	119972652	120145628	135	-0.5415
TCGA-DU-5870-10A-01D-1704-01	1	120146403	143553915	314	0.0572
TCGA-DU-5870-10A-01D-1704-01	1	143560896	143560909	3	1.912
TCGA-DU-5870-10A-01D-1704-01	1	143576984	147496467	1244	0.054
TCGA-DU-5870-10A-01D-1704-01	1	147509287	147521544	22	0.5168
TCGA-DU-5870-10A-01D-1704-01	1	147523315	150822330	1526	0.0105
TCGA-DU-5870-10A-01D-1704-01	1	150822391	150852862	30	-1.332
TCGA-DU-5870-10A-01D-1704-01	1	150852902	151026302	175	-0.0124
TCGA-DU-5870-10A-01D-1704-01	1	151028547	151035324	37	-1.1934
TCGA-DU-5870-10A-01D-1704-01	1	151040529	177590361	17969	0.0211
TCGA-DU-5870-10A-01D-1704-01	1	177597151	177599938	4	-1.028
TCGA-DU-5870-10A-01D-1704-01	1	177605829	179014940	880	-6e-04
TCGA-DU-5870-10A-01D-1704-01	1	179017196	179020106	4	-0.9021
TCGA-DU-5870-10A-01D-1704-01	1	179022284	183362874	3033	0.0226
TCGA-DU-5870-10A-01D-1704-01	1	183363199	183400689	15	0.5018
TCGA-DU-5870-10A-01D-1704-01	1	183401518	194981496	7650	-0.0024
TCGA-DU-5870-10A-01D-1704-01	1	194994473	194998709	4	-1.7534
TCGA-DU-5870-10A-01D-1704-01	1	195005246	195024772	34	-0.4777
TCGA-DU-5870-10A-01D-1704-01	1	195024782	195025911	3	-1.5127
TCGA-DU-5870-10A-01D-1704-01	1	195028443	195056892	20	-0.0662
TCGA-DU-5870-10A-01D-1704-01	1	195057018	195066337	20	-0.411
TCGA-DU-5870-10A-01D-1704-01	1	195067779	208137685	8834	0.0168
TCGA-DU-5870-10A-01D-1704-01	1	208148236	208150607	3	-1.6535
TCGA-DU-5870-10A-01D-1704-01	1	208153175	246776293	26950	0.011
TCGA-DU-5870-10A-01D-1704-01	1	246780491	246875487	40	-0.4905
TCGA-DU-5870-10A-01D-1704-01	1	246875732	247191011	142	0.0494
TCGA-DU-5870-10A-01D-1704-01	10	62759	4230107	3536	0.018
TCGA-DU-5870-10A-01D-1704-01	10	4230722	4231572	4	-1.1024
TCGA-DU-5870-10A-01D-1704-01	10	4233998	18161039	11360	0.0258
TCGA-DU-5870-10A-01D-1704-01	10	18168253	18176754	2	1.3663
TCGA-DU-5870-10A-01D-1704-01	10	18190767	27266810	6357	0.0212
TCGA-DU-5870-10A-01D-1704-01	10	27267174	27269999	10	-0.5786
TCGA-DU-5870-10A-01D-1704-01	10	27270681	42080059	7966	0.0198
TCGA-DU-5870-10A-01D-1704-01	10	42083236	42150813	13	-0.6403
TCGA-DU-5870-10A-01D-1704-01	10	42151221	135356694	61862	0.0191
TCGA-DU-5870-10A-01D-1704-01	11	188510	297036	62	-0.0857
TCGA-DU-5870-10A-01D-1704-01	11	298716	299508	2	-1.3982
TCGA-DU-5870-10A-01D-1704-01	11	299746	3443300	1285	0.0113
TCGA-DU-5870-10A-01D-1704-01	11	3444241	3445117	3	-1.1269
TCGA-DU-5870-10A-01D-1704-01	11	3463102	4683016	851	0.019
TCGA-DU-5870-10A-01D-1704-01	11	4683194	4683467	5	-0.6259
TCGA-DU-5870-10A-01D-1704-01	11	4685710	4926819	273	0.0212
TCGA-DU-5870-10A-01D-1704-01	11	4926853	4933441	37	0.5759
TCGA-DU-5870-10A-01D-1704-01	11	4933454	5164594	194	-0.0051
TCGA-DU-5870-10A-01D-1704-01	11	5164750	5165075	4	0.8403
TCGA-DU-5870-10A-01D-1704-01	11	5165946	5743981	591	0.0093
TCGA-DU-5870-10A-01D-1704-01	11	5744656	5765715	32	-2.1822
TCGA-DU-5870-10A-01D-1704-01	11	5765914	6064366	239	0.0019
TCGA-DU-5870-10A-01D-1704-01	11	6064845	6078670	8	-0.9783
TCGA-DU-5870-10A-01D-1704-01	11	6079079	55130624	31082	0.0148
TCGA-DU-5870-10A-01D-1704-01	11	55130764	55209585	57	-1.3634
TCGA-DU-5870-10A-01D-1704-01	11	55210152	61516266	3749	0.0086
TCGA-DU-5870-10A-01D-1704-01	11	61522468	61523145	4	-0.9835
TCGA-DU-5870-10A-01D-1704-01	11	61525296	92658363	18535	0.0106
TCGA-DU-5870-10A-01D-1704-01	11	92660131	92669109	4	-1.4831
TCGA-DU-5870-10A-01D-1704-01	11	92670101	134449982	30136	0.0164
TCGA-DU-5870-10A-01D-1704-01	12	20703	8248774	5552	0.0113
TCGA-DU-5870-10A-01D-1704-01	12	8253317	8269518	11	0.8131
TCGA-DU-5870-10A-01D-1704-01	12	8285095	9521823	642	0.019
TCGA-DU-5870-10A-01D-1704-01	12	9525137	9619559	24	-1.3082
TCGA-DU-5870-10A-01D-1704-01	12	9626236	29050840	13574	0.0193
TCGA-DU-5870-10A-01D-1704-01	12	29051048	29059250	5	-0.7609
TCGA-DU-5870-10A-01D-1704-01	12	29059445	33185927	3077	0.0181
TCGA-DU-5870-10A-01D-1704-01	12	33192673	33199627	28	0.3477
TCGA-DU-5870-10A-01D-1704-01	12	33199654	44186092	5627	0.0177
TCGA-DU-5870-10A-01D-1704-01	12	44190705	44195804	4	1.0091
TCGA-DU-5870-10A-01D-1704-01	12	44199559	82687318	23660	0.0142
TCGA-DU-5870-10A-01D-1704-01	12	82687421	82687479	2	-1.7859
TCGA-DU-5870-10A-01D-1704-01	12	82689372	112916347	19533	0.0141
TCGA-DU-5870-10A-01D-1704-01	12	112917781	112942722	21	0.3738
TCGA-DU-5870-10A-01D-1704-01	12	112943598	132288262	13351	0.0194
TCGA-DU-5870-10A-01D-1704-01	13	17924949	36969135	13562	0.0258
TCGA-DU-5870-10A-01D-1704-01	13	36970036	36986330	17	0.5312
TCGA-DU-5870-10A-01D-1704-01	13	36986374	114126499	50735	0.0096
TCGA-DU-5870-10A-01D-1704-01	14	18072124	34087622	9801	0.0217
TCGA-DU-5870-10A-01D-1704-01	14	34090025	34090736	3	-1.0499
TCGA-DU-5870-10A-01D-1704-01	14	34096793	53424811	11844	0.0087
TCGA-DU-5870-10A-01D-1704-01	14	53424826	53425298	6	-0.8406
TCGA-DU-5870-10A-01D-1704-01	14	53427974	105786534	33590	0.0174
TCGA-DU-5870-10A-01D-1704-01	14	105788401	105811819	13	-0.4299
TCGA-DU-5870-10A-01D-1704-01	14	105817770	105950876	64	0.0961
TCGA-DU-5870-10A-01D-1704-01	14	105952397	105989153	50	-1.691
TCGA-DU-5870-10A-01D-1704-01	14	105989694	106224218	134	-0.0319
TCGA-DU-5870-10A-01D-1704-01	14	106231370	106255229	22	0.5351
TCGA-DU-5870-10A-01D-1704-01	14	106255421	106356482	68	0.0364
TCGA-DU-5870-10A-01D-1704-01	15	18276341	18466953	48	5e-04
TCGA-DU-5870-10A-01D-1704-01	15	18476969	18522250	5	-1.2188
TCGA-DU-5870-10A-01D-1704-01	15	18524300	18816444	30	-1e-04
TCGA-DU-5870-10A-01D-1704-01	15	18829965	18887506	61	0.4807
TCGA-DU-5870-10A-01D-1704-01	15	18906589	19787133	166	0.1774
TCGA-DU-5870-10A-01D-1704-01	15	19788634	20232440	113	0.6269
TCGA-DU-5870-10A-01D-1704-01	15	20232614	21038987	317	0.0315
TCGA-DU-5870-10A-01D-1704-01	15	21192955	21222425	12	-0.7993
TCGA-DU-5870-10A-01D-1704-01	15	21223287	21605880	284	0.0141
TCGA-DU-5870-10A-01D-1704-01	15	21606530	21610400	20	-0.8252
TCGA-DU-5870-10A-01D-1704-01	15	21616786	22220749	369	0.0032
TCGA-DU-5870-10A-01D-1704-01	15	22220838	22269266	40	-0.4468
TCGA-DU-5870-10A-01D-1704-01	15	22269689	28348859	3678	0.0187
TCGA-DU-5870-10A-01D-1704-01	15	28350062	28579861	60	-0.3131
TCGA-DU-5870-10A-01D-1704-01	15	28583081	28700879	7	0.3662
TCGA-DU-5870-10A-01D-1704-01	15	28707916	30226603	1045	0.016
TCGA-DU-5870-10A-01D-1704-01	15	30228925	30557752	53	-0.2227
TCGA-DU-5870-10A-01D-1704-01	15	30563503	32501415	1505	0.0282
TCGA-DU-5870-10A-01D-1704-01	15	32507087	32605609	69	-0.6234
TCGA-DU-5870-10A-01D-1704-01	15	32617545	100286563	44187	0.0201
TCGA-DU-5870-10A-01D-1704-01	16	777	19851864	13529	0.0143
TCGA-DU-5870-10A-01D-1704-01	16	19853151	19874863	29	-0.568
TCGA-DU-5870-10A-01D-1704-01	16	19877755	88815036	38956	0.0178
TCGA-DU-5870-10A-01D-1704-01	17	526	721177	392	0.0035
TCGA-DU-5870-10A-01D-1704-01	17	722143	722158	2	-1.2982
TCGA-DU-5870-10A-01D-1704-01	17	726298	18260587	11048	0.0141
TCGA-DU-5870-10A-01D-1704-01	17	18296117	18384347	23	0.5765
TCGA-DU-5870-10A-01D-1704-01	17	18384402	18944788	184	0.0216
TCGA-DU-5870-10A-01D-1704-01	17	18956377	19034153	8	-0.5662
TCGA-DU-5870-10A-01D-1704-01	17	19070824	23600531	2065	0.035
TCGA-DU-5870-10A-01D-1704-01	17	23605179	23614440	7	-0.7419
TCGA-DU-5870-10A-01D-1704-01	17	23629103	78643088	31574	0.0121
TCGA-DU-5870-10A-01D-1704-01	18	1543	36514796	22853	0.0206
TCGA-DU-5870-10A-01D-1704-01	18	36514808	36519387	11	-0.4784
TCGA-DU-5870-10A-01D-1704-01	18	36522022	38305676	1216	0.0254
TCGA-DU-5870-10A-01D-1704-01	18	38310567	38311765	25	-0.4009
TCGA-DU-5870-10A-01D-1704-01	18	38312393	48024285	6660	0.0269
TCGA-DU-5870-10A-01D-1704-01	18	48028815	48029116	2	-1.4066
TCGA-DU-5870-10A-01D-1704-01	18	48031737	76116029	20062	0.0152
TCGA-DU-5870-10A-01D-1704-01	19	41910	56836402	24953	9e-04
TCGA-DU-5870-10A-01D-1704-01	19	56836958	56840009	6	-1.1239
TCGA-DU-5870-10A-01D-1704-01	19	56846717	59410780	1749	-0.0256
TCGA-DU-5870-10A-01D-1704-01	19	59410817	59445152	20	0.4827
TCGA-DU-5870-10A-01D-1704-01	19	59445289	60974347	763	2e-04
TCGA-DU-5870-10A-01D-1704-01	19	60974841	60974879	2	-2.351
TCGA-DU-5870-10A-01D-1704-01	19	60978105	63789666	1848	-0.0092
TCGA-DU-5870-10A-01D-1704-01	2	2784	34544573	24121	0.0126
TCGA-DU-5870-10A-01D-1704-01	2	34552819	34590667	47	0.2769
TCGA-DU-5870-10A-01D-1704-01	2	34591060	52595241	13038	0.0053
TCGA-DU-5870-10A-01D-1704-01	2	52597429	52635046	41	-0.5834
TCGA-DU-5870-10A-01D-1704-01	2	52641453	97388964	24091	0.01
TCGA-DU-5870-10A-01D-1704-01	2	97389445	97528621	14	0.478
TCGA-DU-5870-10A-01D-1704-01	2	97533310	106246527	5579	0.0175
TCGA-DU-5870-10A-01D-1704-01	2	106247145	106251789	11	-1.735
TCGA-DU-5870-10A-01D-1704-01	2	106253687	146580913	23961	0.0096
TCGA-DU-5870-10A-01D-1704-01	2	146580927	146583404	21	0.9555
TCGA-DU-5870-10A-01D-1704-01	2	146594276	179769900	20301	0.01
TCGA-DU-5870-10A-01D-1704-01	2	179775437	179787389	3	-2.4515
TCGA-DU-5870-10A-01D-1704-01	2	179791836	242738129	38853	0.0085
TCGA-DU-5870-10A-01D-1704-01	20	9305	1500116	1182	-0.0187
TCGA-DU-5870-10A-01D-1704-01	20	1500174	1518786	37	-0.5228
TCGA-DU-5870-10A-01D-1704-01	20	1518804	62426597	41278	0.0186
TCGA-DU-5870-10A-01D-1704-01	21	9758742	19049702	3777	0.0262
TCGA-DU-5870-10A-01D-1704-01	21	19050219	19052337	3	-0.8988
TCGA-DU-5870-10A-01D-1704-01	21	19052383	22573005	2687	0.009
TCGA-DU-5870-10A-01D-1704-01	21	22577771	22586529	9	-1.1162
TCGA-DU-5870-10A-01D-1704-01	21	22588870	46921385	17937	0.0137
TCGA-DU-5870-10A-01D-1704-01	22	14432528	22601745	4587	0.0212
TCGA-DU-5870-10A-01D-1704-01	22	22613016	22674422	33	0.4987
TCGA-DU-5870-10A-01D-1704-01	22	22680529	22726814	19	-1.564
TCGA-DU-5870-10A-01D-1704-01	22	22731529	37680168	10871	0.0209
TCGA-DU-5870-10A-01D-1704-01	22	37681412	37705253	25	-0.6415
TCGA-DU-5870-10A-01D-1704-01	22	37719574	49581321	8024	0.0149
TCGA-DU-5870-10A-01D-1704-01	3	35345	6621543	5846	-1e-04
TCGA-DU-5870-10A-01D-1704-01	3	6626128	6627079	11	-0.8671
TCGA-DU-5870-10A-01D-1704-01	3	6627113	6630430	17	-0.3664
TCGA-DU-5870-10A-01D-1704-01	3	6633264	25371081	13222	0.0141
TCGA-DU-5870-10A-01D-1704-01	3	25371764	25371969	3	-1.0607
TCGA-DU-5870-10A-01D-1704-01	3	25373179	26430765	862	-0.0081
TCGA-DU-5870-10A-01D-1704-01	3	26430836	26431368	3	-0.8755
TCGA-DU-5870-10A-01D-1704-01	3	26435930	26586653	105	-0.0036
TCGA-DU-5870-10A-01D-1704-01	3	26586671	26586889	4	-2.1124
TCGA-DU-5870-10A-01D-1704-01	3	26586902	26589978	9	0.0076
TCGA-DU-5870-10A-01D-1704-01	3	26589980	26589988	6	-0.9218
TCGA-DU-5870-10A-01D-1704-01	3	26589989	68828854	27785	0.016
TCGA-DU-5870-10A-01D-1704-01	3	68828949	68830103	14	0.8665
TCGA-DU-5870-10A-01D-1704-01	3	68831448	96938796	14102	0.0062
TCGA-DU-5870-10A-01D-1704-01	3	96949570	96950800	2	-2.3738
TCGA-DU-5870-10A-01D-1704-01	3	96951370	100420474	1857	0.0107
TCGA-DU-5870-10A-01D-1704-01	3	100427148	100431998	36	-0.558
TCGA-DU-5870-10A-01D-1704-01	3	100432004	131245549	18757	0.0151
TCGA-DU-5870-10A-01D-1704-01	3	131246388	131288926	52	-0.8439
TCGA-DU-5870-10A-01D-1704-01	3	131289614	148099820	10542	0.0182
TCGA-DU-5870-10A-01D-1704-01	3	148100236	148100345	2	-1.597
TCGA-DU-5870-10A-01D-1704-01	3	148101458	164015644	9773	0.0198
TCGA-DU-5870-10A-01D-1704-01	3	164017424	164028410	7	-0.7903
TCGA-DU-5870-10A-01D-1704-01	3	164028923	194360596	19244	0.0085
TCGA-DU-5870-10A-01D-1704-01	3	194360656	194365597	19	0.5193
TCGA-DU-5870-10A-01D-1704-01	3	194369129	196941582	1519	0.0207
TCGA-DU-5870-10A-01D-1704-01	3	196941595	196950178	11	-0.5267
TCGA-DU-5870-10A-01D-1704-01	3	196950537	199322975	1158	0.0126
TCGA-DU-5870-10A-01D-1704-01	3	199329613	199334102	11	-0.6286
TCGA-DU-5870-10A-01D-1704-01	3	199335622	199380515	9	-0.1267
TCGA-DU-5870-10A-01D-1704-01	4	2281	9819488	5804	0.0153
TCGA-DU-5870-10A-01D-1704-01	4	9823258	9840596	29	-1.4155
TCGA-DU-5870-10A-01D-1704-01	4	9843312	68967186	36534	0.0129
TCGA-DU-5870-10A-01D-1704-01	4	68970733	68970737	3	1.2403
TCGA-DU-5870-10A-01D-1704-01	4	68977394	69057550	14	-0.1705
TCGA-DU-5870-10A-01D-1704-01	4	69057755	69079057	9	-2.4297
TCGA-DU-5870-10A-01D-1704-01	4	69079061	69234339	62	-1.1789
TCGA-DU-5870-10A-01D-1704-01	4	69378740	69512426	7	0.5588
TCGA-DU-5870-10A-01D-1704-01	4	69571393	70155852	316	-0.027
TCGA-DU-5870-10A-01D-1704-01	4	70158099	70183746	17	-0.3025
TCGA-DU-5870-10A-01D-1704-01	4	70184239	70205869	12	-0.8085
TCGA-DU-5870-10A-01D-1704-01	4	70209004	70266388	26	-0.3417
TCGA-DU-5870-10A-01D-1704-01	4	70266611	87195118	10457	0.0156
TCGA-DU-5870-10A-01D-1704-01	4	87195415	87198725	17	-0.5743
TCGA-DU-5870-10A-01D-1704-01	4	87198788	115394772	16898	0.0167
TCGA-DU-5870-10A-01D-1704-01	4	115394793	115401624	22	0.7649
TCGA-DU-5870-10A-01D-1704-01	4	115403678	138311689	13261	0.0063
TCGA-DU-5870-10A-01D-1704-01	4	138311870	138312864	14	-0.6616
TCGA-DU-5870-10A-01D-1704-01	4	138314408	173224503	21879	0.0112
TCGA-DU-5870-10A-01D-1704-01	4	173225723	173226108	12	0.699
TCGA-DU-5870-10A-01D-1704-01	4	173232554	173659097	232	-0.027
TCGA-DU-5870-10A-01D-1704-01	4	173661522	173665218	7	0.9178
TCGA-DU-5870-10A-01D-1704-01	4	173677707	183945990	7005	5e-04
TCGA-DU-5870-10A-01D-1704-01	4	183948771	183949176	2	2.092
TCGA-DU-5870-10A-01D-1704-01	4	183949298	189458354	3701	-3e-04
TCGA-DU-5870-10A-01D-1704-01	4	189458369	189458433	3	1.2933
TCGA-DU-5870-10A-01D-1704-01	4	189459807	191261904	1178	-0.0322
TCGA-DU-5870-10A-01D-1704-01	5	68532	794695	325	0.0024
TCGA-DU-5870-10A-01D-1704-01	5	795039	919430	45	0.3063
TCGA-DU-5870-10A-01D-1704-01	5	919795	9317682	7113	0.0212
TCGA-DU-5870-10A-01D-1704-01	5	9321658	9325665	7	-1.0085
TCGA-DU-5870-10A-01D-1704-01	5	9330764	12853889	2733	0.0153
TCGA-DU-5870-10A-01D-1704-01	5	12868780	12879650	11	0.5106
TCGA-DU-5870-10A-01D-1704-01	5	12886857	16177245	2232	0.0103
TCGA-DU-5870-10A-01D-1704-01	5	16178128	16178214	3	-1.3559
TCGA-DU-5870-10A-01D-1704-01	5	16180544	17568801	951	0.01
TCGA-DU-5870-10A-01D-1704-01	5	17644656	17658332	15	-1.001
TCGA-DU-5870-10A-01D-1704-01	5	17662218	46227641	17365	0.0113
TCGA-DU-5870-10A-01D-1704-01	5	46231640	46235192	4	-1.3416
TCGA-DU-5870-10A-01D-1704-01	5	46245056	46287063	13	0.0625
TCGA-DU-5870-10A-01D-1704-01	5	46306765	46309259	8	0.9852
TCGA-DU-5870-10A-01D-1704-01	5	46313969	140198906	55251	0.014
TCGA-DU-5870-10A-01D-1704-01	5	140204020	140223940	13	-1.4722
TCGA-DU-5870-10A-01D-1704-01	5	140232347	150185693	6573	0.007
TCGA-DU-5870-10A-01D-1704-01	5	150186288	150198797	7	-0.8228
TCGA-DU-5870-10A-01D-1704-01	5	150203580	157326121	4946	0.0092
TCGA-DU-5870-10A-01D-1704-01	5	157331628	157332477	3	-1.0761
TCGA-DU-5870-10A-01D-1704-01	5	157334473	177160157	13541	0.0088
TCGA-DU-5870-10A-01D-1704-01	5	177161185	177165211	2	1.8705
TCGA-DU-5870-10A-01D-1704-01	5	177187571	180104846	1698	0.0144
TCGA-DU-5870-10A-01D-1704-01	5	180108035	180129422	15	0.4365
TCGA-DU-5870-10A-01D-1704-01	5	180131859	180311494	101	-0.0301
TCGA-DU-5870-10A-01D-1704-01	5	180312809	180347071	12	-0.5525
TCGA-DU-5870-10A-01D-1704-01	5	180349813	180722926	176	-0.0023
TCGA-DU-5870-10A-01D-1704-01	6	94661	239474	122	0.0225
TCGA-DU-5870-10A-01D-1704-01	6	239725	301152	55	-0.3362
TCGA-DU-5870-10A-01D-1704-01	6	301217	3235582	2398	0.0143
TCGA-DU-5870-10A-01D-1704-01	6	3235818	3235826	2	-1.3454
TCGA-DU-5870-10A-01D-1704-01	6	3236335	9877808	5201	0.0142
TCGA-DU-5870-10A-01D-1704-01	6	9881679	9892167	20	-1.0233
TCGA-DU-5870-10A-01D-1704-01	6	9900530	31385665	14644	0.0134
TCGA-DU-5870-10A-01D-1704-01	6	31388802	31404430	12	-1.5414
TCGA-DU-5870-10A-01D-1704-01	6	31417903	32703061	559	-0.043
TCGA-DU-5870-10A-01D-1704-01	6	32703210	32709295	2	-1.6259
TCGA-DU-5870-10A-01D-1704-01	6	32710085	49534352	10703	0.0149
TCGA-DU-5870-10A-01D-1704-01	6	49539528	49555254	14	0.6003
TCGA-DU-5870-10A-01D-1704-01	6	49565794	54039234	3049	0.0175
TCGA-DU-5870-10A-01D-1704-01	6	54039339	54039762	3	-1.0839
TCGA-DU-5870-10A-01D-1704-01	6	54039814	74648586	10525	0.0051
TCGA-DU-5870-10A-01D-1704-01	6	74648953	74654069	9	0.7837
TCGA-DU-5870-10A-01D-1704-01	6	74658138	77493251	1770	0.0043
TCGA-DU-5870-10A-01D-1704-01	6	77496587	77509476	21	0.3698
TCGA-DU-5870-10A-01D-1704-01	6	77517792	79028431	983	-0.0071
TCGA-DU-5870-10A-01D-1704-01	6	79028500	79098352	111	-0.3175
TCGA-DU-5870-10A-01D-1704-01	6	79098438	134307961	34631	0.0111
TCGA-DU-5870-10A-01D-1704-01	6	134310764	134311325	2	-1.6403
TCGA-DU-5870-10A-01D-1704-01	6	134313765	170892930	25158	0.0143
TCGA-DU-5870-10A-01D-1704-01	7	52911	4123173	2084	0.0107
TCGA-DU-5870-10A-01D-1704-01	7	4124880	4125079	2	-2.8713
TCGA-DU-5870-10A-01D-1704-01	7	4127897	6800402	1351	0.0156
TCGA-DU-5870-10A-01D-1704-01	7	6803531	6805249	3	-1.4091
TCGA-DU-5870-10A-01D-1704-01	7	6820635	17807425	8946	0.0122
TCGA-DU-5870-10A-01D-1704-01	7	17811195	17811346	2	-1.3701
TCGA-DU-5870-10A-01D-1704-01	7	17811789	54347867	26195	0.0183
TCGA-DU-5870-10A-01D-1704-01	7	54353999	54354011	6	0.9604
TCGA-DU-5870-10A-01D-1704-01	7	54360982	56728994	1571	0.0121
TCGA-DU-5870-10A-01D-1704-01	7	56729607	56736308	3	-2.3997
TCGA-DU-5870-10A-01D-1704-01	7	56739660	64206287	1563	0.0074
TCGA-DU-5870-10A-01D-1704-01	7	64231500	64233133	6	-1.482
TCGA-DU-5870-10A-01D-1704-01	7	64274563	97233396	19013	0.0144
TCGA-DU-5870-10A-01D-1704-01	7	97233398	97240163	13	-0.5913
TCGA-DU-5870-10A-01D-1704-01	7	97240224	125832210	16711	0.0111
TCGA-DU-5870-10A-01D-1704-01	7	125832718	125833851	12	0.7283
TCGA-DU-5870-10A-01D-1704-01	7	125834112	133435717	4705	0.0161
TCGA-DU-5870-10A-01D-1704-01	7	133435735	133449083	32	0.3226
TCGA-DU-5870-10A-01D-1704-01	7	133449098	142154515	5694	0.0195
TCGA-DU-5870-10A-01D-1704-01	7	142156294	142165914	29	0.7517
TCGA-DU-5870-10A-01D-1704-01	7	142176424	154020828	7330	0.0048
TCGA-DU-5870-10A-01D-1704-01	7	154024104	154030546	4	-1.6561
TCGA-DU-5870-10A-01D-1704-01	7	154031763	158819765	3245	0.0146
TCGA-DU-5870-10A-01D-1704-01	8	21254	7225313	7854	0.0126
TCGA-DU-5870-10A-01D-1704-01	8	7225429	7864332	153	-0.3334
TCGA-DU-5870-10A-01D-1704-01	8	7864777	11914604	3285	0.0291
TCGA-DU-5870-10A-01D-1704-01	8	11919268	12072406	15	-0.7824
TCGA-DU-5870-10A-01D-1704-01	8	12207108	12291857	47	0.1229
TCGA-DU-5870-10A-01D-1704-01	8	12305298	12349027	17	-0.5664
TCGA-DU-5870-10A-01D-1704-01	8	12355055	25028104	10475	0.0144
TCGA-DU-5870-10A-01D-1704-01	8	25030360	25040167	26	0.5957
TCGA-DU-5870-10A-01D-1704-01	8	25040250	39349816	9042	0.0193
TCGA-DU-5870-10A-01D-1704-01	8	39354760	39506122	58	0.669
TCGA-DU-5870-10A-01D-1704-01	8	39507456	95626728	31764	0.0139
TCGA-DU-5870-10A-01D-1704-01	8	95626778	95627168	6	0.839
TCGA-DU-5870-10A-01D-1704-01	8	95627291	112363642	10289	0.0285
TCGA-DU-5870-10A-01D-1704-01	8	112363822	112364436	7	-0.7801
TCGA-DU-5870-10A-01D-1704-01	8	112369457	130908292	12402	0.0207
TCGA-DU-5870-10A-01D-1704-01	8	130908314	130909027	2	-1.5388
TCGA-DU-5870-10A-01D-1704-01	8	130917357	142652718	9079	0.0128
TCGA-DU-5870-10A-01D-1704-01	8	142652973	142653053	2	-1.569
TCGA-DU-5870-10A-01D-1704-01	8	142653490	146268959	1445	0.0177
TCGA-DU-5870-10A-01D-1704-01	9	36587	23351805	20471	0.0186
TCGA-DU-5870-10A-01D-1704-01	9	23353115	23370445	11	0.6223
TCGA-DU-5870-10A-01D-1704-01	9	23370834	39320197	10814	0.0138
TCGA-DU-5870-10A-01D-1704-01	9	39327293	39332825	3	-0.8746
TCGA-DU-5870-10A-01D-1704-01	9	39733166	67675871	380	0.0775
TCGA-DU-5870-10A-01D-1704-01	9	67675873	67675877	3	1.3234
TCGA-DU-5870-10A-01D-1704-01	9	67675879	105417359	24935	0.0213
TCGA-DU-5870-10A-01D-1704-01	9	105417924	105429279	6	-0.8247
TCGA-DU-5870-10A-01D-1704-01	9	105433044	137353926	22201	0.0144
TCGA-DU-5870-10A-01D-1704-01	9	137355443	137356233	2	-2.9044
TCGA-DU-5870-10A-01D-1704-01	9	137357618	140211215	1113	0.0039
TCGA-DU-5870-10A-01D-1704-01	X	108477	62374362	33821	0.0186
TCGA-DU-5870-10A-01D-1704-01	X	62387177	62390113	8	0.8945
TCGA-DU-5870-10A-01D-1704-01	X	62394984	76266264	6309	0.0102
TCGA-DU-5870-10A-01D-1704-01	X	76270041	76440325	18	-0.6451
TCGA-DU-5870-10A-01D-1704-01	X	76461534	90855168	7605	-0.0019
TCGA-DU-5870-10A-01D-1704-01	X	90857162	90858396	7	-0.9034
TCGA-DU-5870-10A-01D-1704-01	X	90858427	140501089	27843	0.0169
TCGA-DU-5870-10A-01D-1704-01	X	140501398	140509460	3	-1.7106
TCGA-DU-5870-10A-01D-1704-01	X	140511643	148546921	5659	0.0145
TCGA-DU-5870-10A-01D-1704-01	X	148547227	148553852	3	-0.9357
TCGA-DU-5870-10A-01D-1704-01	X	148560481	150039674	895	0.0146
TCGA-DU-5870-10A-01D-1704-01	X	150043556	150046117	3	1.1166
TCGA-DU-5870-10A-01D-1704-01	X	150047213	154835548	2425	0.0261
TCGA-DU-5870-10A-01D-1704-01	Y	2710438	3038678	150	-2.6017
TCGA-DU-5870-10A-01D-1704-01	Y	3045595	6003672	622	-2.1582
TCGA-DU-5870-10A-01D-1704-01	Y	6004603	13534015	2513	-2.6578
TCGA-DU-5870-10A-01D-1704-01	Y	13535818	13540211	5	-5.9242
TCGA-DU-5870-10A-01D-1704-01	Y	13541682	14099670	249	-2.6163
TCGA-DU-5870-10A-01D-1704-01	Y	14099736	14103917	3	-7.6439
TCGA-DU-5870-10A-01D-1704-01	Y	14104283	17543786	1821	-2.6807
TCGA-DU-5870-10A-01D-1704-01	Y	17547696	19547685	960	-3.1081
TCGA-DU-5870-10A-01D-1704-01	Y	19547873	22268551	1052	-2.7124
TCGA-DU-5870-10A-01D-1704-01	Y	22268856	25040317	603	-3.0064
TCGA-DU-5870-10A-01D-1704-01	Y	25040616	25684358	82	-3.6669
TCGA-DU-5870-10A-01D-1704-01	Y	25707759	26127678	94	-2.3478
TCGA-DU-5870-10A-01D-1704-01	Y	26129939	26833326	252	-3.2139
TCGA-DU-5870-10A-01D-1704-01	Y	26847504	57427647	183	-2.3413
