barcode	chromosome	start	stop	num.mark	seg.mean
TCGA-DU-7012-10A-01D-2023-01	1	61735	17190004	8834	0.0096
TCGA-DU-7012-10A-01D-2023-01	1	17190862	17277940	64	0.3554
TCGA-DU-7012-10A-01D-2023-01	1	17282425	22320515	3349	0.0033
TCGA-DU-7012-10A-01D-2023-01	1	22323157	22328279	3	-1.2304
TCGA-DU-7012-10A-01D-2023-01	1	22328518	25582843	1913	-0.0184
TCGA-DU-7012-10A-01D-2023-01	1	25583291	25663344	35	0.4337
TCGA-DU-7012-10A-01D-2023-01	1	25673154	30739796	2403	-0.0013
TCGA-DU-7012-10A-01D-2023-01	1	30741496	30745210	4	1.1552
TCGA-DU-7012-10A-01D-2023-01	1	30747576	35102654	2557	0.0087
TCGA-DU-7012-10A-01D-2023-01	1	35102670	35104491	19	-2.4189
TCGA-DU-7012-10A-01D-2023-01	1	35114268	37624545	1313	-0.0019
TCGA-DU-7012-10A-01D-2023-01	1	37625062	37626981	3	1.1792
TCGA-DU-7012-10A-01D-2023-01	1	37627289	39132431	882	0.0067
TCGA-DU-7012-10A-01D-2023-01	1	39132432	39132433	2	-1.688
TCGA-DU-7012-10A-01D-2023-01	1	39132462	55299139	9017	0.0027
TCGA-DU-7012-10A-01D-2023-01	1	55301808	55304723	5	-1.0214
TCGA-DU-7012-10A-01D-2023-01	1	55304836	61861128	5053	-0.0046
TCGA-DU-7012-10A-01D-2023-01	1	61861554	61861751	2	-1.5746
TCGA-DU-7012-10A-01D-2023-01	1	61863662	65897951	3006	-0.0097
TCGA-DU-7012-10A-01D-2023-01	1	65898001	65906265	3	1.7163
TCGA-DU-7012-10A-01D-2023-01	1	65906762	69809733	2713	-4e-04
TCGA-DU-7012-10A-01D-2023-01	1	69810984	69828520	8	-1.1108
TCGA-DU-7012-10A-01D-2023-01	1	69830980	72763370	1859	-0.0031
TCGA-DU-7012-10A-01D-2023-01	1	72768418	72811904	49	1.5976
TCGA-DU-7012-10A-01D-2023-01	1	72812440	81888456	5786	0.001
TCGA-DU-7012-10A-01D-2023-01	1	81888602	81888605	2	2.1848
TCGA-DU-7012-10A-01D-2023-01	1	81888667	81944404	91	-0.0183
TCGA-DU-7012-10A-01D-2023-01	1	81948985	81949079	2	-1.6168
TCGA-DU-7012-10A-01D-2023-01	1	81951392	104103230	14176	-0.0035
TCGA-DU-7012-10A-01D-2023-01	1	104109238	104239689	42	0.6741
TCGA-DU-7012-10A-01D-2023-01	1	104239986	110227500	3616	0.001
TCGA-DU-7012-10A-01D-2023-01	1	110227515	110240178	17	1.074
TCGA-DU-7012-10A-01D-2023-01	1	110242953	111379225	852	-0.0131
TCGA-DU-7012-10A-01D-2023-01	1	111379326	111383972	26	-0.6221
TCGA-DU-7012-10A-01D-2023-01	1	111388184	120667389	6179	-4e-04
TCGA-DU-7012-10A-01D-2023-01	1	120668364	120671582	2	2.6884
TCGA-DU-7012-10A-01D-2023-01	1	120673020	145151728	314	-0.0472
TCGA-DU-7012-10A-01D-2023-01	1	145151959	145152018	3	1.9866
TCGA-DU-7012-10A-01D-2023-01	1	145152050	149521840	1142	-0.0013
TCGA-DU-7012-10A-01D-2023-01	1	149521846	149617451	7	-0.9456
TCGA-DU-7012-10A-01D-2023-01	1	149617488	152560541	1499	0.0133
TCGA-DU-7012-10A-01D-2023-01	1	152560868	152560883	2	-3.3974
TCGA-DU-7012-10A-01D-2023-01	1	152571169	152761923	196	0.0426
TCGA-DU-7012-10A-01D-2023-01	1	152761939	152768700	36	-1.7922
TCGA-DU-7012-10A-01D-2023-01	1	152773905	189084904	24433	0.0036
TCGA-DU-7012-10A-01D-2023-01	1	189085327	189089417	10	-0.8741
TCGA-DU-7012-10A-01D-2023-01	1	189089432	193155792	2705	-0.005
TCGA-DU-7012-10A-01D-2023-01	1	193156279	193156348	4	1.365
TCGA-DU-7012-10A-01D-2023-01	1	193159723	196714873	2404	-0.0114
TCGA-DU-7012-10A-01D-2023-01	1	196727850	196749217	27	-2.1243
TCGA-DU-7012-10A-01D-2023-01	1	196749821	196801428	58	-1.0062
TCGA-DU-7012-10A-01D-2023-01	1	196801442	196801655	2	-3.3905
TCGA-DU-7012-10A-01D-2023-01	1	196801784	196828938	20	-0.4564
TCGA-DU-7012-10A-01D-2023-01	1	196831324	199111363	1369	-0.008
TCGA-DU-7012-10A-01D-2023-01	1	199111426	199112471	5	-3.1602
TCGA-DU-7012-10A-01D-2023-01	1	199112524	199113840	3	-1.1362
TCGA-DU-7012-10A-01D-2023-01	1	199114238	248737447	34403	0.0035
TCGA-DU-7012-10A-01D-2023-01	1	248749194	248795289	30	-0.8239
TCGA-DU-7012-10A-01D-2023-01	1	248795852	249224388	148	0.0081
TCGA-DU-7012-10A-01D-2023-01	10	72809	17927554	14881	1e-04
TCGA-DU-7012-10A-01D-2023-01	10	17938208	17949857	2	3.1144
TCGA-DU-7012-10A-01D-2023-01	10	17971816	135506704	76201	-5e-04
TCGA-DU-7012-10A-01D-2023-01	11	198510	6107790	3576	0.0061
TCGA-DU-7012-10A-01D-2023-01	11	6108269	6122094	8	-1.23
TCGA-DU-7012-10A-01D-2023-01	11	6122503	18940870	9176	-2e-04
TCGA-DU-7012-10A-01D-2023-01	11	18949072	18961613	50	0.4636
TCGA-DU-7012-10A-01D-2023-01	11	18961653	21846809	2605	0.0087
TCGA-DU-7012-10A-01D-2023-01	11	21846894	21848752	6	-1.0512
TCGA-DU-7012-10A-01D-2023-01	11	21850657	22562973	463	0.0143
TCGA-DU-7012-10A-01D-2023-01	11	22563379	22563475	2	-2.476
TCGA-DU-7012-10A-01D-2023-01	11	22565285	51564427	18536	0.006
TCGA-DU-7012-10A-01D-2023-01	11	54701645	54758291	4	-1.4168
TCGA-DU-7012-10A-01D-2023-01	11	54773893	55376236	242	0.0188
TCGA-DU-7012-10A-01D-2023-01	11	55376261	55447237	48	-0.6319
TCGA-DU-7012-10A-01D-2023-01	11	55447332	134944770	52431	-7e-04
TCGA-DU-7012-10A-01D-2023-01	12	150442	355842	115	0.0596
TCGA-DU-7012-10A-01D-2023-01	12	356439	357311	2	2.3734
TCGA-DU-7012-10A-01D-2023-01	12	357319	10567965	6744	-0.0069
TCGA-DU-7012-10A-01D-2023-01	12	10571475	10595806	9	-0.8947
TCGA-DU-7012-10A-01D-2023-01	12	10596720	11215372	401	-0.0162
TCGA-DU-7012-10A-01D-2023-01	12	11216849	11231455	9	-0.7229
TCGA-DU-7012-10A-01D-2023-01	12	11232918	11241532	5	-2.3457
TCGA-DU-7012-10A-01D-2023-01	12	11251874	11504091	132	-0.0299
TCGA-DU-7012-10A-01D-2023-01	12	11511577	11564613	45	-0.6277
TCGA-DU-7012-10A-01D-2023-01	12	11567911	13691340	1778	-0.0073
TCGA-DU-7012-10A-01D-2023-01	12	13691705	13693888	3	-1.57
TCGA-DU-7012-10A-01D-2023-01	12	13695696	33294660	13634	0.0037
TCGA-DU-7012-10A-01D-2023-01	12	33301406	33307374	27	-0.5456
TCGA-DU-7012-10A-01D-2023-01	12	33308360	33385830	45	0.0833
TCGA-DU-7012-10A-01D-2023-01	12	33386757	33395418	6	-2.1158
TCGA-DU-7012-10A-01D-2023-01	12	33399053	34208356	515	0.0374
TCGA-DU-7012-10A-01D-2023-01	12	34208418	34217500	7	-0.936
TCGA-DU-7012-10A-01D-2023-01	12	34217682	84163187	28706	0.0028
TCGA-DU-7012-10A-01D-2023-01	12	84163290	84163348	2	-2.0181
TCGA-DU-7012-10A-01D-2023-01	12	84165241	131148328	31528	0.0047
TCGA-DU-7012-10A-01D-2023-01	12	131148401	131153348	16	-1.0498
TCGA-DU-7012-10A-01D-2023-01	12	131153427	133778189	1357	0.0051
TCGA-DU-7012-10A-01D-2023-01	13	19026949	34192789	10879	0.0036
TCGA-DU-7012-10A-01D-2023-01	13	34193118	34193251	2	-2.3072
TCGA-DU-7012-10A-01D-2023-01	13	34193376	38071135	2684	0.002
TCGA-DU-7012-10A-01D-2023-01	13	38072036	38088387	19	0.655
TCGA-DU-7012-10A-01D-2023-01	13	38088609	57751096	12543	-0.0064
TCGA-DU-7012-10A-01D-2023-01	13	57758270	57790009	36	-0.5762
TCGA-DU-7012-10A-01D-2023-01	13	57792969	67085208	5549	-1e-04
TCGA-DU-7012-10A-01D-2023-01	13	67088369	67088431	2	-3.6049
TCGA-DU-7012-10A-01D-2023-01	13	67090552	115108397	32615	-0.0018
TCGA-DU-7012-10A-01D-2023-01	14	19002124	20226769	97	0.0174
TCGA-DU-7012-10A-01D-2023-01	14	20232535	20420239	91	-0.4806
TCGA-DU-7012-10A-01D-2023-01	14	20422583	20550540	95	-0.0977
TCGA-DU-7012-10A-01D-2023-01	14	20553284	20555196	2	3.6235
TCGA-DU-7012-10A-01D-2023-01	14	20557267	21348944	619	-0.0083
TCGA-DU-7012-10A-01D-2023-01	14	21349517	21413355	25	-0.7824
TCGA-DU-7012-10A-01D-2023-01	14	21417034	23094845	1243	-0.082
TCGA-DU-7012-10A-01D-2023-01	14	23095002	23099209	6	-1.1027
TCGA-DU-7012-10A-01D-2023-01	14	23099390	74001123	32155	0.0015
TCGA-DU-7012-10A-01D-2023-01	14	74006707	74029900	9	1.4185
TCGA-DU-7012-10A-01D-2023-01	14	74029915	84433993	6908	0.0055
TCGA-DU-7012-10A-01D-2023-01	14	84435911	84439668	9	-1.2168
TCGA-DU-7012-10A-01D-2023-01	14	84442519	106460902	13877	0.0025
TCGA-DU-7012-10A-01D-2023-01	14	106479675	106479941	2	-2.5269
TCGA-DU-7012-10A-01D-2023-01	14	106482128	106521859	16	-0.1841
TCGA-DU-7012-10A-01D-2023-01	14	106524382	106577592	26	0.5153
TCGA-DU-7012-10A-01D-2023-01	14	106578247	106713736	60	-0.0376
TCGA-DU-7012-10A-01D-2023-01	14	106715330	106727469	10	-0.6827
TCGA-DU-7012-10A-01D-2023-01	14	106728162	106751284	10	-0.1631
TCGA-DU-7012-10A-01D-2023-01	14	106753859	106753867	3	1.648
TCGA-DU-7012-10A-01D-2023-01	14	106754003	106796025	16	-0.0318
TCGA-DU-7012-10A-01D-2023-01	14	106796228	106934284	96	-0.4921
TCGA-DU-7012-10A-01D-2023-01	14	106934548	107285437	218	-0.0707
TCGA-DU-7012-10A-01D-2023-01	15	20016328	20291313	59	-0.1188
TCGA-DU-7012-10A-01D-2023-01	15	20392821	20646685	87	0.7137
TCGA-DU-7012-10A-01D-2023-01	15	20717386	20743947	5	-0.2867
TCGA-DU-7012-10A-01D-2023-01	15	20795340	22311811	165	0.63
TCGA-DU-7012-10A-01D-2023-01	15	22317512	22681250	109	0.8825
TCGA-DU-7012-10A-01D-2023-01	15	22751094	102469040	51650	0.002
TCGA-DU-7012-10A-01D-2023-01	16	60777	32244484	20110	0.0032
TCGA-DU-7012-10A-01D-2023-01	16	32253233	33631830	226	0.4454
TCGA-DU-7012-10A-01D-2023-01	16	33643399	33773972	19	0.1029
TCGA-DU-7012-10A-01D-2023-01	16	33776085	33978858	37	-0.7032
TCGA-DU-7012-10A-01D-2023-01	16	33998975	90287535	32034	-0.0012
TCGA-DU-7012-10A-01D-2023-01	17	526	15512133	10035	0.0018
TCGA-DU-7012-10A-01D-2023-01	17	15513066	15546790	5	-1.7677
TCGA-DU-7012-10A-01D-2023-01	17	15554278	18289727	1399	-0.0148
TCGA-DU-7012-10A-01D-2023-01	17	18289923	18505690	44	-0.4957
TCGA-DU-7012-10A-01D-2023-01	17	18510158	34437128	6915	-0.0114
TCGA-DU-7012-10A-01D-2023-01	17	34439978	34822479	46	0.3735
TCGA-DU-7012-10A-01D-2023-01	17	34822506	39421708	2533	-0.0089
TCGA-DU-7012-10A-01D-2023-01	17	39423014	39430531	24	-0.6467
TCGA-DU-7012-10A-01D-2023-01	17	39432724	42362507	1617	0.0024
TCGA-DU-7012-10A-01D-2023-01	17	42362959	42366577	2	1.8672
TCGA-DU-7012-10A-01D-2023-01	17	42370801	44153522	886	-0.0125
TCGA-DU-7012-10A-01D-2023-01	17	44156081	44364170	133	-0.3354
TCGA-DU-7012-10A-01D-2023-01	17	44394412	44505241	13	0.2843
TCGA-DU-7012-10A-01D-2023-01	17	44523711	44523726	2	2.0604
TCGA-DU-7012-10A-01D-2023-01	17	44546329	81049726	21651	0.0044
TCGA-DU-7012-10A-01D-2023-01	18	11543	63203943	40014	-0.0034
TCGA-DU-7012-10A-01D-2023-01	18	63204323	63204590	6	-1.587
TCGA-DU-7012-10A-01D-2023-01	18	63204611	78015057	10815	-0.0109
TCGA-DU-7012-10A-01D-2023-01	19	90910	9246205	3387	0.0056
TCGA-DU-7012-10A-01D-2023-01	19	9247826	9253354	5	-1.2071
TCGA-DU-7012-10A-01D-2023-01	19	9253579	14850996	2577	-0.0066
TCGA-DU-7012-10A-01D-2023-01	19	14855686	14856363	2	1.6391
TCGA-DU-7012-10A-01D-2023-01	19	14856638	36845875	11310	-0.0023
TCGA-DU-7012-10A-01D-2023-01	19	36846150	36847498	10	-1.1798
TCGA-DU-7012-10A-01D-2023-01	19	36847637	59097854	12049	-0.0073
TCGA-DU-7012-10A-01D-2023-01	2	12784	34691069	24117	0.0033
TCGA-DU-7012-10A-01D-2023-01	2	34699315	34737556	48	0.7715
TCGA-DU-7012-10A-01D-2023-01	2	34738032	41238235	4826	0.0015
TCGA-DU-7012-10A-01D-2023-01	2	41238443	41243427	20	-0.6873
TCGA-DU-7012-10A-01D-2023-01	2	41243455	52754468	8199	0.0034
TCGA-DU-7012-10A-01D-2023-01	2	52754480	52790140	41	0.4276
TCGA-DU-7012-10A-01D-2023-01	2	52790493	71342451	12265	-0.0036
TCGA-DU-7012-10A-01D-2023-01	2	71346563	71346825	6	-1.0729
TCGA-DU-7012-10A-01D-2023-01	2	71347392	75092561	1977	-0.002
TCGA-DU-7012-10A-01D-2023-01	2	75092774	75094258	5	-1.4421
TCGA-DU-7012-10A-01D-2023-01	2	75094884	86937687	7691	-0.004
TCGA-DU-7012-10A-01D-2023-01	2	86953070	86953854	2	-1.8633
TCGA-DU-7012-10A-01D-2023-01	2	86970406	117798498	13659	-0.0096
TCGA-DU-7012-10A-01D-2023-01	2	117798512	117805591	3	1.6068
TCGA-DU-7012-10A-01D-2023-01	2	117805796	127852021	6495	0.0012
TCGA-DU-7012-10A-01D-2023-01	2	127857046	127857763	2	2.3979
TCGA-DU-7012-10A-01D-2023-01	2	127857946	132215697	2370	0.0078
TCGA-DU-7012-10A-01D-2023-01	2	132219583	132226368	7	-1.3796
TCGA-DU-7012-10A-01D-2023-01	2	132226792	159955758	16964	-0.0071
TCGA-DU-7012-10A-01D-2023-01	2	159956520	159964196	10	0.7246
TCGA-DU-7012-10A-01D-2023-01	2	159964516	177258842	10649	-0.0044
TCGA-DU-7012-10A-01D-2023-01	2	177267176	177272533	2	2.1765
TCGA-DU-7012-10A-01D-2023-01	2	177275138	180413371	2068	-0.01
TCGA-DU-7012-10A-01D-2023-01	2	180418211	180422137	30	-0.7508
TCGA-DU-7012-10A-01D-2023-01	2	180425643	189567787	5394	-0.0041
TCGA-DU-7012-10A-01D-2023-01	2	189567956	189578833	23	-0.9069
TCGA-DU-7012-10A-01D-2023-01	2	189579010	211988267	13244	-0.0017
TCGA-DU-7012-10A-01D-2023-01	2	211988377	211990188	11	-0.7616
TCGA-DU-7012-10A-01D-2023-01	2	211990354	214587378	1761	-0.0094
TCGA-DU-7012-10A-01D-2023-01	2	214588226	214592491	12	-0.595
TCGA-DU-7012-10A-01D-2023-01	2	214595534	243089456	18169	-0.0016
TCGA-DU-7012-10A-01D-2023-01	20	61305	1560999	1207	0.0087
TCGA-DU-7012-10A-01D-2023-01	20	1561580	1597946	42	-0.83
TCGA-DU-7012-10A-01D-2023-01	20	1598106	62956153	41252	9e-04
TCGA-DU-7012-10A-01D-2023-01	21	10736871	23813721	6592	-0.0066
TCGA-DU-7012-10A-01D-2023-01	21	23813859	23817364	3	1.639
TCGA-DU-7012-10A-01D-2023-01	21	23817600	44968053	16054	-0.0019
TCGA-DU-7012-10A-01D-2023-01	21	44970873	44972812	2	-3.063
TCGA-DU-7012-10A-01D-2023-01	21	44973667	48096957	1766	0.0086
TCGA-DU-7012-10A-01D-2023-01	22	16052528	51234455	23556	-0.0107
TCGA-DU-7012-10A-01D-2023-01	3	60345	348002	278	0.0633
TCGA-DU-7012-10A-01D-2023-01	3	349112	349167	2	-1.8537
TCGA-DU-7012-10A-01D-2023-01	3	349371	41773207	29979	0.0047
TCGA-DU-7012-10A-01D-2023-01	3	41780147	41788492	7	-1.1923
TCGA-DU-7012-10A-01D-2023-01	3	41795841	68746164	17605	0.0049
TCGA-DU-7012-10A-01D-2023-01	3	68746259	68747413	14	1.075
TCGA-DU-7012-10A-01D-2023-01	3	68748758	75421170	4876	0.0031
TCGA-DU-7012-10A-01D-2023-01	3	75427107	75639507	73	-0.6807
TCGA-DU-7012-10A-01D-2023-01	3	75645384	84469742	4863	-0.0015
TCGA-DU-7012-10A-01D-2023-01	3	84472077	84474551	4	-1.1255
TCGA-DU-7012-10A-01D-2023-01	3	84479070	87535129	1757	3e-04
TCGA-DU-7012-10A-01D-2023-01	3	87540489	87540778	2	-1.4748
TCGA-DU-7012-10A-01D-2023-01	3	87545152	89260033	920	0.0161
TCGA-DU-7012-10A-01D-2023-01	3	89260274	89260661	4	-0.9802
TCGA-DU-7012-10A-01D-2023-01	3	89260993	98945299	3467	-0.0049
TCGA-DU-7012-10A-01D-2023-01	3	98945395	98951383	26	0.4762
TCGA-DU-7012-10A-01D-2023-01	3	98951834	129786739	18758	0.0042
TCGA-DU-7012-10A-01D-2023-01	3	129786753	129798735	36	0.4542
TCGA-DU-7012-10A-01D-2023-01	3	129798781	129851863	28	-0.0493
TCGA-DU-7012-10A-01D-2023-01	3	129856480	129856746	2	-1.7828
TCGA-DU-7012-10A-01D-2023-01	3	129860625	146774577	10585	0.0029
TCGA-DU-7012-10A-01D-2023-01	3	146775140	146778659	2	-1.5519
TCGA-DU-7012-10A-01D-2023-01	3	146779410	162217021	9480	0.0016
TCGA-DU-7012-10A-01D-2023-01	3	162218344	162218849	6	0.8371
TCGA-DU-7012-10A-01D-2023-01	3	162218869	162508192	193	0.0158
TCGA-DU-7012-10A-01D-2023-01	3	162508268	162536823	20	0.5363
TCGA-DU-7012-10A-01D-2023-01	3	162540009	162540490	3	1.8553
TCGA-DU-7012-10A-01D-2023-01	3	162545716	162625995	48	0.4572
TCGA-DU-7012-10A-01D-2023-01	3	162626572	192877902	19201	-0.003
TCGA-DU-7012-10A-01D-2023-01	3	192877962	192882903	19	-1.0841
TCGA-DU-7012-10A-01D-2023-01	3	192886435	195400799	1490	-0.0188
TCGA-DU-7012-10A-01D-2023-01	3	195409946	195481811	47	-0.3757
TCGA-DU-7012-10A-01D-2023-01	3	195482370	195661550	75	-0.0504
TCGA-DU-7012-10A-01D-2023-01	3	195690846	195709662	6	-1.5551
TCGA-DU-7012-10A-01D-2023-01	3	195718765	197896118	1087	-0.0095
TCGA-DU-7012-10A-01D-2023-01	4	12281	9456977	5248	-0.0172
TCGA-DU-7012-10A-01D-2023-01	4	9461230	9479345	9	1.8853
TCGA-DU-7012-10A-01D-2023-01	4	9486087	10214160	547	-0.0181
TCGA-DU-7012-10A-01D-2023-01	4	10223416	10231498	28	-2.269
TCGA-DU-7012-10A-01D-2023-01	4	10234214	10234266	2	1.5964
TCGA-DU-7012-10A-01D-2023-01	4	10234608	22737102	9248	-9e-04
TCGA-DU-7012-10A-01D-2023-01	4	22737386	22744829	3	-2.2384
TCGA-DU-7012-10A-01D-2023-01	4	22744994	33376583	6973	-0.0092
TCGA-DU-7012-10A-01D-2023-01	4	33379136	33386186	11	-0.8713
TCGA-DU-7012-10A-01D-2023-01	4	33388353	34779054	768	-0.0096
TCGA-DU-7012-10A-01D-2023-01	4	34786500	34824725	38	0.5305
TCGA-DU-7012-10A-01D-2023-01	4	34829872	65819506	17279	0.0046
TCGA-DU-7012-10A-01D-2023-01	4	65819686	65840018	40	-0.9514
TCGA-DU-7012-10A-01D-2023-01	4	65844051	70123510	2579	0.0021
TCGA-DU-7012-10A-01D-2023-01	4	70127644	70209474	44	-0.5768
TCGA-DU-7012-10A-01D-2023-01	4	70210994	75075021	2909	-0.0093
TCGA-DU-7012-10A-01D-2023-01	4	75081116	75082112	4	-1.4164
TCGA-DU-7012-10A-01D-2023-01	4	75082167	101551661	16213	0.0034
TCGA-DU-7012-10A-01D-2023-01	4	101551750	101616281	35	-0.9505
TCGA-DU-7012-10A-01D-2023-01	4	101617863	104745571	1904	0
TCGA-DU-7012-10A-01D-2023-01	4	104751630	104751637	5	1.1009
TCGA-DU-7012-10A-01D-2023-01	4	104751644	115173700	6315	-0.0059
TCGA-DU-7012-10A-01D-2023-01	4	115175323	115184310	27	0.7633
TCGA-DU-7012-10A-01D-2023-01	4	115184322	116165720	603	-0.0124
TCGA-DU-7012-10A-01D-2023-01	4	116165793	116180370	30	-0.5855
TCGA-DU-7012-10A-01D-2023-01	4	116180555	144746002	17071	-0.004
TCGA-DU-7012-10A-01D-2023-01	4	144755582	144943280	96	-0.8476
TCGA-DU-7012-10A-01D-2023-01	4	144943549	155802548	6320	-1e-04
TCGA-DU-7012-10A-01D-2023-01	4	155803005	155803078	3	-4.1824
TCGA-DU-7012-10A-01D-2023-01	4	155803199	156594230	502	-0.0118
TCGA-DU-7012-10A-01D-2023-01	4	156594268	156597995	14	-0.9369
TCGA-DU-7012-10A-01D-2023-01	4	156601935	168815258	7797	0.0022
TCGA-DU-7012-10A-01D-2023-01	4	168815347	168844106	51	0.547
TCGA-DU-7012-10A-01D-2023-01	4	168850461	172369346	2256	0.0012
TCGA-DU-7012-10A-01D-2023-01	4	172374884	172377776	12	1.4186
TCGA-DU-7012-10A-01D-2023-01	4	172380371	176261635	2254	9e-04
TCGA-DU-7012-10A-01D-2023-01	4	176263679	176264480	2	-1.8502
TCGA-DU-7012-10A-01D-2023-01	4	176270885	185991130	6897	0.0014
TCGA-DU-7012-10A-01D-2023-01	4	185992993	185996336	3	-1.9234
TCGA-DU-7012-10A-01D-2023-01	4	185997791	191027923	3377	-0.004
TCGA-DU-7012-10A-01D-2023-01	5	15532	761030	329	0.0052
TCGA-DU-7012-10A-01D-2023-01	5	761084	833628	36	-0.6283
TCGA-DU-7012-10A-01D-2023-01	5	852566	8702522	6608	0.0036
TCGA-DU-7012-10A-01D-2023-01	5	8703057	8747142	45	-0.9216
TCGA-DU-7012-10A-01D-2023-01	5	8749731	46271930	23796	-0.0011
TCGA-DU-7012-10A-01D-2023-01	5	46272521	46273502	5	-2.0591
TCGA-DU-7012-10A-01D-2023-01	5	46278212	57321646	5083	-0.003
TCGA-DU-7012-10A-01D-2023-01	5	57326027	57333533	32	2.3074
TCGA-DU-7012-10A-01D-2023-01	5	57338357	97120507	22997	0.0028
TCGA-DU-7012-10A-01D-2023-01	5	97125667	97143437	17	-0.6422
TCGA-DU-7012-10A-01D-2023-01	5	97151866	104359938	4257	-0.0094
TCGA-DU-7012-10A-01D-2023-01	5	104360663	104361517	2	1.9905
TCGA-DU-7012-10A-01D-2023-01	5	104365762	104587153	157	-0.0267
TCGA-DU-7012-10A-01D-2023-01	5	104588432	104588453	2	2.0686
TCGA-DU-7012-10A-01D-2023-01	5	104589281	150202205	29274	-3e-04
TCGA-DU-7012-10A-01D-2023-01	5	150205500	150218604	8	-1.2287
TCGA-DU-7012-10A-01D-2023-01	5	150223387	170408566	14144	0.002
TCGA-DU-7012-10A-01D-2023-01	5	170413978	170462939	23	-0.8148
TCGA-DU-7012-10A-01D-2023-01	5	170464748	175460087	3584	0.0083
TCGA-DU-7012-10A-01D-2023-01	5	175465689	175650484	66	0.5297
TCGA-DU-7012-10A-01D-2023-01	5	175661124	177114462	653	0.0024
TCGA-DU-7012-10A-01D-2023-01	5	177132443	177324737	25	-0.48
TCGA-DU-7012-10A-01D-2023-01	5	177353413	180374484	1802	-0.0042
TCGA-DU-7012-10A-01D-2023-01	5	180374523	180418103	20	0.5768
TCGA-DU-7012-10A-01D-2023-01	5	180433225	180790320	171	-0.0267
TCGA-DU-7012-10A-01D-2023-01	6	149661	29837072	21744	0.0033
TCGA-DU-7012-10A-01D-2023-01	6	29837187	29849267	16	-0.7043
TCGA-DU-7012-10A-01D-2023-01	6	29850196	31286305	674	0.0027
TCGA-DU-7012-10A-01D-2023-01	6	31286531	31296451	9	-2.0016
TCGA-DU-7012-10A-01D-2023-01	6	31309924	32481987	516	0.0268
TCGA-DU-7012-10A-01D-2023-01	6	32482969	32540611	19	-1.0638
TCGA-DU-7012-10A-01D-2023-01	6	32544309	32624591	35	-0.1699
TCGA-DU-7012-10A-01D-2023-01	6	32625095	32626618	4	-1.6403
TCGA-DU-7012-10A-01D-2023-01	6	32650612	33937999	807	-0.0037
TCGA-DU-7012-10A-01D-2023-01	6	33938743	33942705	7	-1.1848
TCGA-DU-7012-10A-01D-2023-01	6	33944586	73218691	22608	0.0033
TCGA-DU-7012-10A-01D-2023-01	6	73221841	73222063	2	-2.8222
TCGA-DU-7012-10A-01D-2023-01	6	73227795	78969065	3625	-0.0052
TCGA-DU-7012-10A-01D-2023-01	6	78969105	79035185	110	0.6527
TCGA-DU-7012-10A-01D-2023-01	6	79039234	93574342	9245	9e-04
TCGA-DU-7012-10A-01D-2023-01	6	93575866	93578630	31	-0.7451
TCGA-DU-7012-10A-01D-2023-01	6	93582923	95190723	1110	-0.0065
TCGA-DU-7012-10A-01D-2023-01	6	95193106	95193725	2	1.6019
TCGA-DU-7012-10A-01D-2023-01	6	95196646	102698749	4508	-0.0085
TCGA-DU-7012-10A-01D-2023-01	6	102698993	102705227	4	-1.8414
TCGA-DU-7012-10A-01D-2023-01	6	102706463	103734829	596	0.0024
TCGA-DU-7012-10A-01D-2023-01	6	103737976	103762061	45	-1.583
TCGA-DU-7012-10A-01D-2023-01	6	103765470	171051005	44261	0.0021
TCGA-DU-7012-10A-01D-2023-01	7	43355	38310723	27450	-4e-04
TCGA-DU-7012-10A-01D-2023-01	7	38311098	38357323	95	-0.3513
TCGA-DU-7012-10A-01D-2023-01	7	38358227	54380373	11036	0.0034
TCGA-DU-7012-10A-01D-2023-01	7	54386505	54386517	6	-2.5249
TCGA-DU-7012-10A-01D-2023-01	7	54393488	72400581	7486	-0.0094
TCGA-DU-7012-10A-01D-2023-01	7	72401628	72699596	34	-0.6517
TCGA-DU-7012-10A-01D-2023-01	7	72702162	91037972	10657	-0.0033
TCGA-DU-7012-10A-01D-2023-01	7	91038106	91040344	15	-1.1093
TCGA-DU-7012-10A-01D-2023-01	7	91040425	97401932	3985	0.0088
TCGA-DU-7012-10A-01D-2023-01	7	97401959	97404328	10	-0.6906
TCGA-DU-7012-10A-01D-2023-01	7	97404342	118131680	12003	-0.0022
TCGA-DU-7012-10A-01D-2023-01	7	118135741	118161372	16	-0.7236
TCGA-DU-7012-10A-01D-2023-01	7	118164730	119156719	532	-0.0139
TCGA-DU-7012-10A-01D-2023-01	7	119156978	119164509	10	-0.7882
TCGA-DU-7012-10A-01D-2023-01	7	119164586	126775998	4675	0.0041
TCGA-DU-7012-10A-01D-2023-01	7	126776462	126776839	6	-1.1211
TCGA-DU-7012-10A-01D-2023-01	7	126776866	133785340	4185	-0.0029
TCGA-DU-7012-10A-01D-2023-01	7	133785377	133798558	30	0.4295
TCGA-DU-7012-10A-01D-2023-01	7	133798846	141759994	5201	0.0043
TCGA-DU-7012-10A-01D-2023-01	7	141760830	141784457	27	-0.6719
TCGA-DU-7012-10A-01D-2023-01	7	141784496	143227096	972	-0.0108
TCGA-DU-7012-10A-01D-2023-01	7	143227117	143253527	11	-0.7063
TCGA-DU-7012-10A-01D-2023-01	7	143279019	143523208	68	-0.2605
TCGA-DU-7012-10A-01D-2023-01	7	143524206	143547272	15	-0.7645
TCGA-DU-7012-10A-01D-2023-01	7	143568059	143896252	270	-0.0159
TCGA-DU-7012-10A-01D-2023-01	7	143904279	144066947	43	-1.1922
TCGA-DU-7012-10A-01D-2023-01	7	144074929	159127004	9694	-0.009
TCGA-DU-7012-10A-01D-2023-01	8	31254	595875	335	0.0164
TCGA-DU-7012-10A-01D-2023-01	8	595892	595908	2	4.0159
TCGA-DU-7012-10A-01D-2023-01	8	601043	2081212	1152	-0.0111
TCGA-DU-7012-10A-01D-2023-01	8	2081251	2081951	7	-0.6563
TCGA-DU-7012-10A-01D-2023-01	8	2081992	2082077	4	-2.241
TCGA-DU-7012-10A-01D-2023-01	8	2082186	13614732	10990	-0.0048
TCGA-DU-7012-10A-01D-2023-01	8	13614763	13651706	43	-0.7442
TCGA-DU-7012-10A-01D-2023-01	8	13651722	16197191	2354	-8e-04
TCGA-DU-7012-10A-01D-2023-01	8	16206954	16207123	8	-2.1068
TCGA-DU-7012-10A-01D-2023-01	8	16212084	16259612	47	8e-04
TCGA-DU-7012-10A-01D-2023-01	8	16262235	16274661	28	-0.857
TCGA-DU-7012-10A-01D-2023-01	8	16278695	39230659	15941	6e-04
TCGA-DU-7012-10A-01D-2023-01	8	39235603	39386965	59	0.751
TCGA-DU-7012-10A-01D-2023-01	8	39388299	123059831	48938	4e-04
TCGA-DU-7012-10A-01D-2023-01	8	123059879	123060846	9	-0.9482
TCGA-DU-7012-10A-01D-2023-01	8	123061062	146298155	16061	-0.0023
TCGA-DU-7012-10A-01D-2023-01	9	46587	68183978	31671	1e-04
TCGA-DU-7012-10A-01D-2023-01	9	68183981	68188547	9	1.0628
TCGA-DU-7012-10A-01D-2023-01	9	68209916	104884304	23925	-0.0085
TCGA-DU-7012-10A-01D-2023-01	9	104888379	104940961	24	0.3932
TCGA-DU-7012-10A-01D-2023-01	9	104941245	107361710	1758	-0.0067
TCGA-DU-7012-10A-01D-2023-01	9	107363833	107366783	31	-0.6825
TCGA-DU-7012-10A-01D-2023-01	9	107369879	141091394	22521	-0.0042
TCGA-DU-7012-10A-01D-2023-01	X	168477	32972544	20596	-0.0037
TCGA-DU-7012-10A-01D-2023-01	X	32974800	32987615	6	-1.2404
TCGA-DU-7012-10A-01D-2023-01	X	32988258	151505909	62408	0.0017
TCGA-DU-7012-10A-01D-2023-01	X	151510998	151516625	3	-2.4046
TCGA-DU-7012-10A-01D-2023-01	X	151517317	155182354	1592	0.0023
TCGA-DU-7012-10A-01D-2023-01	Y	2650438	2915759	135	-3.2281
TCGA-DU-7012-10A-01D-2023-01	Y	2928908	6091121	729	-2.6154
TCGA-DU-7012-10A-01D-2023-01	Y	6091266	6165783	39	-3.5312
TCGA-DU-7012-10A-01D-2023-01	Y	6172294	6296423	54	-4.3166
TCGA-DU-7012-10A-01D-2023-01	Y	6299046	9759564	1671	-3.3703
TCGA-DU-7012-10A-01D-2023-01	Y	9774614	14183295	259	-3.0173
TCGA-DU-7012-10A-01D-2023-01	Y	14185777	14210634	17	-4.7204
TCGA-DU-7012-10A-01D-2023-01	Y	14215308	15024621	421	-3.149
TCGA-DU-7012-10A-01D-2023-01	Y	15026424	15030817	5	-6.2721
TCGA-DU-7012-10A-01D-2023-01	Y	15032288	15590276	249	-3.2091
TCGA-DU-7012-10A-01D-2023-01	Y	15590342	15594523	3	-7.4227
TCGA-DU-7012-10A-01D-2023-01	Y	15594889	19034392	1826	-3.2708
TCGA-DU-7012-10A-01D-2023-01	Y	19038302	19279765	101	-3.8215
TCGA-DU-7012-10A-01D-2023-01	Y	19283521	19574890	156	-3.194
TCGA-DU-7012-10A-01D-2023-01	Y	19576544	19634459	36	-4.3156
TCGA-DU-7012-10A-01D-2023-01	Y	19636383	19896039	107	-3.3033
TCGA-DU-7012-10A-01D-2023-01	Y	19897152	20283620	163	-4.1461
TCGA-DU-7012-10A-01D-2023-01	Y	20290833	20541292	106	-3.3268
TCGA-DU-7012-10A-01D-2023-01	Y	20543446	20808786	143	-3.929
TCGA-DU-7012-10A-01D-2023-01	Y	20809177	20841873	22	-3.0167
TCGA-DU-7012-10A-01D-2023-01	Y	20842231	21024613	94	-4.2864
TCGA-DU-7012-10A-01D-2023-01	Y	21025062	23981777	1119	-3.3616
TCGA-DU-7012-10A-01D-2023-01	Y	23982659	27274970	651	-3.7054
TCGA-DU-7012-10A-01D-2023-01	Y	27298371	27529084	37	-2.6327
TCGA-DU-7012-10A-01D-2023-01	Y	27535030	27600323	21	-3.9864
TCGA-DU-7012-10A-01D-2023-01	Y	27601827	27720551	37	-2.3868
TCGA-DU-7012-10A-01D-2023-01	Y	27721084	28423938	251	-3.9019
TCGA-DU-7012-10A-01D-2023-01	Y	28438116	59018259	183	-2.9184
