barcode	chromosome	start	stop	num.mark	seg.mean
TCGA-FG-8191-10A-01D-2252-01	1	61735	22301476	12238	0.0101
TCGA-FG-8191-10A-01D-2252-01	1	22301569	22330539	11	0.8334
TCGA-FG-8191-10A-01D-2252-01	1	22337243	25583341	1918	0.0081
TCGA-FG-8191-10A-01D-2252-01	1	25593128	25646689	25	-1.683
TCGA-FG-8191-10A-01D-2252-01	1	25646744	72768916	28873	0.0023
TCGA-FG-8191-10A-01D-2252-01	1	72768936	72811148	45	-1.4805
TCGA-FG-8191-10A-01D-2252-01	1	72811904	104157336	20092	0.0032
TCGA-FG-8191-10A-01D-2252-01	1	104158309	104260239	28	0.3631
TCGA-FG-8191-10A-01D-2252-01	1	104261206	106013376	922	0.0056
TCGA-FG-8191-10A-01D-2252-01	1	106019205	106021381	8	-1.6361
TCGA-FG-8191-10A-01D-2252-01	1	106021627	106022375	9	-2.9836
TCGA-FG-8191-10A-01D-2252-01	1	106024055	110227515	2671	0.0047
TCGA-FG-8191-10A-01D-2252-01	1	110232974	110240178	17	-1.1616
TCGA-FG-8191-10A-01D-2252-01	1	110242953	152759678	10233	0.0224
TCGA-FG-8191-10A-01D-2252-01	1	152761923	152773905	38	0.4745
TCGA-FG-8191-10A-01D-2252-01	1	152776755	169216937	11348	0.0023
TCGA-FG-8191-10A-01D-2252-01	1	169233974	169238558	4	1.1529
TCGA-FG-8191-10A-01D-2252-01	1	169238731	243047556	50421	0.0035
TCGA-FG-8191-10A-01D-2252-01	1	243048740	243084657	55	0.3083
TCGA-FG-8191-10A-01D-2252-01	1	243084694	248737447	3623	0.0261
TCGA-FG-8191-10A-01D-2252-01	1	248749194	248795289	30	-0.8372
TCGA-FG-8191-10A-01D-2252-01	1	248795852	249224388	147	0.0939
TCGA-FG-8191-10A-01D-2252-01	10	72759	49241492	32277	0.0073
TCGA-FG-8191-10A-01D-2252-01	10	49270823	49270978	2	-2.9163
TCGA-FG-8191-10A-01D-2252-01	10	49287591	56445616	4949	0.0052
TCGA-FG-8191-10A-01D-2252-01	10	56452949	56468437	13	1.1342
TCGA-FG-8191-10A-01D-2252-01	10	56472264	67307923	7526	0.0056
TCGA-FG-8191-10A-01D-2252-01	10	67307936	67322795	28	-0.4028
TCGA-FG-8191-10A-01D-2252-01	10	67322926	78252851	6804	0.0032
TCGA-FG-8191-10A-01D-2252-01	10	78257061	78257610	2	1.6581
TCGA-FG-8191-10A-01D-2252-01	10	78261267	89046064	7677	-0.002
TCGA-FG-8191-10A-01D-2252-01	10	89046498	89069796	3	1.5712
TCGA-FG-8191-10A-01D-2252-01	10	89070745	135229141	31699	0.0036
TCGA-FG-8191-10A-01D-2252-01	10	135229719	135229868	2	-2.6874
TCGA-FG-8191-10A-01D-2252-01	10	135232654	135506704	151	0.0291
TCGA-FG-8191-10A-01D-2252-01	11	198510	4967650	2478	0.0151
TCGA-FG-8191-10A-01D-2252-01	11	4968117	4976534	36	0.6166
TCGA-FG-8191-10A-01D-2252-01	11	4976596	5522151	547	0.0168
TCGA-FG-8191-10A-01D-2252-01	11	5522175	5523593	6	-0.7917
TCGA-FG-8191-10A-01D-2252-01	11	5524464	5783923	238	-0.0054
TCGA-FG-8191-10A-01D-2252-01	11	5787405	5809139	33	-0.6044
TCGA-FG-8191-10A-01D-2252-01	11	5809338	18951137	9442	0.0022
TCGA-FG-8191-10A-01D-2252-01	11	18951506	18961178	26	-0.5034
TCGA-FG-8191-10A-01D-2252-01	11	18961281	71467755	30309	0.0049
TCGA-FG-8191-10A-01D-2252-01	11	71477580	71481663	5	-0.9146
TCGA-FG-8191-10A-01D-2252-01	11	71482054	134580314	43760	0.003
TCGA-FG-8191-10A-01D-2252-01	11	134580591	134580976	5	-0.9328
TCGA-FG-8191-10A-01D-2252-01	11	134584801	134944770	298	0.0671
TCGA-FG-8191-10A-01D-2252-01	12	150442	865970	418	0.0815
TCGA-FG-8191-10A-01D-2252-01	12	869109	874029	18	-0.7869
TCGA-FG-8191-10A-01D-2252-01	12	875354	9630556	5770	0.0068
TCGA-FG-8191-10A-01D-2252-01	12	9633870	9734970	27	0.9581
TCGA-FG-8191-10A-01D-2252-01	12	9735686	33385830	16720	0.0088
TCGA-FG-8191-10A-01D-2252-01	12	33386757	33395418	6	-0.9186
TCGA-FG-8191-10A-01D-2252-01	12	33399053	45904438	5578	0.0238
TCGA-FG-8191-10A-01D-2252-01	12	45905840	45909537	3	-2.1969
TCGA-FG-8191-10A-01D-2252-01	12	45913292	133778189	56580	0.0075
TCGA-FG-8191-10A-01D-2252-01	13	19026949	38070044	13573	0.004
TCGA-FG-8191-10A-01D-2252-01	13	38070370	38084757	18	-0.6984
TCGA-FG-8191-10A-01D-2252-01	13	38088330	42651002	3141	0.0049
TCGA-FG-8191-10A-01D-2252-01	13	42656746	42656841	2	-1.1711
TCGA-FG-8191-10A-01D-2252-01	13	42657094	69242255	16337	0.0082
TCGA-FG-8191-10A-01D-2252-01	13	69248299	69249481	7	-1.2097
TCGA-FG-8191-10A-01D-2252-01	13	69250779	69251649	7	0.2796
TCGA-FG-8191-10A-01D-2252-01	13	69251980	69268242	25	-0.8213
TCGA-FG-8191-10A-01D-2252-01	13	69269119	72476988	2066	0.0071
TCGA-FG-8191-10A-01D-2252-01	13	72477555	72480605	5	1.0254
TCGA-FG-8191-10A-01D-2252-01	13	72486483	115108397	29166	0.0048
TCGA-FG-8191-10A-01D-2252-01	14	19002124	19335751	23	0.0527
TCGA-FG-8191-10A-01D-2252-01	14	19382209	19469520	15	0.7674
TCGA-FG-8191-10A-01D-2252-01	14	19541714	19790355	19	-0.0413
TCGA-FG-8191-10A-01D-2252-01	14	19792968	20420151	130	-0.3672
TCGA-FG-8191-10A-01D-2252-01	14	20420239	24431149	2739	0.065
TCGA-FG-8191-10A-01D-2252-01	14	24444829	24488143	26	-0.6113
TCGA-FG-8191-10A-01D-2252-01	14	24488396	41608358	10892	0.0032
TCGA-FG-8191-10A-01D-2252-01	14	41610496	41637815	12	-0.8495
TCGA-FG-8191-10A-01D-2252-01	14	41653977	83328859	26661	8e-04
TCGA-FG-8191-10A-01D-2252-01	14	83330657	83331262	3	-1.2439
TCGA-FG-8191-10A-01D-2252-01	14	83332107	86451911	2124	0.0083
TCGA-FG-8191-10A-01D-2252-01	14	86460626	86490211	38	-0.9956
TCGA-FG-8191-10A-01D-2252-01	14	86490334	106538062	12513	0.0057
TCGA-FG-8191-10A-01D-2252-01	14	106541753	106561441	12	1.0003
TCGA-FG-8191-10A-01D-2252-01	14	106567100	106717356	68	-0.0119
TCGA-FG-8191-10A-01D-2252-01	14	106720594	106727469	7	0.7207
TCGA-FG-8191-10A-01D-2252-01	14	106728162	106751284	10	-0.0874
TCGA-FG-8191-10A-01D-2252-01	14	106753859	106753867	3	1.7487
TCGA-FG-8191-10A-01D-2252-01	14	106754003	106868286	52	0.029
TCGA-FG-8191-10A-01D-2252-01	14	106868554	106918108	54	-0.6657
TCGA-FG-8191-10A-01D-2252-01	14	106918649	107285437	224	0.0356
TCGA-FG-8191-10A-01D-2252-01	15	20016328	20843562	159	0.0574
TCGA-FG-8191-10A-01D-2252-01	15	20847933	22318474	160	-0.3232
TCGA-FG-8191-10A-01D-2252-01	15	22320451	34714123	7502	0.0243
TCGA-FG-8191-10A-01D-2252-01	15	34719795	34830944	72	-0.7175
TCGA-FG-8191-10A-01D-2252-01	15	34855818	102469040	44187	0.0036
TCGA-FG-8191-10A-01D-2252-01	16	60777	15048844	11142	0.0133
TCGA-FG-8191-10A-01D-2252-01	16	15048860	15059677	26	0.4159
TCGA-FG-8191-10A-01D-2252-01	16	15059733	16353166	622	0.0609
TCGA-FG-8191-10A-01D-2252-01	16	16362362	16513638	6	-1.0275
TCGA-FG-8191-10A-01D-2252-01	16	16529591	16786071	34	0.2816
TCGA-FG-8191-10A-01D-2252-01	16	16787094	32113687	8270	0.0188
TCGA-FG-8191-10A-01D-2252-01	16	32113689	32655239	100	-0.2787
TCGA-FG-8191-10A-01D-2252-01	16	32655295	33241953	54	0.0395
TCGA-FG-8191-10A-01D-2252-01	16	33300894	33644022	91	-0.3115
TCGA-FG-8191-10A-01D-2252-01	16	33644292	34567212	266	0.0288
TCGA-FG-8191-10A-01D-2252-01	16	34575707	34657066	55	0.5736
TCGA-FG-8191-10A-01D-2252-01	16	34663450	55796510	6671	-0.0075
TCGA-FG-8191-10A-01D-2252-01	16	55796575	55816646	16	-0.6007
TCGA-FG-8191-10A-01D-2252-01	16	55816705	78371608	14440	0.004
TCGA-FG-8191-10A-01D-2252-01	16	78372440	78381263	14	-2.4537
TCGA-FG-8191-10A-01D-2252-01	16	78383140	90287535	10652	0.0162
TCGA-FG-8191-10A-01D-2252-01	17	526	8242910	4556	0.0159
TCGA-FG-8191-10A-01D-2252-01	17	8247547	8247733	2	-2.6612
TCGA-FG-8191-10A-01D-2252-01	17	8249458	34436532	13843	0.0111
TCGA-FG-8191-10A-01D-2252-01	17	34436708	34477603	37	0.4117
TCGA-FG-8191-10A-01D-2252-01	17	34485091	43655090	4736	-0.0011
TCGA-FG-8191-10A-01D-2252-01	17	43656380	43659426	6	-0.8874
TCGA-FG-8191-10A-01D-2252-01	17	43664693	44177107	349	0.0352
TCGA-FG-8191-10A-01D-2252-01	17	44177458	44362009	112	-0.3689
TCGA-FG-8191-10A-01D-2252-01	17	44362363	44505241	15	0.3472
TCGA-FG-8191-10A-01D-2252-01	17	44523711	44523726	2	2.462
TCGA-FG-8191-10A-01D-2252-01	17	44546329	44788194	39	0.3025
TCGA-FG-8191-10A-01D-2252-01	17	44789285	53469325	5231	0.0061
TCGA-FG-8191-10A-01D-2252-01	17	53473814	53474920	2	1.2186
TCGA-FG-8191-10A-01D-2252-01	17	53475315	53599731	83	-0.0298
TCGA-FG-8191-10A-01D-2252-01	17	53600307	53601679	3	0.9539
TCGA-FG-8191-10A-01D-2252-01	17	53602053	55687489	1690	4e-04
TCGA-FG-8191-10A-01D-2252-01	17	55688333	55688993	2	-1.8211
TCGA-FG-8191-10A-01D-2252-01	17	55691993	59117592	1724	-0.0051
TCGA-FG-8191-10A-01D-2252-01	17	59119811	59128740	4	-0.9683
TCGA-FG-8191-10A-01D-2252-01	17	59129826	67957712	5035	-0.0041
TCGA-FG-8191-10A-01D-2252-01	17	67957797	67957827	2	-1.2301
TCGA-FG-8191-10A-01D-2252-01	17	67959344	74429113	4397	0.0131
TCGA-FG-8191-10A-01D-2252-01	17	74432562	74434875	4	-0.9799
TCGA-FG-8191-10A-01D-2252-01	17	74435359	78628863	2477	0.0158
TCGA-FG-8191-10A-01D-2252-01	17	78629793	78634179	2	1.7448
TCGA-FG-8191-10A-01D-2252-01	17	78634300	81049726	962	0.011
TCGA-FG-8191-10A-01D-2252-01	18	11543	38260490	22857	0.0064
TCGA-FG-8191-10A-01D-2252-01	18	38260606	38265389	13	-0.7729
TCGA-FG-8191-10A-01D-2252-01	18	38268024	51266861	8983	-0.0021
TCGA-FG-8191-10A-01D-2252-01	18	51267097	51267350	5	0.8053
TCGA-FG-8191-10A-01D-2252-01	18	51267392	64888539	9309	0.0041
TCGA-FG-8191-10A-01D-2252-01	18	64890134	64894225	5	-1.4821
TCGA-FG-8191-10A-01D-2252-01	18	64895770	78015057	9671	0.0141
TCGA-FG-8191-10A-01D-2252-01	19	90910	367089	75	0.1144
TCGA-FG-8191-10A-01D-2252-01	19	376382	388950	4	0.8869
TCGA-FG-8191-10A-01D-2252-01	19	389805	15038939	6056	0.0047
TCGA-FG-8191-10A-01D-2252-01	19	15045192	15049299	3	-1.5337
TCGA-FG-8191-10A-01D-2252-01	19	15051287	21814919	3546	0.0184
TCGA-FG-8191-10A-01D-2252-01	19	21815640	21819869	2	-1.6424
TCGA-FG-8191-10A-01D-2252-01	19	21820111	35849187	7141	0.0058
TCGA-FG-8191-10A-01D-2252-01	19	35849221	35861170	21	-0.5392
TCGA-FG-8191-10A-01D-2252-01	19	35861649	43315611	3744	0.009
TCGA-FG-8191-10A-01D-2252-01	19	43321137	43740965	200	0.5906
TCGA-FG-8191-10A-01D-2252-01	19	43753301	59097854	8573	0.0219
TCGA-FG-8191-10A-01D-2252-01	2	12784	296789	182	0.029
TCGA-FG-8191-10A-01D-2252-01	2	296812	296852	2	-2.0634
TCGA-FG-8191-10A-01D-2252-01	2	300879	4203187	2805	0.0171
TCGA-FG-8191-10A-01D-2252-01	2	4203580	4222703	37	0.316
TCGA-FG-8191-10A-01D-2252-01	2	4223167	40990662	25793	0.0063
TCGA-FG-8191-10A-01D-2252-01	2	40990752	40991438	2	1.5057
TCGA-FG-8191-10A-01D-2252-01	2	40991806	52754881	8404	2e-04
TCGA-FG-8191-10A-01D-2252-01	2	52758753	52781295	25	-0.7648
TCGA-FG-8191-10A-01D-2252-01	2	52781326	108440736	30704	0.0064
TCGA-FG-8191-10A-01D-2252-01	2	108446969	108508052	7	0.8484
TCGA-FG-8191-10A-01D-2252-01	2	108520376	138488100	17797	0.0049
TCGA-FG-8191-10A-01D-2252-01	2	138489527	138495247	2	-1.7229
TCGA-FG-8191-10A-01D-2252-01	2	138495892	146862085	5158	0.0064
TCGA-FG-8191-10A-01D-2252-01	2	146864404	146866934	24	0.8983
TCGA-FG-8191-10A-01D-2252-01	2	146877806	164636852	10607	-0.0038
TCGA-FG-8191-10A-01D-2252-01	2	164643488	164645126	5	-0.9011
TCGA-FG-8191-10A-01D-2252-01	2	164646642	167376830	1573	-0.0106
TCGA-FG-8191-10A-01D-2252-01	2	167377808	167377995	2	-1.9446
TCGA-FG-8191-10A-01D-2252-01	2	167382404	213369618	28045	0.0045
TCGA-FG-8191-10A-01D-2252-01	2	213370362	213370702	2	-2.9231
TCGA-FG-8191-10A-01D-2252-01	2	213372988	233235956	12696	0.0011
TCGA-FG-8191-10A-01D-2252-01	2	233235985	233259466	35	0.3011
TCGA-FG-8191-10A-01D-2252-01	2	233260209	243089456	6222	0.0072
TCGA-FG-8191-10A-01D-2252-01	20	61305	1557512	1189	0.0379
TCGA-FG-8191-10A-01D-2252-01	20	1557698	1560999	17	0.3266
TCGA-FG-8191-10A-01D-2252-01	20	1561580	1582207	36	1.4745
TCGA-FG-8191-10A-01D-2252-01	20	1590257	50103857	31874	0.0094
TCGA-FG-8191-10A-01D-2252-01	20	50104081	50104584	3	-1.1126
TCGA-FG-8191-10A-01D-2252-01	20	50104864	62956153	9401	0.0076
TCGA-FG-8191-10A-01D-2252-01	21	10736871	48096957	24427	0.0103
TCGA-FG-8191-10A-01D-2252-01	22	16052528	22468619	3302	0.0318
TCGA-FG-8191-10A-01D-2252-01	22	22473918	22474613	6	-0.9518
TCGA-FG-8191-10A-01D-2252-01	22	22481498	24271745	1284	0.0141
TCGA-FG-8191-10A-01D-2252-01	22	24283016	24330218	25	0.4936
TCGA-FG-8191-10A-01D-2252-01	22	24330269	24344422	7	-0.0228
TCGA-FG-8191-10A-01D-2252-01	22	24350529	24396814	19	-1.6427
TCGA-FG-8191-10A-01D-2252-01	22	24401529	39290920	10833	-8e-04
TCGA-FG-8191-10A-01D-2252-01	22	39295255	39296904	3	1.3233
TCGA-FG-8191-10A-01D-2252-01	22	39299114	40793260	759	0.0208
TCGA-FG-8191-10A-01D-2252-01	22	40794590	40794820	2	-3.6063
TCGA-FG-8191-10A-01D-2252-01	22	40797672	50967032	7180	0.0076
TCGA-FG-8191-10A-01D-2252-01	22	50973108	50973116	5	-0.9959
TCGA-FG-8191-10A-01D-2252-01	22	50973754	51234455	147	0.068
TCGA-FG-8191-10A-01D-2252-01	3	60345	224602	157	0.0158
TCGA-FG-8191-10A-01D-2252-01	3	230022	232800	4	-1.0781
TCGA-FG-8191-10A-01D-2252-01	3	234877	9311871	8039	0.0247
TCGA-FG-8191-10A-01D-2252-01	3	9312207	9312565	4	0.9431
TCGA-FG-8191-10A-01D-2252-01	3	9312753	19614557	6699	0.0056
TCGA-FG-8191-10A-01D-2252-01	3	19618018	19620387	2	-1.3313
TCGA-FG-8191-10A-01D-2252-01	3	19620930	26612110	5177	0.0054
TCGA-FG-8191-10A-01D-2252-01	3	26612164	26614982	10	0.6268
TCGA-FG-8191-10A-01D-2252-01	3	26614984	37977417	7613	0.0016
TCGA-FG-8191-10A-01D-2252-01	3	37982108	37986928	18	-0.7949
TCGA-FG-8191-10A-01D-2252-01	3	37987106	46793377	5548	9e-04
TCGA-FG-8191-10A-01D-2252-01	3	46801817	46847616	38	-0.8965
TCGA-FG-8191-10A-01D-2252-01	3	46849179	68746164	14578	0.0043
TCGA-FG-8191-10A-01D-2252-01	3	68746259	68747413	14	-1.3936
TCGA-FG-8191-10A-01D-2252-01	3	68748758	129786209	34757	0.0018
TCGA-FG-8191-10A-01D-2252-01	3	129786286	129806236	45	-1.122
TCGA-FG-8191-10A-01D-2252-01	3	129806924	162530870	20309	0.0039
TCGA-FG-8191-10A-01D-2252-01	3	162532950	162540009	5	-0.8288
TCGA-FG-8191-10A-01D-2252-01	3	162540473	162540490	2	-2.6264
TCGA-FG-8191-10A-01D-2252-01	3	162545716	162625995	48	-0.2525
TCGA-FG-8191-10A-01D-2252-01	3	162626572	167113205	2507	-1e-04
TCGA-FG-8191-10A-01D-2252-01	3	167114799	167117350	5	-1.024
TCGA-FG-8191-10A-01D-2252-01	3	167118390	189359903	14184	0.0063
TCGA-FG-8191-10A-01D-2252-01	3	189360278	189370988	14	-0.8143
TCGA-FG-8191-10A-01D-2252-01	3	189371014	192877962	2499	0.0029
TCGA-FG-8191-10A-01D-2252-01	3	192878045	192882903	18	1.5859
TCGA-FG-8191-10A-01D-2252-01	3	192886435	195390680	1488	0.0053
TCGA-FG-8191-10A-01D-2252-01	3	195399075	195464507	41	0.4003
TCGA-FG-8191-10A-01D-2252-01	3	195464866	195773777	120	0.0273
TCGA-FG-8191-10A-01D-2252-01	3	195776590	195776864	4	0.9362
TCGA-FG-8191-10A-01D-2252-01	3	195777211	197896118	1054	0.022
TCGA-FG-8191-10A-01D-2252-01	4	12281	10210294	5805	0.0076
TCGA-FG-8191-10A-01D-2252-01	4	10210390	10235268	36	0.5377
TCGA-FG-8191-10A-01D-2252-01	4	10236142	10398318	174	0.0378
TCGA-FG-8191-10A-01D-2252-01	4	10398459	10402746	15	-0.5477
TCGA-FG-8191-10A-01D-2252-01	4	10402764	34779054	16812	0.0016
TCGA-FG-8191-10A-01D-2252-01	4	34786500	34824183	37	-0.6344
TCGA-FG-8191-10A-01D-2252-01	4	34824725	64693940	16601	0.0059
TCGA-FG-8191-10A-01D-2252-01	4	64697469	64716431	30	0.3519
TCGA-FG-8191-10A-01D-2252-01	4	64717026	69374941	2883	0.0016
TCGA-FG-8191-10A-01D-2252-01	4	69374955	69540025	72	0.5745
TCGA-FG-8191-10A-01D-2252-01	4	69551744	70138047	332	0.0214
TCGA-FG-8191-10A-01D-2252-01	4	70143374	70231799	42	-0.5504
TCGA-FG-8191-10A-01D-2252-01	4	70232022	104745571	21053	0.0035
TCGA-FG-8191-10A-01D-2252-01	4	104751630	104751637	5	1.056
TCGA-FG-8191-10A-01D-2252-01	4	104751644	119726006	9029	0.0051
TCGA-FG-8191-10A-01D-2252-01	4	119730080	119734489	2	-1.3538
TCGA-FG-8191-10A-01D-2252-01	4	119735879	130062751	6053	0.0037
TCGA-FG-8191-10A-01D-2252-01	4	130067546	130068160	2	-3.0375
TCGA-FG-8191-10A-01D-2252-01	4	130072563	172369346	26008	0.001
TCGA-FG-8191-10A-01D-2252-01	4	172374884	172377776	12	0.6947
TCGA-FG-8191-10A-01D-2252-01	4	172380371	172987928	395	-0.0074
TCGA-FG-8191-10A-01D-2252-01	4	172989148	172989505	10	-1.5329
TCGA-FG-8191-10A-01D-2252-01	4	172989519	173422522	234	0.0269
TCGA-FG-8191-10A-01D-2252-01	4	173424947	173428643	7	0.8185
TCGA-FG-8191-10A-01D-2252-01	4	173441132	178259934	2868	1e-04
TCGA-FG-8191-10A-01D-2252-01	4	178262454	178262637	2	-1.3713
TCGA-FG-8191-10A-01D-2252-01	4	178262683	191027923	9026	0.0209
TCGA-FG-8191-10A-01D-2252-01	5	15532	46246660	30820	0.0048
TCGA-FG-8191-10A-01D-2252-01	5	46251306	46273502	9	-1.9232
TCGA-FG-8191-10A-01D-2252-01	5	46278212	57321646	5082	-0.0055
TCGA-FG-8191-10A-01D-2252-01	5	57326027	57333533	32	1.6781
TCGA-FG-8191-10A-01D-2252-01	5	57338357	76084216	11023	-5e-04
TCGA-FG-8191-10A-01D-2252-01	5	76086795	76134777	29	0.76
TCGA-FG-8191-10A-01D-2252-01	5	76135810	103851221	15835	0.0017
TCGA-FG-8191-10A-01D-2252-01	5	103860373	103860604	4	-1.7488
TCGA-FG-8191-10A-01D-2252-01	5	103861049	175387859	47604	0.0024
TCGA-FG-8191-10A-01D-2252-01	5	175393612	175460087	11	0.4725
TCGA-FG-8191-10A-01D-2252-01	5	175465689	175469507	2	-2.5842
TCGA-FG-8191-10A-01D-2252-01	5	175470324	180378888	2548	0.0162
TCGA-FG-8191-10A-01D-2252-01	5	180380203	180417911	16	-0.7698
TCGA-FG-8191-10A-01D-2252-01	5	180418103	180790320	172	0.0852
TCGA-FG-8191-10A-01D-2252-01	6	149661	254283	100	0.0198
TCGA-FG-8191-10A-01D-2252-01	6	257353	366333	92	-0.308
TCGA-FG-8191-10A-01D-2252-01	6	373453	19040119	14613	0.0081
TCGA-FG-8191-10A-01D-2252-01	6	19042181	19042818	3	-1.2114
TCGA-FG-8191-10A-01D-2252-01	6	19044702	26732406	5482	0.008
TCGA-FG-8191-10A-01D-2252-01	6	26737032	26766440	24	0.4647
TCGA-FG-8191-10A-01D-2252-01	6	26768569	29837072	1440	0.0085
TCGA-FG-8191-10A-01D-2252-01	6	29837187	29849267	16	0.9657
TCGA-FG-8191-10A-01D-2252-01	6	29850196	31280823	674	0.0141
TCGA-FG-8191-10A-01D-2252-01	6	31286276	31296451	11	0.8693
TCGA-FG-8191-10A-01D-2252-01	6	31309924	48930865	11003	0.0079
TCGA-FG-8191-10A-01D-2252-01	6	48931729	48935200	5	-0.9208
TCGA-FG-8191-10A-01D-2252-01	6	48946563	53931151	3323	-0.0015
TCGA-FG-8191-10A-01D-2252-01	6	53931230	53935415	8	-1.3561
TCGA-FG-8191-10A-01D-2252-01	6	53935698	65336942	4357	0.0099
TCGA-FG-8191-10A-01D-2252-01	6	65347544	65348992	2	-2.454
TCGA-FG-8191-10A-01D-2252-01	6	65350776	65710729	239	-0.0084
TCGA-FG-8191-10A-01D-2252-01	6	65711399	65713792	3	-0.9901
TCGA-FG-8191-10A-01D-2252-01	6	65717384	67031219	884	0.0034
TCGA-FG-8191-10A-01D-2252-01	6	67031287	67043192	21	0.399
TCGA-FG-8191-10A-01D-2252-01	6	67043235	68913675	1386	0.0147
TCGA-FG-8191-10A-01D-2252-01	6	68914628	68922781	8	-0.6304
TCGA-FG-8191-10A-01D-2252-01	6	68927289	77436532	5407	0.0083
TCGA-FG-8191-10A-01D-2252-01	6	77439868	77452689	20	-0.6072
TCGA-FG-8191-10A-01D-2252-01	6	77452757	102699125	15989	0.009
TCGA-FG-8191-10A-01D-2252-01	6	102704126	102705227	2	-1.3854
TCGA-FG-8191-10A-01D-2252-01	6	102706463	104376094	1058	-0.003
TCGA-FG-8191-10A-01D-2252-01	6	104388439	104396904	2	1.273
TCGA-FG-8191-10A-01D-2252-01	6	104398239	123894736	11871	0.0071
TCGA-FG-8191-10A-01D-2252-01	6	123897479	123897553	2	-1.4045
TCGA-FG-8191-10A-01D-2252-01	6	123898205	171051005	31986	0.0086
TCGA-FG-8191-10A-01D-2252-01	7	43355	37391266	26760	0.0114
TCGA-FG-8191-10A-01D-2252-01	7	37395060	37395373	2	-1.5982
TCGA-FG-8191-10A-01D-2252-01	7	37396603	54380373	11832	0.0101
TCGA-FG-8191-10A-01D-2252-01	7	54386505	54386517	6	1.3855
TCGA-FG-8191-10A-01D-2252-01	7	54393488	56756285	1571	0.0153
TCGA-FG-8191-10A-01D-2252-01	7	56757827	56768007	4	-1.6187
TCGA-FG-8191-10A-01D-2252-01	7	56768814	57067592	58	0.11
TCGA-FG-8191-10A-01D-2252-01	7	57068740	57084132	2	1.4839
TCGA-FG-8191-10A-01D-2252-01	7	57116468	70420438	4664	0.0093
TCGA-FG-8191-10A-01D-2252-01	7	70423250	70426141	2	-2.6991
TCGA-FG-8191-10A-01D-2252-01	7	70428243	97395460	15868	0.0079
TCGA-FG-8191-10A-01D-2252-01	7	97395462	97402475	15	-0.719
TCGA-FG-8191-10A-01D-2252-01	7	97404240	101162131	1618	0.0074
TCGA-FG-8191-10A-01D-2252-01	7	101162551	101163394	2	-1.2876
TCGA-FG-8191-10A-01D-2252-01	7	101165033	109410317	4993	0.004
TCGA-FG-8191-10A-01D-2252-01	7	109410342	109453858	59	-0.2325
TCGA-FG-8191-10A-01D-2252-01	7	109453910	142350234	20416	0.0079
TCGA-FG-8191-10A-01D-2252-01	7	142350530	142474939	78	0.2492
TCGA-FG-8191-10A-01D-2252-01	7	142476719	149605780	4427	0.0044
TCGA-FG-8191-10A-01D-2252-01	7	149605790	149633546	8	0.6167
TCGA-FG-8191-10A-01D-2252-01	7	149636504	152827520	1789	0.0176
TCGA-FG-8191-10A-01D-2252-01	7	152829906	152830642	2	-1.3596
TCGA-FG-8191-10A-01D-2252-01	7	152831150	157721803	3504	0.0036
TCGA-FG-8191-10A-01D-2252-01	7	157724448	157724479	2	-1.352
TCGA-FG-8191-10A-01D-2252-01	7	157727292	159127004	878	0.0338
TCGA-FG-8191-10A-01D-2252-01	8	31254	2701934	2123	0.0224
TCGA-FG-8191-10A-01D-2252-01	8	2703533	2703899	7	-1.1889
TCGA-FG-8191-10A-01D-2252-01	8	2707171	5598770	3972	0.0272
TCGA-FG-8191-10A-01D-2252-01	8	5598786	5603900	16	-0.8708
TCGA-FG-8191-10A-01D-2252-01	8	5603914	14509568	7265	0.0252
TCGA-FG-8191-10A-01D-2252-01	8	14510032	14510074	3	-1.8812
TCGA-FG-8191-10A-01D-2252-01	8	14510396	24974443	8467	0.0067
TCGA-FG-8191-10A-01D-2252-01	8	24974476	24984333	26	0.7289
TCGA-FG-8191-10A-01D-2252-01	8	24991104	72212365	27021	0.0054
TCGA-FG-8191-10A-01D-2252-01	8	72215311	72216599	9	-2.4288
TCGA-FG-8191-10A-01D-2252-01	8	72219863	103992590	19145	0.0032
TCGA-FG-8191-10A-01D-2252-01	8	103994911	103997435	3	-1.0981
TCGA-FG-8191-10A-01D-2252-01	8	103998546	112294646	5003	0.0035
TCGA-FG-8191-10A-01D-2252-01	8	112294670	112295260	6	-1.6793
TCGA-FG-8191-10A-01D-2252-01	8	112300281	146298155	22941	0.0045
TCGA-FG-8191-10A-01D-2252-01	9	46587	23361805	20476	0.0137
TCGA-FG-8191-10A-01D-2252-01	9	23363115	23380445	11	0.7992
TCGA-FG-8191-10A-01D-2252-01	9	23380834	31351315	5910	0.0026
TCGA-FG-8191-10A-01D-2252-01	9	31354658	31354659	2	-1.2916
TCGA-FG-8191-10A-01D-2252-01	9	31356441	33007259	1220	0.0041
TCGA-FG-8191-10A-01D-2252-01	9	33007467	33008113	3	1.2517
TCGA-FG-8191-10A-01D-2252-01	9	33008917	141091394	52359	0.0037
TCGA-FG-8191-10A-01D-2252-01	X	168477	112755277	59447	0.0039
TCGA-FG-8191-10A-01D-2252-01	X	112755748	112756326	5	-2.2578
TCGA-FG-8191-10A-01D-2252-01	X	112756531	112954146	127	0.041
TCGA-FG-8191-10A-01D-2252-01	X	112954773	112955597	3	-2.1284
TCGA-FG-8191-10A-01D-2252-01	X	112958295	119868403	4055	0.0046
TCGA-FG-8191-10A-01D-2252-01	X	119868953	119870341	4	-1.7692
TCGA-FG-8191-10A-01D-2252-01	X	119870383	155182354	20872	0.0012
TCGA-FG-8191-10A-01D-2252-01	Y	2650438	59018259	8633	-0.9763
