barcode	chromosome	start	stop	num.mark	seg.mean
TCGA-DU-7298-01A-11D-2023-01	1	51598	12762163	6516	0.0518
TCGA-DU-7298-01A-11D-2023-01	1	12764515	12784839	11	0.5408
TCGA-DU-7298-01A-11D-2023-01	1	12784844	12784924	4	-0.3306
TCGA-DU-7298-01A-11D-2023-01	1	12789677	12849694	25	0.5482
TCGA-DU-7298-01A-11D-2023-01	1	12850443	54207198	23269	0.0705
TCGA-DU-7298-01A-11D-2023-01	1	54207631	54212816	3	-1.8955
TCGA-DU-7298-01A-11D-2023-01	1	54220677	72541504	13106	0.0699
TCGA-DU-7298-01A-11D-2023-01	1	72541524	72581960	38	1.7879
TCGA-DU-7298-01A-11D-2023-01	1	72582019	77547460	3201	0.0772
TCGA-DU-7298-01A-11D-2023-01	1	77547602	77552424	21	-1.031
TCGA-DU-7298-01A-11D-2023-01	1	77554258	81661044	2563	0.0736
TCGA-DU-7298-01A-11D-2023-01	1	81661190	81661193	2	-1.8085
TCGA-DU-7298-01A-11D-2023-01	1	81661255	103904753	14281	0.0738
TCGA-DU-7298-01A-11D-2023-01	1	103910761	104027091	41	0.5774
TCGA-DU-7298-01A-11D-2023-01	1	104041212	105820728	934	0.0637
TCGA-DU-7298-01A-11D-2023-01	1	105820759	105823898	16	-2.8736
TCGA-DU-7298-01A-11D-2023-01	1	105825578	109295670	2309	0.0684
TCGA-DU-7298-01A-11D-2023-01	1	109298377	109299668	15	-0.6183
TCGA-DU-7298-01A-11D-2023-01	1	109305179	109979735	314	0.072
TCGA-DU-7298-01A-11D-2023-01	1	109982828	110029038	31	0.3514
TCGA-DU-7298-01A-11D-2023-01	1	110034497	110041701	16	1.1086
TCGA-DU-7298-01A-11D-2023-01	1	110044476	121184502	7163	0.0768
TCGA-DU-7298-01A-11D-2023-01	1	142718406	142792400	42	-0.4841
TCGA-DU-7298-01A-11D-2023-01	1	143183343	143560909	19	0.5837
TCGA-DU-7298-01A-11D-2023-01	1	143576984	147815337	1299	0.0857
TCGA-DU-7298-01A-11D-2023-01	1	147815350	147884075	3	-1.7389
TCGA-DU-7298-01A-11D-2023-01	1	147884112	150822330	1488	0.0936
TCGA-DU-7298-01A-11D-2023-01	1	150822391	150853218	34	1.1867
TCGA-DU-7298-01A-11D-2023-01	1	150857118	151028881	177	0.0875
TCGA-DU-7298-01A-11D-2023-01	1	151028909	151034905	27	0.8281
TCGA-DU-7298-01A-11D-2023-01	1	151034962	156900391	3394	0.0942
TCGA-DU-7298-01A-11D-2023-01	1	156901685	156903488	4	-0.8889
TCGA-DU-7298-01A-11D-2023-01	1	156903743	167483561	7941	0.0766
TCGA-DU-7298-01A-11D-2023-01	1	167500598	167508390	7	0.8452
TCGA-DU-7298-01A-11D-2023-01	1	167509025	186937678	12838	0.1153
TCGA-DU-7298-01A-11D-2023-01	1	186938055	186938729	2	-1.4958
TCGA-DU-7298-01A-11D-2023-01	1	186939160	192714857	3900	0.0716
TCGA-DU-7298-01A-11D-2023-01	1	192718034	192721641	2	2.193
TCGA-DU-7298-01A-11D-2023-01	1	192723639	194981496	1455	0.0914
TCGA-DU-7298-01A-11D-2023-01	1	194994473	195089940	98	0.3705
TCGA-DU-7298-01A-11D-2023-01	1	195090236	208137685	8811	0.0749
TCGA-DU-7298-01A-11D-2023-01	1	208148236	208148688	2	-2.3879
TCGA-DU-7298-01A-11D-2023-01	1	208150607	220433291	8620	0.0662
TCGA-DU-7298-01A-11D-2023-01	1	220441457	220443627	2	-3.8426
TCGA-DU-7298-01A-11D-2023-01	1	220448757	228723386	5103	0.0676
TCGA-DU-7298-01A-11D-2023-01	1	228723747	228724982	2	-1.6649
TCGA-DU-7298-01A-11D-2023-01	1	228733456	246802698	13223	0.0654
TCGA-DU-7298-01A-11D-2023-01	1	246804070	246875487	36	-0.5866
TCGA-DU-7298-01A-11D-2023-01	1	246875732	246932961	34	0.0717
TCGA-DU-7298-01A-11D-2023-01	1	246933526	246939281	5	-0.8275
TCGA-DU-7298-01A-11D-2023-01	1	246942931	247191011	101	0.0086
TCGA-DU-7298-01A-11D-2023-01	10	62809	1433164	829	0.0404
TCGA-DU-7298-01A-11D-2023-01	10	1433180	1433180	2	-1.7967
TCGA-DU-7298-01A-11D-2023-01	10	1433215	17967560	14045	0.0494
TCGA-DU-7298-01A-11D-2023-01	10	17978214	17989863	2	3.3833
TCGA-DU-7298-01A-11D-2023-01	10	18011822	18213969	13	0.1487
TCGA-DU-7298-01A-11D-2023-01	10	18225129	18239819	3	-1.2599
TCGA-DU-7298-01A-11D-2023-01	10	18263653	24415269	4340	0.0454
TCGA-DU-7298-01A-11D-2023-01	10	24417680	24418060	11	1.5655
TCGA-DU-7298-01A-11D-2023-01	10	24418914	26719787	1627	0.0564
TCGA-DU-7298-01A-11D-2023-01	10	26726161	26729773	6	-6.1113
TCGA-DU-7298-01A-11D-2023-01	10	26731655	47417400	11059	0.0483
TCGA-DU-7298-01A-11D-2023-01	10	47432905	47525233	8	-1.3442
TCGA-DU-7298-01A-11D-2023-01	10	47556577	51492006	1756	0.0521
TCGA-DU-7298-01A-11D-2023-01	10	51492405	51664845	12	0.7411
TCGA-DU-7298-01A-11D-2023-01	10	51670542	66977929	11010	0.0737
TCGA-DU-7298-01A-11D-2023-01	10	66977942	66995459	30	0.3815
TCGA-DU-7298-01A-11D-2023-01	10	66996072	72213477	3586	0.0385
TCGA-DU-7298-01A-11D-2023-01	10	72224388	72224997	4	-1.4264
TCGA-DU-7298-01A-11D-2023-01	10	72228204	81053880	5653	0.032
TCGA-DU-7298-01A-11D-2023-01	10	81053890	81055405	3	-2.1087
TCGA-DU-7298-01A-11D-2023-01	10	81079232	81424899	13	0.0584
TCGA-DU-7298-01A-11D-2023-01	10	81425093	81588035	29	0.7269
TCGA-DU-7298-01A-11D-2023-01	10	81604682	96859053	10239	0.0182
TCGA-DU-7298-01A-11D-2023-01	10	96859064	96859096	4	-2.7017
TCGA-DU-7298-01A-11D-2023-01	10	96859696	135284541	26731	-0.1704
TCGA-DU-7298-01A-11D-2023-01	10	135299347	135356694	5	0.2034
TCGA-DU-7298-01A-11D-2023-01	11	188510	214393	12	0.2437
TCGA-DU-7298-01A-11D-2023-01	11	214676	4923972	2462	-0.0951
TCGA-DU-7298-01A-11D-2023-01	11	4924226	4933390	40	0.714
TCGA-DU-7298-01A-11D-2023-01	11	4933441	15836453	8262	0.0515
TCGA-DU-7298-01A-11D-2023-01	11	15836525	15838275	4	-1.0254
TCGA-DU-7298-01A-11D-2023-01	11	15838464	18897446	1977	0.0723
TCGA-DU-7298-01A-11D-2023-01	11	18905648	18918592	58	0.763
TCGA-DU-7298-01A-11D-2023-01	11	18918709	21803470	2599	0.0644
TCGA-DU-7298-01A-11D-2023-01	11	21804082	21805256	4	-1.2861
TCGA-DU-7298-01A-11D-2023-01	11	21805328	79645161	32585	0.0699
TCGA-DU-7298-01A-11D-2023-01	11	79645196	79645212	2	-2.9937
TCGA-DU-7298-01A-11D-2023-01	11	79645334	89127597	6630	0.0733
TCGA-DU-7298-01A-11D-2023-01	11	89132526	89141614	3	-2.6465
TCGA-DU-7298-01A-11D-2023-01	11	89153876	96280575	4969	0.0563
TCGA-DU-7298-01A-11D-2023-01	11	96283200	96406077	78	-0.6148
TCGA-DU-7298-01A-11D-2023-01	11	96406331	111606822	10552	0.0803
TCGA-DU-7298-01A-11D-2023-01	11	111607392	111608034	2	1.2254
TCGA-DU-7298-01A-11D-2023-01	11	111615882	134078820	16590	0.3065
TCGA-DU-7298-01A-11D-2023-01	11	134079020	134108156	22	0.837
TCGA-DU-7298-01A-11D-2023-01	11	134109202	134449982	283	0.297
TCGA-DU-7298-01A-11D-2023-01	12	20703	736231	418	0.1046
TCGA-DU-7298-01A-11D-2023-01	12	739370	744290	18	-0.8329
TCGA-DU-7298-01A-11D-2023-01	12	745615	10474634	6422	0.0874
TCGA-DU-7298-01A-11D-2023-01	12	10478062	10487987	5	-1.1386
TCGA-DU-7298-01A-11D-2023-01	12	10490069	15459190	3586	0.05
TCGA-DU-7298-01A-11D-2023-01	12	15460113	15464910	5	-0.8777
TCGA-DU-7298-01A-11D-2023-01	12	15466404	27537259	8208	0.0607
TCGA-DU-7298-01A-11D-2023-01	12	27539008	27542629	28	-0.7798
TCGA-DU-7298-01A-11D-2023-01	12	27548428	31797939	3152	0.0679
TCGA-DU-7298-01A-11D-2023-01	12	31798541	31801175	4	-1.1674
TCGA-DU-7298-01A-11D-2023-01	12	31808487	55263835	12985	0.081
TCGA-DU-7298-01A-11D-2023-01	12	55267965	76644962	13544	0.3639
TCGA-DU-7298-01A-11D-2023-01	12	76650645	98315945	13878	-0.1055
TCGA-DU-7298-01A-11D-2023-01	12	98319424	98320458	11	-0.7706
TCGA-DU-7298-01A-11D-2023-01	12	98320460	98322486	16	-0.1499
TCGA-DU-7298-01A-11D-2023-01	12	98322657	98322851	3	-1.2295
TCGA-DU-7298-01A-11D-2023-01	12	98322865	127132064	19062	-0.0766
TCGA-DU-7298-01A-11D-2023-01	12	127138524	132288262	3698	0.371
TCGA-DU-7298-01A-11D-2023-01	13	17924949	36969135	13564	0.0576
TCGA-DU-7298-01A-11D-2023-01	13	36970036	36982757	16	0.6267
TCGA-DU-7298-01A-11D-2023-01	13	36986330	37950811	700	0.0819
TCGA-DU-7298-01A-11D-2023-01	13	37955572	37956056	2	1.3363
TCGA-DU-7298-01A-11D-2023-01	13	37963057	46823201	6158	0.0739
TCGA-DU-7298-01A-11D-2023-01	13	46826851	56649097	5648	-0.5703
TCGA-DU-7298-01A-11D-2023-01	13	56656271	56676381	34	-1.7817
TCGA-DU-7298-01A-11D-2023-01	13	56687715	114126499	37995	-0.589
TCGA-DU-7298-01A-11D-2023-01	14	18072124	18674114	44	0.0859
TCGA-DU-7298-01A-11D-2023-01	14	18677007	18866184	16	-0.454
TCGA-DU-7298-01A-11D-2023-01	14	18871755	19227683	21	0.23
TCGA-DU-7298-01A-11D-2023-01	14	19270023	19495700	112	-0.2662
TCGA-DU-7298-01A-11D-2023-01	14	19495751	20419357	711	0.0847
TCGA-DU-7298-01A-11D-2023-01	14	20422939	20479821	22	-0.6553
TCGA-DU-7298-01A-11D-2023-01	14	20483195	34771000	9203	0.1495
TCGA-DU-7298-01A-11D-2023-01	14	34772447	34772806	2	-1.4609
TCGA-DU-7298-01A-11D-2023-01	14	34773272	40678108	3702	0.1335
TCGA-DU-7298-01A-11D-2023-01	14	40680246	40723727	13	-0.557
TCGA-DU-7298-01A-11D-2023-01	14	40726999	61283201	12986	0.0753
TCGA-DU-7298-01A-11D-2023-01	14	61289758	85392037	15637	-0.5921
TCGA-DU-7298-01A-11D-2023-01	14	85394740	85395119	3	-3.3101
TCGA-DU-7298-01A-11D-2023-01	14	85396144	87631051	1456	-0.5893
TCGA-DU-7298-01A-11D-2023-01	14	87637670	87637904	2	-3.4773
TCGA-DU-7298-01A-11D-2023-01	14	87640992	105601732	11077	-0.6106
TCGA-DU-7298-01A-11D-2023-01	14	105605189	105626966	13	0.3977
TCGA-DU-7298-01A-11D-2023-01	14	105631782	105786534	69	-0.3586
TCGA-DU-7298-01A-11D-2023-01	14	105788401	105794399	6	-1.3938
TCGA-DU-7298-01A-11D-2023-01	14	105794561	105930103	61	-0.4655
TCGA-DU-7298-01A-11D-2023-01	14	105934561	105945406	9	-1.5222
TCGA-DU-7298-01A-11D-2023-01	14	105950876	106005329	57	-0.1451
TCGA-DU-7298-01A-11D-2023-01	14	106005593	106216609	121	-0.5935
TCGA-DU-7298-01A-11D-2023-01	14	106223315	106224218	7	-0.2449
TCGA-DU-7298-01A-11D-2023-01	14	106231370	106247258	14	0.3644
TCGA-DU-7298-01A-11D-2023-01	14	106248976	106356482	76	-0.5624
TCGA-DU-7298-01A-11D-2023-01	15	18276341	18841465	99	0.0099
TCGA-DU-7298-01A-11D-2023-01	15	18841466	18846971	18	0.6563
TCGA-DU-7298-01A-11D-2023-01	15	18850041	19438545	164	-0.1755
TCGA-DU-7298-01A-11D-2023-01	15	19451059	19456985	5	-1.4355
TCGA-DU-7298-01A-11D-2023-01	15	19458335	25592218	3528	0.0371
TCGA-DU-7298-01A-11D-2023-01	15	25593092	25601401	13	-1.1433
TCGA-DU-7298-01A-11D-2023-01	15	25602389	27734418	1005	0.0759
TCGA-DU-7298-01A-11D-2023-01	15	27734652	27735154	2	-2.0703
TCGA-DU-7298-01A-11D-2023-01	15	27735358	28567955	369	0.0872
TCGA-DU-7298-01A-11D-2023-01	15	28579861	28688170	7	-0.8089
TCGA-DU-7298-01A-11D-2023-01	15	28700879	60245545	20613	0.073
TCGA-DU-7298-01A-11D-2023-01	15	60248391	60254283	10	-1.1014
TCGA-DU-7298-01A-11D-2023-01	15	60254798	63601155	1974	0.0818
TCGA-DU-7298-01A-11D-2023-01	15	63603995	63605440	3	-2.5164
TCGA-DU-7298-01A-11D-2023-01	15	63609587	74665417	6547	0.0997
TCGA-DU-7298-01A-11D-2023-01	15	74678296	74682830	22	1.1093
TCGA-DU-7298-01A-11D-2023-01	15	74689234	82619355	4616	0.1522
TCGA-DU-7298-01A-11D-2023-01	15	82652350	82706129	3	1.2912
TCGA-DU-7298-01A-11D-2023-01	15	82706277	84393658	1022	0.0857
TCGA-DU-7298-01A-11D-2023-01	15	84396984	84397594	2	-1.3351
TCGA-DU-7298-01A-11D-2023-01	15	84398449	85694255	1133	0.076
TCGA-DU-7298-01A-11D-2023-01	15	85696599	85707205	11	-0.1116
TCGA-DU-7298-01A-11D-2023-01	15	85707235	85711226	27	-0.8852
TCGA-DU-7298-01A-11D-2023-01	15	85714553	100286563	10866	0.1713
TCGA-DU-7298-01A-11D-2023-01	16	777	19851864	13520	0.0666
TCGA-DU-7298-01A-11D-2023-01	16	19853151	19873376	28	-0.9519
TCGA-DU-7298-01A-11D-2023-01	16	19874863	32021183	6531	0.0536
TCGA-DU-7298-01A-11D-2023-01	16	32021186	33539331	245	0.3391
TCGA-DU-7298-01A-11D-2023-01	16	33550900	54374147	7000	0.0439
TCGA-DU-7298-01A-11D-2023-01	16	54374206	54379945	4	1.5049
TCGA-DU-7298-01A-11D-2023-01	16	54387058	60210889	3632	0.0678
TCGA-DU-7298-01A-11D-2023-01	16	60215854	60223309	2	-2.0393
TCGA-DU-7298-01A-11D-2023-01	16	60226708	75355973	9253	0.0654
TCGA-DU-7298-01A-11D-2023-01	16	75356010	75363929	3	-1.748
TCGA-DU-7298-01A-11D-2023-01	16	75366053	84711515	9717	0.0433
TCGA-DU-7298-01A-11D-2023-01	16	84715016	84716503	3	-1.5533
TCGA-DU-7298-01A-11D-2023-01	16	84716871	88815036	2538	0.0379
TCGA-DU-7298-01A-11D-2023-01	17	526	484693	255	0.5149
TCGA-DU-7298-01A-11D-2023-01	17	505908	506011	2	-1.1041
TCGA-DU-7298-01A-11D-2023-01	17	506351	933990	239	0.5255
TCGA-DU-7298-01A-11D-2023-01	17	945452	18260587	10940	0.0591
TCGA-DU-7298-01A-11D-2023-01	17	18296117	18405946	29	0.7962
TCGA-DU-7298-01A-11D-2023-01	17	18409922	18487158	16	0.2659
TCGA-DU-7298-01A-11D-2023-01	17	18490793	32025643	7016	-0.5736
TCGA-DU-7298-01A-11D-2023-01	17	32031694	35251003	1653	0.0876
TCGA-DU-7298-01A-11D-2023-01	17	35252608	36675234	774	-0.5561
TCGA-DU-7298-01A-11D-2023-01	17	36676540	36684057	24	2.0618
TCGA-DU-7298-01A-11D-2023-01	17	36686250	38336541	882	-0.548
TCGA-DU-7298-01A-11D-2023-01	17	38337262	39718033	731	0.0907
TCGA-DU-7298-01A-11D-2023-01	17	39718485	39722103	2	-1.6753
TCGA-DU-7298-01A-11D-2023-01	17	39726327	41553381	917	0.0917
TCGA-DU-7298-01A-11D-2023-01	17	41553424	41797224	112	-0.1889
TCGA-DU-7298-01A-11D-2023-01	17	41811751	75605823	20296	0.0837
TCGA-DU-7298-01A-11D-2023-01	17	75607691	75609905	2	-2.6903
TCGA-DU-7298-01A-11D-2023-01	17	75611375	76728036	621	0.0977
TCGA-DU-7298-01A-11D-2023-01	17	76743361	76743696	5	-1.0856
TCGA-DU-7298-01A-11D-2023-01	17	76746508	77006966	91	0.1328
TCGA-DU-7298-01A-11D-2023-01	17	77006987	77007267	7	0.7116
TCGA-DU-7298-01A-11D-2023-01	17	77007281	78643088	627	0.1085
TCGA-DU-7298-01A-11D-2023-01	18	1543	11435963	8429	0.0462
TCGA-DU-7298-01A-11D-2023-01	18	11435966	11436201	2	-2.0504
TCGA-DU-7298-01A-11D-2023-01	18	11436245	14078044	1624	0.0494
TCGA-DU-7298-01A-11D-2023-01	18	14078881	14080993	3	-1.2284
TCGA-DU-7298-01A-11D-2023-01	18	14081511	29779207	8463	0.0641
TCGA-DU-7298-01A-11D-2023-01	18	29786291	29790461	2	-1.106
TCGA-DU-7298-01A-11D-2023-01	18	29790963	36512703	4318	0.0567
TCGA-DU-7298-01A-11D-2023-01	18	36512725	36519375	19	0.4875
TCGA-DU-7298-01A-11D-2023-01	18	36519387	45248903	5830	0.0567
TCGA-DU-7298-01A-11D-2023-01	18	45251724	45257350	3	-1.1106
TCGA-DU-7298-01A-11D-2023-01	18	45263465	61913280	11738	0.0578
TCGA-DU-7298-01A-11D-2023-01	18	61918120	61918902	3	-2.6431
TCGA-DU-7298-01A-11D-2023-01	18	61926575	76116029	10384	0.0519
TCGA-DU-7298-01A-11D-2023-01	19	41910	65299	3	-0.2971
TCGA-DU-7298-01A-11D-2023-01	19	183496	32845058	11312	0.3021
TCGA-DU-7298-01A-11D-2023-01	19	32845353	38057132	3833	-0.0297
TCGA-DU-7298-01A-11D-2023-01	19	38057270	56402849	9432	-0.5583
TCGA-DU-7298-01A-11D-2023-01	19	56404021	56412296	6	-2.5502
TCGA-DU-7298-01A-11D-2023-01	19	56418425	63789666	4675	-0.5518
TCGA-DU-7298-01A-11D-2023-01	2	2784	8483073	6651	0.0324
TCGA-DU-7298-01A-11D-2023-01	2	8484138	8484393	3	-2.1523
TCGA-DU-7298-01A-11D-2023-01	2	8484965	24534452	11354	0.058
TCGA-DU-7298-01A-11D-2023-01	2	24536609	24539945	2	-1.4775
TCGA-DU-7298-01A-11D-2023-01	2	24540440	26226628	808	0.0766
TCGA-DU-7298-01A-11D-2023-01	2	26230008	26232165	3	-0.893
TCGA-DU-7298-01A-11D-2023-01	2	26232251	27293255	542	0.0471
TCGA-DU-7298-01A-11D-2023-01	2	27294806	27295004	3	-1.2228
TCGA-DU-7298-01A-11D-2023-01	2	27295408	34544573	4736	0.0501
TCGA-DU-7298-01A-11D-2023-01	2	34552819	34570274	17	0.5399
TCGA-DU-7298-01A-11D-2023-01	2	34570440	34590561	29	0.9907
TCGA-DU-7298-01A-11D-2023-01	2	34591060	55762443	15399	0.0683
TCGA-DU-7298-01A-11D-2023-01	2	55768294	55792083	12	0.8305
TCGA-DU-7298-01A-11D-2023-01	2	55792251	180126578	71812	0.0659
TCGA-DU-7298-01A-11D-2023-01	2	180126633	180130151	26	-0.7867
TCGA-DU-7298-01A-11D-2023-01	2	180130366	242738129	38591	0.0721
TCGA-DU-7298-01A-11D-2023-01	20	9305	1508999	1207	0.2149
TCGA-DU-7298-01A-11D-2023-01	20	1509580	1530207	36	1.7348
TCGA-DU-7298-01A-11D-2023-01	20	1538257	28034214	18815	0.3169
TCGA-DU-7298-01A-11D-2023-01	20	28042184	62386512	22417	0.0511
TCGA-DU-7298-01A-11D-2023-01	20	62425139	62426597	5	1.035
TCGA-DU-7298-01A-11D-2023-01	21	9758742	13375624	132	0.1008
TCGA-DU-7298-01A-11D-2023-01	21	13378287	13471836	16	-0.5529
TCGA-DU-7298-01A-11D-2023-01	21	13482581	14616454	523	0.0212
TCGA-DU-7298-01A-11D-2023-01	21	14618913	14619309	4	-1.024
TCGA-DU-7298-01A-11D-2023-01	21	14619620	19364525	3381	0.0452
TCGA-DU-7298-01A-11D-2023-01	21	19370157	19370187	2	-2.205
TCGA-DU-7298-01A-11D-2023-01	21	19370336	46921385	20342	0.0401
TCGA-DU-7298-01A-11D-2023-01	22	14432528	17274940	1253	0.0274
TCGA-DU-7298-01A-11D-2023-01	22	17275142	17659641	246	-0.3221
TCGA-DU-7298-01A-11D-2023-01	22	17662764	17878071	133	0.0903
TCGA-DU-7298-01A-11D-2023-01	22	17878687	19872615	1219	-0.2642
TCGA-DU-7298-01A-11D-2023-01	22	19897231	20051720	10	0.7051
TCGA-DU-7298-01A-11D-2023-01	22	20055998	22667949	1753	-0.2689
TCGA-DU-7298-01A-11D-2023-01	22	22674422	22726814	20	0.3699
TCGA-DU-7298-01A-11D-2023-01	22	22731529	49530719	18835	-0.3318
TCGA-DU-7298-01A-11D-2023-01	22	49530734	49581321	15	0.0395
TCGA-DU-7298-01A-11D-2023-01	3	35345	29618072	22169	0.0628
TCGA-DU-7298-01A-11D-2023-01	3	29618532	29618795	2	-2.1075
TCGA-DU-7298-01A-11D-2023-01	3	29619692	68828949	25672	0.0738
TCGA-DU-7298-01A-11D-2023-01	3	68828974	68830103	13	-1.8007
TCGA-DU-7298-01A-11D-2023-01	3	68831448	75651239	4934	0.0675
TCGA-DU-7298-01A-11D-2023-01	3	75655239	75669495	6	-1.52
TCGA-DU-7298-01A-11D-2023-01	3	75677871	121689105	24197	0.0838
TCGA-DU-7298-01A-11D-2023-01	3	121689317	131243312	5580	-0.322
TCGA-DU-7298-01A-11D-2023-01	3	131243814	131293903	60	0.3079
TCGA-DU-7298-01A-11D-2023-01	3	131293929	133189386	1163	-0.2852
TCGA-DU-7298-01A-11D-2023-01	3	133190847	133200664	4	-1.9547
TCGA-DU-7298-01A-11D-2023-01	3	133200903	133471328	261	-0.3268
TCGA-DU-7298-01A-11D-2023-01	3	133471554	133478374	8	0.5256
TCGA-DU-7298-01A-11D-2023-01	3	133483167	147116096	8431	-0.2984
TCGA-DU-7298-01A-11D-2023-01	3	147124612	147124624	2	-2.4094
TCGA-DU-7298-01A-11D-2023-01	3	147125055	164028410	10400	-0.3004
TCGA-DU-7298-01A-11D-2023-01	3	164028923	164106591	45	0.2335
TCGA-DU-7298-01A-11D-2023-01	3	164108674	164109297	4	-2.0154
TCGA-DU-7298-01A-11D-2023-01	3	164111308	164197211	70	-0.4103
TCGA-DU-7298-01A-11D-2023-01	3	164200421	164202256	2	-3.8554
TCGA-DU-7298-01A-11D-2023-01	3	164208853	199380515	21813	-0.2874
TCGA-DU-7298-01A-11D-2023-01	4	2281	9809756	5778	0.0683
TCGA-DU-7298-01A-11D-2023-01	4	9809816	9840596	52	0.364
TCGA-DU-7298-01A-11D-2023-01	4	9843312	34464416	16994	0.0656
TCGA-DU-7298-01A-11D-2023-01	4	34466911	34501120	32	0.7811
TCGA-DU-7298-01A-11D-2023-01	4	34506267	68943659	19473	0.0709
TCGA-DU-7298-01A-11D-2023-01	4	68964800	69234339	90	0.615
TCGA-DU-7298-01A-11D-2023-01	4	69378740	70424305	490	-0.0275
TCGA-DU-7298-01A-11D-2023-01	4	70424450	70425368	2	-2.6188
TCGA-DU-7298-01A-11D-2023-01	4	70426477	73634782	1756	0.0754
TCGA-DU-7298-01A-11D-2023-01	4	73638298	73644176	12	-0.8589
TCGA-DU-7298-01A-11D-2023-01	4	73645567	87195415	8573	0.0742
TCGA-DU-7298-01A-11D-2023-01	4	87195468	87196030	12	-0.4237
TCGA-DU-7298-01A-11D-2023-01	4	87198171	87198968	6	-1.2699
TCGA-DU-7298-01A-11D-2023-01	4	87199113	108286291	12452	0.0785
TCGA-DU-7298-01A-11D-2023-01	4	108287684	108291337	10	-0.5287
TCGA-DU-7298-01A-11D-2023-01	4	108292956	115393149	4428	0.0722
TCGA-DU-7298-01A-11D-2023-01	4	115394772	115403678	24	0.9412
TCGA-DU-7298-01A-11D-2023-01	4	115403701	148193245	19414	0.0691
TCGA-DU-7298-01A-11D-2023-01	4	148194362	148199254	4	-1.5429
TCGA-DU-7298-01A-11D-2023-01	4	148199599	155113463	4132	0.0754
TCGA-DU-7298-01A-11D-2023-01	4	155126278	155126619	2	-3.0983
TCGA-DU-7298-01A-11D-2023-01	4	155129083	157187630	1398	0.0859
TCGA-DU-7298-01A-11D-2023-01	4	157187733	157187748	2	-1.9448
TCGA-DU-7298-01A-11D-2023-01	4	157187923	172605106	9773	0.0877
TCGA-DU-7298-01A-11D-2023-01	4	172605921	172614351	13	1.0969
TCGA-DU-7298-01A-11D-2023-01	4	172616946	190547728	12222	0.0563
TCGA-DU-7298-01A-11D-2023-01	4	190554025	191261904	313	-0.3328
TCGA-DU-7298-01A-11D-2023-01	5	68532	712468	295	0.0436
TCGA-DU-7298-01A-11D-2023-01	5	712605	878653	70	0.4751
TCGA-DU-7298-01A-11D-2023-01	5	886628	12886857	9865	0.0375
TCGA-DU-7298-01A-11D-2023-01	5	12890978	12891533	2	-1.4047
TCGA-DU-7298-01A-11D-2023-01	5	12902201	46287063	20560	0.0656
TCGA-DU-7298-01A-11D-2023-01	5	46306765	46309259	8	1.0782
TCGA-DU-7298-01A-11D-2023-01	5	46313969	55701247	3899	0.06
TCGA-DU-7298-01A-11D-2023-01	5	55702224	55703047	3	-2.7525
TCGA-DU-7298-01A-11D-2023-01	5	55703062	55919440	192	0.0852
TCGA-DU-7298-01A-11D-2023-01	5	55922709	55925316	4	-0.704
TCGA-DU-7298-01A-11D-2023-01	5	55925529	57362037	985	0.0807
TCGA-DU-7298-01A-11D-2023-01	5	57364872	57366076	10	-0.98
TCGA-DU-7298-01A-11D-2023-01	5	57366091	175320465	74440	0.072
TCGA-DU-7298-01A-11D-2023-01	5	175326218	175583090	76	0.5737
TCGA-DU-7298-01A-11D-2023-01	5	175593730	180311494	2483	0.0818
TCGA-DU-7298-01A-11D-2023-01	5	180312809	180350517	16	1.0674
TCGA-DU-7298-01A-11D-2023-01	5	180350709	180722926	171	0.0221
TCGA-DU-7298-01A-11D-2023-01	6	94661	199283	101	0.0011
TCGA-DU-7298-01A-11D-2023-01	6	202353	247306	24	0.5511
TCGA-DU-7298-01A-11D-2023-01	6	248017	13948826	10802	0.0643
TCGA-DU-7298-01A-11D-2023-01	6	13951916	13959876	4	-1.1518
TCGA-DU-7298-01A-11D-2023-01	6	13961139	19150797	3863	0.0804
TCGA-DU-7298-01A-11D-2023-01	6	19152681	19152877	6	1.8714
TCGA-DU-7298-01A-11D-2023-01	6	19158721	25776610	4800	0.0773
TCGA-DU-7298-01A-11D-2023-01	6	25778804	25778925	2	-1.5278
TCGA-DU-7298-01A-11D-2023-01	6	25779825	26836838	665	0.0662
TCGA-DU-7298-01A-11D-2023-01	6	26840370	26866009	18	0.5591
TCGA-DU-7298-01A-11D-2023-01	6	26870366	29945051	1449	0.086
TCGA-DU-7298-01A-11D-2023-01	6	29945166	29982787	24	1.5471
TCGA-DU-7298-01A-11D-2023-01	6	29984938	31385665	660	0.1154
TCGA-DU-7298-01A-11D-2023-01	6	31388802	31395201	6	0.86
TCGA-DU-7298-01A-11D-2023-01	6	31395480	31456179	54	0.1856
TCGA-DU-7298-01A-11D-2023-01	6	31456449	31456627	3	1.4191
TCGA-DU-7298-01A-11D-2023-01	6	31459014	32557028	455	0.116
TCGA-DU-7298-01A-11D-2023-01	6	32557501	32562501	5	-1.3363
TCGA-DU-7298-01A-11D-2023-01	6	32564661	32626747	19	0.2982
TCGA-DU-7298-01A-11D-2023-01	6	32635262	32644376	4	-1.6233
TCGA-DU-7298-01A-11D-2023-01	6	32646557	32717405	34	0.0728
TCGA-DU-7298-01A-11D-2023-01	6	32732282	32734596	6	-1.361
TCGA-DU-7298-01A-11D-2023-01	6	32758590	57438842	15780	0.0867
TCGA-DU-7298-01A-11D-2023-01	6	57445685	58178610	296	-0.2662
TCGA-DU-7298-01A-11D-2023-01	6	58179336	58882675	255	0.021
TCGA-DU-7298-01A-11D-2023-01	6	61944399	77493251	9701	-0.3446
TCGA-DU-7298-01A-11D-2023-01	6	77496587	77524650	23	0.2275
TCGA-DU-7298-01A-11D-2023-01	6	77525185	79019608	977	-0.3713
TCGA-DU-7298-01A-11D-2023-01	6	79025784	79091746	109	0.3542
TCGA-DU-7298-01A-11D-2023-01	6	79091893	103844669	15469	-0.3495
TCGA-DU-7298-01A-11D-2023-01	6	103844732	103872163	45	0.3414
TCGA-DU-7298-01A-11D-2023-01	6	103872363	128349942	14983	-0.3522
TCGA-DU-7298-01A-11D-2023-01	6	128350190	128350196	2	-4.1168
TCGA-DU-7298-01A-11D-2023-01	6	128353172	143009942	9561	-0.3584
TCGA-DU-7298-01A-11D-2023-01	6	143011478	143014610	6	-2.2992
TCGA-DU-7298-01A-11D-2023-01	6	143016952	153999063	7646	-0.3618
TCGA-DU-7298-01A-11D-2023-01	6	154002479	154003112	2	-3.1511
TCGA-DU-7298-01A-11D-2023-01	6	154003592	154963764	717	-0.3522
TCGA-DU-7298-01A-11D-2023-01	6	154965407	154966149	2	-2.391
TCGA-DU-7298-01A-11D-2023-01	6	154966510	165644042	7595	-0.3622
TCGA-DU-7298-01A-11D-2023-01	6	165651516	165651918	2	-2.8962
TCGA-DU-7298-01A-11D-2023-01	6	165654642	170756674	3600	-0.3943
TCGA-DU-7298-01A-11D-2023-01	6	170759956	170892930	6	0.2442
TCGA-DU-7298-01A-11D-2023-01	7	52911	6422392	3292	0.0474
TCGA-DU-7298-01A-11D-2023-01	7	6428728	6429171	3	-1.4058
TCGA-DU-7298-01A-11D-2023-01	7	6429576	8730476	1742	0.09
TCGA-DU-7298-01A-11D-2023-01	7	8730771	8739217	4	-1.1164
TCGA-DU-7298-01A-11D-2023-01	7	8744072	70058374	39838	0.0737
TCGA-DU-7298-01A-11D-2023-01	7	70061186	70064077	2	-3.3294
TCGA-DU-7298-01A-11D-2023-01	7	70066179	91046078	12002	0.0698
TCGA-DU-7298-01A-11D-2023-01	7	91056820	91056899	2	-2.0187
TCGA-DU-7298-01A-11D-2023-01	7	91057068	103322487	6611	0.0673
TCGA-DU-7298-01A-11D-2023-01	7	103325464	103325638	4	-1.0031
TCGA-DU-7298-01A-11D-2023-01	7	103329909	105676497	1647	0.0671
TCGA-DU-7298-01A-11D-2023-01	7	105677142	105677534	2	-1.8892
TCGA-DU-7298-01A-11D-2023-01	7	105687471	109221034	2238	0.091
TCGA-DU-7298-01A-11D-2023-01	7	109224328	109229015	27	0.5413
TCGA-DU-7298-01A-11D-2023-01	7	109229045	133435751	14758	0.0786
TCGA-DU-7298-01A-11D-2023-01	7	133435849	133446174	24	0.5292
TCGA-DU-7298-01A-11D-2023-01	7	133446205	142154515	5703	0.083
TCGA-DU-7298-01A-11D-2023-01	7	142156294	142165422	25	0.7994
TCGA-DU-7298-01A-11D-2023-01	7	142165554	142193653	16	0.389
TCGA-DU-7298-01A-11D-2023-01	7	142209804	143504885	824	0.0647
TCGA-DU-7298-01A-11D-2023-01	7	143527185	143697880	44	-0.4792
TCGA-DU-7298-01A-11D-2023-01	7	143705862	149270799	3529	0.0617
TCGA-DU-7298-01A-11D-2023-01	7	149270845	149272952	2	-2.6569
TCGA-DU-7298-01A-11D-2023-01	7	149272966	154018058	2912	0.0897
TCGA-DU-7298-01A-11D-2023-01	7	154020828	154034945	10	0.7726
TCGA-DU-7298-01A-11D-2023-01	7	154035092	158819765	3239	0.0593
TCGA-DU-7298-01A-11D-2023-01	8	21254	36398	2	1.2656
TCGA-DU-7298-01A-11D-2023-01	8	102796	583041	325	-0.0714
TCGA-DU-7298-01A-11D-2023-01	8	584944	585875	8	1.063
TCGA-DU-7298-01A-11D-2023-01	8	585892	585908	2	3.9716
TCGA-DU-7298-01A-11D-2023-01	8	591043	2235234	1310	-0.1158
TCGA-DU-7298-01A-11D-2023-01	8	2242045	2246765	12	-2.4795
TCGA-DU-7298-01A-11D-2023-01	8	2257735	7903572	6358	-0.0861
TCGA-DU-7298-01A-11D-2023-01	8	7973265	8011033	16	0.6531
TCGA-DU-7298-01A-11D-2023-01	8	8015379	13526256	4271	-0.0411
TCGA-DU-7298-01A-11D-2023-01	8	13526448	13532061	14	-0.4828
TCGA-DU-7298-01A-11D-2023-01	8	13532152	25028104	9503	0.0691
TCGA-DU-7298-01A-11D-2023-01	8	25030360	25040073	24	0.5823
TCGA-DU-7298-01A-11D-2023-01	8	25040140	25614835	439	0.0435
TCGA-DU-7298-01A-11D-2023-01	8	25621199	25643559	13	0.5286
TCGA-DU-7298-01A-11D-2023-01	8	25650193	32798408	5001	0.0552
TCGA-DU-7298-01A-11D-2023-01	8	32802640	32807955	6	1.9492
TCGA-DU-7298-01A-11D-2023-01	8	32811648	39345506	3577	0.0389
TCGA-DU-7298-01A-11D-2023-01	8	39349340	39504126	60	0.9422
TCGA-DU-7298-01A-11D-2023-01	8	39504351	58280040	9195	0.0544
TCGA-DU-7298-01A-11D-2023-01	8	58280606	58292579	3	-1.4029
TCGA-DU-7298-01A-11D-2023-01	8	58295352	65409538	4677	0.0905
TCGA-DU-7298-01A-11D-2023-01	8	65410099	65420057	10	-0.8896
TCGA-DU-7298-01A-11D-2023-01	8	65421657	68710223	1658	0.0744
TCGA-DU-7298-01A-11D-2023-01	8	68710686	68710954	6	-0.6357
TCGA-DU-7298-01A-11D-2023-01	8	68711045	112363642	26487	0.0731
TCGA-DU-7298-01A-11D-2023-01	8	112363846	112364421	5	-2.3929
TCGA-DU-7298-01A-11D-2023-01	8	112364436	115701219	1827	0.0767
TCGA-DU-7298-01A-11D-2023-01	8	115703663	115707526	14	-0.5684
TCGA-DU-7298-01A-11D-2023-01	8	115707571	115709993	8	0.0769
TCGA-DU-7298-01A-11D-2023-01	8	115710084	115710907	13	-0.6157
TCGA-DU-7298-01A-11D-2023-01	8	115719873	142070918	19257	0.062
TCGA-DU-7298-01A-11D-2023-01	8	142072658	142074735	17	0.7233
TCGA-DU-7298-01A-11D-2023-01	8	142074824	146180028	1742	0.0645
TCGA-DU-7298-01A-11D-2023-01	8	146180388	146268959	47	-0.7982
TCGA-DU-7298-01A-11D-2023-01	9	36587	587626	490	-0.5735
TCGA-DU-7298-01A-11D-2023-01	9	589624	591615	8	-1.9076
TCGA-DU-7298-01A-11D-2023-01	9	591834	20824106	18035	-0.5983
TCGA-DU-7298-01A-11D-2023-01	9	20824807	21094446	230	-0.0891
TCGA-DU-7298-01A-11D-2023-01	9	21096901	33291098	8918	-0.5909
TCGA-DU-7298-01A-11D-2023-01	9	33293507	43159599	3543	-0.1018
TCGA-DU-7298-01A-11D-2023-01	9	43177963	43680535	35	-0.6023
TCGA-DU-7298-01A-11D-2023-01	9	43687249	45931125	160	0.0162
TCGA-DU-7298-01A-11D-2023-01	9	45953932	65356791	29	0.6353
TCGA-DU-7298-01A-11D-2023-01	9	65356966	67673801	58	-0.036
TCGA-DU-7298-01A-11D-2023-01	9	67675871	67678367	8	2.3646
TCGA-DU-7298-01A-11D-2023-01	9	67699736	72411337	2005	-0.0783
TCGA-DU-7298-01A-11D-2023-01	9	72411794	105606318	23071	0.3668
TCGA-DU-7298-01A-11D-2023-01	9	105608517	105609111	2	-2.4368
TCGA-DU-7298-01A-11D-2023-01	9	105610523	114855534	7142	0.3334
TCGA-DU-7298-01A-11D-2023-01	9	114856977	114907345	28	-0.3538
TCGA-DU-7298-01A-11D-2023-01	9	114921421	126987114	8801	0.3288
TCGA-DU-7298-01A-11D-2023-01	9	126988142	126988514	3	-0.7212
TCGA-DU-7298-01A-11D-2023-01	9	126992646	127991073	625	0.3239
TCGA-DU-7298-01A-11D-2023-01	9	127993779	128016523	30	-0.0413
TCGA-DU-7298-01A-11D-2023-01	9	128019321	135172331	4242	0.3234
TCGA-DU-7298-01A-11D-2023-01	9	135172346	135172469	4	1.5003
TCGA-DU-7298-01A-11D-2023-01	9	135172606	140174582	2291	0.3133
TCGA-DU-7298-01A-11D-2023-01	9	140191296	140211215	8	-0.2237
TCGA-DU-7298-01A-11D-2023-01	X	108477	7567246	3805	-0.0117
TCGA-DU-7298-01A-11D-2023-01	X	7567251	7571058	3	-1.7902
TCGA-DU-7298-01A-11D-2023-01	X	7571105	31292072	15565	-0.0286
TCGA-DU-7298-01A-11D-2023-01	X	31292790	31293687	4	-1.4309
TCGA-DU-7298-01A-11D-2023-01	X	31293708	115047709	41423	0.0074
TCGA-DU-7298-01A-11D-2023-01	X	115051983	115064666	7	-2.3317
TCGA-DU-7298-01A-11D-2023-01	X	115070447	115275070	130	-0.0152
TCGA-DU-7298-01A-11D-2023-01	X	115276038	115276957	7	-1.4964
TCGA-DU-7298-01A-11D-2023-01	X	115278016	150627411	21615	0.0184
TCGA-DU-7298-01A-11D-2023-01	X	150628200	150629313	5	-1.2891
TCGA-DU-7298-01A-11D-2023-01	X	150630039	154835548	2019	0.0181
TCGA-DU-7298-01A-11D-2023-01	Y	2710438	3315255	205	-3.2144
TCGA-DU-7298-01A-11D-2023-01	Y	3317144	5972081	563	-2.6563
TCGA-DU-7298-01A-11D-2023-01	Y	5986522	6161425	71	-3.1901
TCGA-DU-7298-01A-11D-2023-01	Y	6167901	6356423	85	-4.4118
TCGA-DU-7298-01A-11D-2023-01	Y	6359046	7459842	462	-3.2692
TCGA-DU-7298-01A-11D-2023-01	Y	7460746	10369564	1202	-3.689
TCGA-DU-7298-01A-11D-2023-01	Y	10384614	18080026	3031	-3.4575
TCGA-DU-7298-01A-11D-2023-01	Y	18080874	19484001	673	-3.981
TCGA-DU-7298-01A-11D-2023-01	Y	19484450	22268551	1084	-3.5736
TCGA-DU-7298-01A-11D-2023-01	Y	22268856	24599413	506	-3.9314
TCGA-DU-7298-01A-11D-2023-01	Y	24602438	24836910	60	-3.4711
TCGA-DU-7298-01A-11D-2023-01	Y	24840062	24919963	27	-2.3324
TCGA-DU-7298-01A-11D-2023-01	Y	24920187	25846090	96	-4.3187
TCGA-DU-7298-01A-11D-2023-01	Y	25854303	25938472	33	-2.3464
TCGA-DU-7298-01A-11D-2023-01	Y	25944418	26129939	58	-3.2534
TCGA-DU-7298-01A-11D-2023-01	Y	26130472	26461104	136	-4.2719
TCGA-DU-7298-01A-11D-2023-01	Y	26461656	26522080	30	-3.1488
TCGA-DU-7298-01A-11D-2023-01	Y	26522795	26687080	29	-4.0978
TCGA-DU-7298-01A-11D-2023-01	Y	26699115	26731140	12	-5.8968
TCGA-DU-7298-01A-11D-2023-01	Y	26731407	26833326	44	-3.9412
TCGA-DU-7298-01A-11D-2023-01	Y	26847504	57427647	183	-2.9409
