barcode	chromosome	start	stop	num.mark	seg.mean
TCGA-HT-7689-01A-11D-2252-01	1	51598	76204	15	-1.0874
TCGA-HT-7689-01A-11D-2252-01	1	88451	1500664	211	0.0894
TCGA-HT-7689-01A-11D-2252-01	1	1617778	1662463	17	-0.687
TCGA-HT-7689-01A-11D-2252-01	1	1677447	4937911	1775	0.0047
TCGA-HT-7689-01A-11D-2252-01	1	4938953	4939240	2	-1.1597
TCGA-HT-7689-01A-11D-2252-01	1	4942062	5280462	287	-0.0048
TCGA-HT-7689-01A-11D-2252-01	1	5283180	5283303	3	-1.0635
TCGA-HT-7689-01A-11D-2252-01	1	5284188	12815095	4248	-0.0028
TCGA-HT-7689-01A-11D-2252-01	1	12832564	13561267	51	-0.2722
TCGA-HT-7689-01A-11D-2252-01	1	13582502	16816409	2138	-0.0115
TCGA-HT-7689-01A-11D-2252-01	1	16826358	16843043	21	0.3866
TCGA-HT-7689-01A-11D-2252-01	1	16878321	16949054	40	-0.2485
TCGA-HT-7689-01A-11D-2252-01	1	16954999	17062591	22	0.3706
TCGA-HT-7689-01A-11D-2252-01	1	17063449	17134834	62	-0.5203
TCGA-HT-7689-01A-11D-2252-01	1	17148828	34864261	10271	-0.0034
TCGA-HT-7689-01A-11D-2252-01	1	34875241	34886855	21	-0.768
TCGA-HT-7689-01A-11D-2252-01	1	34888129	72511321	23771	0.0136
TCGA-HT-7689-01A-11D-2252-01	1	72511457	72583721	67	0.3509
TCGA-HT-7689-01A-11D-2252-01	1	72583736	103920628	20083	0.0783
TCGA-HT-7689-01A-11D-2252-01	1	103922212	104062729	45	-0.2043
TCGA-HT-7689-01A-11D-2252-01	1	104069745	105820728	922	0.1161
TCGA-HT-7689-01A-11D-2252-01	1	105820759	105823898	16	0.7679
TCGA-HT-7689-01A-11D-2252-01	1	105825578	110022262	2654	0.1155
TCGA-HT-7689-01A-11D-2252-01	1	110023250	110029038	16	-0.1547
TCGA-HT-7689-01A-11D-2252-01	1	110034497	110041701	17	-1.6725
TCGA-HT-7689-01A-11D-2252-01	1	110044476	143271722	7225	0.099
TCGA-HT-7689-01A-11D-2252-01	1	143275941	143560909	8	-0.5185
TCGA-HT-7689-01A-11D-2252-01	1	143576984	143863085	148	0.1022
TCGA-HT-7689-01A-11D-2252-01	1	143863316	143864114	5	1.0711
TCGA-HT-7689-01A-11D-2252-01	1	143867658	147137024	966	0.1108
TCGA-HT-7689-01A-11D-2252-01	1	147137561	147703466	180	-0.5509
TCGA-HT-7689-01A-11D-2252-01	1	147788464	147845346	7	0.5244
TCGA-HT-7689-01A-11D-2252-01	1	147884075	147980495	18	0.0079
TCGA-HT-7689-01A-11D-2252-01	1	147982186	147999215	3	-0.9312
TCGA-HT-7689-01A-11D-2252-01	1	147999249	151028547	1675	0.1211
TCGA-HT-7689-01A-11D-2252-01	1	151028563	151034127	22	-0.2559
TCGA-HT-7689-01A-11D-2252-01	1	151034241	177590361	17991	0.1037
TCGA-HT-7689-01A-11D-2252-01	1	177597151	177599938	4	-1.2847
TCGA-HT-7689-01A-11D-2252-01	1	177605829	196571159	12498	0.1153
TCGA-HT-7689-01A-11D-2252-01	1	196573555	196574402	2	-1.3063
TCGA-HT-7689-01A-11D-2252-01	1	196577982	208137685	7993	0.1031
TCGA-HT-7689-01A-11D-2252-01	1	208148236	208148688	2	-1.6581
TCGA-HT-7689-01A-11D-2252-01	1	208150607	240487511	22796	0.1024
TCGA-HT-7689-01A-11D-2252-01	1	240491378	240491808	3	-0.9429
TCGA-HT-7689-01A-11D-2252-01	1	240491848	241122475	505	0.117
TCGA-HT-7689-01A-11D-2252-01	1	241122520	241131992	37	-0.2626
TCGA-HT-7689-01A-11D-2252-01	1	241144886	247191011	3804	0.1152
TCGA-HT-7689-01A-11D-2252-01	10	62759	12459801	10367	0.0613
TCGA-HT-7689-01A-11D-2252-01	10	12460220	12464881	3	-1.8229
TCGA-HT-7689-01A-11D-2252-01	10	12470342	17967560	4519	0.0588
TCGA-HT-7689-01A-11D-2252-01	10	17978214	18176754	12	0.5906
TCGA-HT-7689-01A-11D-2252-01	10	18190767	20880880	2143	0.0733
TCGA-HT-7689-01A-11D-2252-01	10	20890118	20893540	6	-0.6727
TCGA-HT-7689-01A-11D-2252-01	10	20902433	24417680	2201	0.0598
TCGA-HT-7689-01A-11D-2252-01	10	24417681	24418060	10	1.357
TCGA-HT-7689-01A-11D-2252-01	10	24418914	46475717	12411	0.0578
TCGA-HT-7689-01A-11D-2252-01	10	46478798	46479394	12	-0.5137
TCGA-HT-7689-01A-11D-2252-01	10	46479411	51492405	2043	0.1028
TCGA-HT-7689-01A-11D-2252-01	10	51500366	51670542	13	-0.9209
TCGA-HT-7689-01A-11D-2252-01	10	51671873	61028273	6983	0.1123
TCGA-HT-7689-01A-11D-2252-01	10	61034121	61036311	14	-0.5239
TCGA-HT-7689-01A-11D-2252-01	10	61036350	66976282	4023	0.1062
TCGA-HT-7689-01A-11D-2252-01	10	66977929	66984436	27	0.6636
TCGA-HT-7689-01A-11D-2252-01	10	66984452	106758963	25507	0.063
TCGA-HT-7689-01A-11D-2252-01	10	106761131	106767602	6	-0.6654
TCGA-HT-7689-01A-11D-2252-01	10	106770743	107985908	906	0.0229
TCGA-HT-7689-01A-11D-2252-01	10	107986163	107988114	3	-0.8863
TCGA-HT-7689-01A-11D-2252-01	10	107992745	110950017	2242	0.0296
TCGA-HT-7689-01A-11D-2252-01	10	110956741	110956869	3	-2.0195
TCGA-HT-7689-01A-11D-2252-01	10	110958010	135356694	17661	0.0017
TCGA-HT-7689-01A-11D-2252-01	11	188510	5740499	3305	0.1065
TCGA-HT-7689-01A-11D-2252-01	11	5743981	5765715	33	-0.5582
TCGA-HT-7689-01A-11D-2252-01	11	5765914	6064366	241	0.1525
TCGA-HT-7689-01A-11D-2252-01	11	6064845	6073419	4	0.9352
TCGA-HT-7689-01A-11D-2252-01	11	6073590	18897446	9184	0.1275
TCGA-HT-7689-01A-11D-2252-01	11	18905648	18934236	77	-0.1134
TCGA-HT-7689-01A-11D-2252-01	11	18934672	20800467	1654	0.1245
TCGA-HT-7689-01A-11D-2252-01	11	20801428	20806334	3	-0.8983
TCGA-HT-7689-01A-11D-2252-01	11	20806806	24398750	2692	0.1268
TCGA-HT-7689-01A-11D-2252-01	11	24400825	24406833	6	-0.879
TCGA-HT-7689-01A-11D-2252-01	11	24411752	42763620	12835	0.1255
TCGA-HT-7689-01A-11D-2252-01	11	42769727	42773062	2	-1.8324
TCGA-HT-7689-01A-11D-2252-01	11	42774615	49715563	3882	0.1145
TCGA-HT-7689-01A-11D-2252-01	11	49716131	49716632	5	-0.8925
TCGA-HT-7689-01A-11D-2252-01	11	49717264	51421003	512	0.1208
TCGA-HT-7689-01A-11D-2252-01	11	54458221	54514867	4	-0.8647
TCGA-HT-7689-01A-11D-2252-01	11	54530469	54696918	27	0.1575
TCGA-HT-7689-01A-11D-2252-01	11	54722184	54796378	17	-0.3087
TCGA-HT-7689-01A-11D-2252-01	11	54802431	55130608	193	0.1101
TCGA-HT-7689-01A-11D-2252-01	11	55130624	55210152	59	-0.4305
TCGA-HT-7689-01A-11D-2252-01	11	55217259	134449982	52444	0.1246
TCGA-HT-7689-01A-11D-2252-01	12	20703	9525137	6205	0.125
TCGA-HT-7689-01A-11D-2252-01	12	9529176	9619559	23	-1.9108
TCGA-HT-7689-01A-11D-2252-01	12	9626236	33185911	16650	0.1221
TCGA-HT-7689-01A-11D-2252-01	12	33185927	33198232	25	0.4923
TCGA-HT-7689-01A-11D-2252-01	12	33198345	44186092	5629	-0.0581
TCGA-HT-7689-01A-11D-2252-01	12	44190705	44195804	4	-1.4545
TCGA-HT-7689-01A-11D-2252-01	12	44199559	57007498	7217	-0.1122
TCGA-HT-7689-01A-11D-2252-01	12	57016418	57016429	2	-1.5426
TCGA-HT-7689-01A-11D-2252-01	12	57017115	101475620	28468	-0.029
TCGA-HT-7689-01A-11D-2252-01	12	101480456	101482203	3	-1.1186
TCGA-HT-7689-01A-11D-2252-01	12	101482692	132288262	20866	0.0487
TCGA-HT-7689-01A-11D-2252-01	13	17924949	17942096	3	-0.1735
TCGA-HT-7689-01A-11D-2252-01	13	17962898	20345045	1340	0.54
TCGA-HT-7689-01A-11D-2252-01	13	20346402	20363664	7	0.1998
TCGA-HT-7689-01A-11D-2252-01	13	20366545	36965575	12187	-0.5433
TCGA-HT-7689-01A-11D-2252-01	13	36968044	36986374	21	-0.0556
TCGA-HT-7689-01A-11D-2252-01	13	36986387	48429552	8017	-0.5189
TCGA-HT-7689-01A-11D-2252-01	13	48431716	48434505	2	-3.2595
TCGA-HT-7689-01A-11D-2252-01	13	48435706	114126499	42635	-0.5166
TCGA-HT-7689-01A-11D-2252-01	14	18072124	18492533	29	-0.0219
TCGA-HT-7689-01A-11D-2252-01	14	18502799	18916877	35	0.6211
TCGA-HT-7689-01A-11D-2252-01	14	18919591	19227683	17	-0.089
TCGA-HT-7689-01A-11D-2252-01	14	19270023	19493212	109	0.9372
TCGA-HT-7689-01A-11D-2252-01	14	19494766	21447745	1322	0.2088
TCGA-HT-7689-01A-11D-2252-01	14	21448382	22069382	580	0.4401
TCGA-HT-7689-01A-11D-2252-01	14	22069398	22989364	491	0.2315
TCGA-HT-7689-01A-11D-2252-01	14	22990304	23002021	5	0.8633
TCGA-HT-7689-01A-11D-2252-01	14	23002853	25853751	1978	0.2366
TCGA-HT-7689-01A-11D-2252-01	14	25853753	25853758	6	-0.6402
TCGA-HT-7689-01A-11D-2252-01	14	25854753	34097259	5238	0.251
TCGA-HT-7689-01A-11D-2252-01	14	34106662	44243646	6170	-0.1525
TCGA-HT-7689-01A-11D-2252-01	14	44243850	44293463	33	-0.8835
TCGA-HT-7689-01A-11D-2252-01	14	44296609	59243864	9638	-0.1566
TCGA-HT-7689-01A-11D-2252-01	14	59244133	106231370	29835	-0.4199
TCGA-HT-7689-01A-11D-2252-01	14	106231444	106232145	6	-1.0937
TCGA-HT-7689-01A-11D-2252-01	14	106236636	106356482	83	-0.4608
TCGA-HT-7689-01A-11D-2252-01	15	18276341	18506386	51	0.0284
TCGA-HT-7689-01A-11D-2252-01	15	18507169	18838435	47	0.6981
TCGA-HT-7689-01A-11D-2252-01	15	18841465	18841578	7	-0.4672
TCGA-HT-7689-01A-11D-2252-01	15	18846002	20224763	318	0.6902
TCGA-HT-7689-01A-11D-2252-01	15	20232440	100286563	51655	0.1138
TCGA-HT-7689-01A-11D-2252-01	16	777	8328021	5974	0.1066
TCGA-HT-7689-01A-11D-2252-01	16	8328934	8328983	2	-1.608
TCGA-HT-7689-01A-11D-2252-01	16	8331913	16915112	5961	0.0977
TCGA-HT-7689-01A-11D-2252-01	16	16915820	16917070	2	-1.0962
TCGA-HT-7689-01A-11D-2252-01	16	16917167	21501135	2550	0.1014
TCGA-HT-7689-01A-11D-2252-01	16	21503814	22349521	363	-0.4533
TCGA-HT-7689-01A-11D-2252-01	16	22465433	22620480	74	-0.0089
TCGA-HT-7689-01A-11D-2252-01	16	22625089	26062069	2381	-0.5794
TCGA-HT-7689-01A-11D-2252-01	16	26065497	26075518	3	-2.2115
TCGA-HT-7689-01A-11D-2252-01	16	26077654	28493088	1644	-0.5687
TCGA-HT-7689-01A-11D-2252-01	16	28493310	28895858	77	0.1152
TCGA-HT-7689-01A-11D-2252-01	16	28898954	29122579	86	-0.4079
TCGA-HT-7689-01A-11D-2252-01	16	29123273	29287282	62	0.111
TCGA-HT-7689-01A-11D-2252-01	16	29309814	30210129	220	-0.4615
TCGA-HT-7689-01A-11D-2252-01	16	30214469	30720062	169	0.1006
TCGA-HT-7689-01A-11D-2252-01	16	30730548	30751833	16	-0.4402
TCGA-HT-7689-01A-11D-2252-01	16	30759456	31045213	97	0.0709
TCGA-HT-7689-01A-11D-2252-01	16	31055140	31436868	166	-0.4828
TCGA-HT-7689-01A-11D-2252-01	16	31437288	31612529	82	0.0839
TCGA-HT-7689-01A-11D-2252-01	16	31612900	32031832	157	-0.5058
TCGA-HT-7689-01A-11D-2252-01	16	32054387	33539331	240	-0.2047
TCGA-HT-7689-01A-11D-2252-01	16	33550900	35140727	516	-0.5938
TCGA-HT-7689-01A-11D-2252-01	16	45021283	54354095	6478	0.1031
TCGA-HT-7689-01A-11D-2252-01	16	54355723	54379945	18	1.4125
TCGA-HT-7689-01A-11D-2252-01	16	54387058	64608419	6774	0.105
TCGA-HT-7689-01A-11D-2252-01	16	64610731	64610902	2	-1.1621
TCGA-HT-7689-01A-11D-2252-01	16	64611708	76929109	7741	0.1074
TCGA-HT-7689-01A-11D-2252-01	16	76929941	76942266	17	-2.6959
TCGA-HT-7689-01A-11D-2252-01	16	76942502	88815036	10641	0.0964
TCGA-HT-7689-01A-11D-2252-01	17	526	1371698	667	0.0221
TCGA-HT-7689-01A-11D-2252-01	17	1376168	1376380	2	-2.2522
TCGA-HT-7689-01A-11D-2252-01	17	1376437	21045219	11929	-0.0056
TCGA-HT-7689-01A-11D-2252-01	17	21049743	21051024	3	-1.7961
TCGA-HT-7689-01A-11D-2252-01	17	21053497	36675211	8373	-0.0062
TCGA-HT-7689-01A-11D-2252-01	17	36675234	36684057	25	-0.6522
TCGA-HT-7689-01A-11D-2252-01	17	36686250	41797224	2648	-0.005
TCGA-HT-7689-01A-11D-2252-01	17	41811751	42107479	38	0.8141
TCGA-HT-7689-01A-11D-2252-01	17	42120174	78643088	21611	-0.0374
TCGA-HT-7689-01A-11D-2252-01	18	1543	36512703	22844	0.0054
TCGA-HT-7689-01A-11D-2252-01	18	36512725	36519387	20	0.4556
TCGA-HT-7689-01A-11D-2252-01	18	36522022	40228816	2366	-0.0122
TCGA-HT-7689-01A-11D-2252-01	18	40230884	40232623	6	-0.943
TCGA-HT-7689-01A-11D-2252-01	18	40236669	56068828	11077	-0.0119
TCGA-HT-7689-01A-11D-2252-01	18	56068921	56069179	6	-0.8943
TCGA-HT-7689-01A-11D-2252-01	18	56069194	74761681	13808	-0.001
TCGA-HT-7689-01A-11D-2252-01	18	74763702	74765851	5	-1.0432
TCGA-HT-7689-01A-11D-2252-01	18	74767437	76116029	705	-0.0065
TCGA-HT-7689-01A-11D-2252-01	19	41910	12553001	5076	0.0592
TCGA-HT-7689-01A-11D-2252-01	19	12558366	12559102	2	-2.4928
TCGA-HT-7689-01A-11D-2252-01	19	12561523	20538030	3998	0.0539
TCGA-HT-7689-01A-11D-2252-01	19	20550917	20551698	2	-1.9338
TCGA-HT-7689-01A-11D-2252-01	19	20556970	40541162	7749	0.0812
TCGA-HT-7689-01A-11D-2252-01	19	40541333	40553688	22	-0.2797
TCGA-HT-7689-01A-11D-2252-01	19	40558584	43031655	1215	0.2424
TCGA-HT-7689-01A-11D-2252-01	19	43033339	43036057	3	-0.6506
TCGA-HT-7689-01A-11D-2252-01	19	43037574	43440579	243	0.2354
TCGA-HT-7689-01A-11D-2252-01	19	43444710	47398150	2032	0.5372
TCGA-HT-7689-01A-11D-2252-01	19	47398479	63789666	8988	-0.5336
TCGA-HT-7689-01A-11D-2252-01	2	2784	11833	4	-0.6352
TCGA-HT-7689-01A-11D-2252-01	2	12492	4183562	2987	0.0823
TCGA-HT-7689-01A-11D-2252-01	2	4191739	4212657	44	-0.5511
TCGA-HT-7689-01A-11D-2252-01	2	4213259	34564894	21103	0.1014
TCGA-HT-7689-01A-11D-2252-01	2	34564978	34571412	14	-0.4067
TCGA-HT-7689-01A-11D-2252-01	2	34571478	52608385	13073	0.1053
TCGA-HT-7689-01A-11D-2252-01	2	52612257	52635026	32	-0.5396
TCGA-HT-7689-01A-11D-2252-01	2	52635046	87542730	22178	0.1083
TCGA-HT-7689-01A-11D-2252-01	2	87544412	87546133	2	-1.8969
TCGA-HT-7689-01A-11D-2252-01	2	87547340	97221654	1886	0.0722
TCGA-HT-7689-01A-11D-2252-01	2	97229064	97484644	39	-0.1408
TCGA-HT-7689-01A-11D-2252-01	2	97507179	97528621	9	1.004
TCGA-HT-7689-01A-11D-2252-01	2	97533310	129354548	19051	0.051
TCGA-HT-7689-01A-11D-2252-01	2	129354948	129356767	14	-0.8186
TCGA-HT-7689-01A-11D-2252-01	2	129356785	146578555	10488	0.0632
TCGA-HT-7689-01A-11D-2252-01	2	146580874	146583177	21	0.9515
TCGA-HT-7689-01A-11D-2252-01	2	146583268	242738129	59182	0.0654
TCGA-HT-7689-01A-11D-2252-01	20	9305	1508922	1204	-0.0627
TCGA-HT-7689-01A-11D-2252-01	20	1508951	1530207	38	1.0065
TCGA-HT-7689-01A-11D-2252-01	20	1538257	3968945	1680	-0.0615
TCGA-HT-7689-01A-11D-2252-01	20	3969135	3970410	2	-3.2185
TCGA-HT-7689-01A-11D-2252-01	20	3971655	28211888	17188	0.0726
TCGA-HT-7689-01A-11D-2252-01	20	28212395	28254926	12	-0.4083
TCGA-HT-7689-01A-11D-2252-01	20	28262642	52081215	14888	0.1035
TCGA-HT-7689-01A-11D-2252-01	20	52084561	52092058	37	-0.6715
TCGA-HT-7689-01A-11D-2252-01	20	52095981	52845555	641	0.1041
TCGA-HT-7689-01A-11D-2252-01	20	52846307	52847724	2	-1.0156
TCGA-HT-7689-01A-11D-2252-01	20	52847946	62426597	6814	0.104
TCGA-HT-7689-01A-11D-2252-01	21	9758742	27202384	10027	0.0054
TCGA-HT-7689-01A-11D-2252-01	21	27204531	27204723	3	-1.3469
TCGA-HT-7689-01A-11D-2252-01	21	27205475	43553761	12463	-0.0292
TCGA-HT-7689-01A-11D-2252-01	21	43554267	43557521	3	-0.7515
TCGA-HT-7689-01A-11D-2252-01	21	43557708	43792481	155	0.0062
TCGA-HT-7689-01A-11D-2252-01	21	43795301	43797240	2	-2.7383
TCGA-HT-7689-01A-11D-2252-01	21	43798095	46921385	1766	-0.0142
TCGA-HT-7689-01A-11D-2252-01	22	14432528	17053357	1216	0.1082
TCGA-HT-7689-01A-11D-2252-01	22	17112919	17173947	7	-0.8676
TCGA-HT-7689-01A-11D-2252-01	22	17185861	21082462	2425	0.1246
TCGA-HT-7689-01A-11D-2252-01	22	21082680	21082880	4	1.2371
TCGA-HT-7689-01A-11D-2252-01	22	21087321	23411338	1345	0.1218
TCGA-HT-7689-01A-11D-2252-01	22	23412115	23412534	3	-1.3096
TCGA-HT-7689-01A-11D-2252-01	22	23417674	23994801	467	0.0765
TCGA-HT-7689-01A-11D-2252-01	22	23994832	24248709	291	-0.7851
TCGA-HT-7689-01A-11D-2252-01	22	24252342	37620866	9718	0.0852
TCGA-HT-7689-01A-11D-2252-01	22	37625201	37626850	3	-2.9206
TCGA-HT-7689-01A-11D-2252-01	22	37629060	49581321	8087	0.0726
TCGA-HT-7689-01A-11D-2252-01	3	35345	4142288	3755	-0.0538
TCGA-HT-7689-01A-11D-2252-01	3	4148839	4288485	100	-0.9698
TCGA-HT-7689-01A-11D-2252-01	3	4291641	6621543	1992	0.0718
TCGA-HT-7689-01A-11D-2252-01	3	6626128	6628332	23	-0.6724
TCGA-HT-7689-01A-11D-2252-01	3	6630078	19504864	8994	0.0943
TCGA-HT-7689-01A-11D-2252-01	3	19507364	19807928	144	-0.129
TCGA-HT-7689-01A-11D-2252-01	3	19808081	26032331	4708	0.0895
TCGA-HT-7689-01A-11D-2252-01	3	26032480	26032803	2	-1.1507
TCGA-HT-7689-01A-11D-2252-01	3	26035298	26401195	230	0.0616
TCGA-HT-7689-01A-11D-2252-01	3	26409128	26414347	5	-0.7228
TCGA-HT-7689-01A-11D-2252-01	3	26420977	37952421	7749	0.092
TCGA-HT-7689-01A-11D-2252-01	3	37957112	37961932	18	-0.8053
TCGA-HT-7689-01A-11D-2252-01	3	37962110	72035780	22572	0.0894
TCGA-HT-7689-01A-11D-2252-01	3	72038630	72039132	2	-1.4883
TCGA-HT-7689-01A-11D-2252-01	3	72039498	74717787	2076	0.0896
TCGA-HT-7689-01A-11D-2252-01	3	74729582	74729957	2	-1.631
TCGA-HT-7689-01A-11D-2252-01	3	74731875	75651239	460	0.0798
TCGA-HT-7689-01A-11D-2252-01	3	75655239	75669495	6	-2.6881
TCGA-HT-7689-01A-11D-2252-01	3	75677871	96938796	9158	0.1026
TCGA-HT-7689-01A-11D-2252-01	3	96949570	96950800	2	-3.3597
TCGA-HT-7689-01A-11D-2252-01	3	96951370	100419653	1855	0.1018
TCGA-HT-7689-01A-11D-2252-01	3	100420474	100432111	39	-0.4277
TCGA-HT-7689-01A-11D-2252-01	3	100433654	126926298	16273	0.0891
TCGA-HT-7689-01A-11D-2252-01	3	126929354	126949237	10	-0.7861
TCGA-HT-7689-01A-11D-2252-01	3	126952111	131245549	2471	0.0675
TCGA-HT-7689-01A-11D-2252-01	3	131246388	131288926	52	-1.4111
TCGA-HT-7689-01A-11D-2252-01	3	131289614	156959241	15983	0.0921
TCGA-HT-7689-01A-11D-2252-01	3	156963791	156996103	29	0.53
TCGA-HT-7689-01A-11D-2252-01	3	156998190	164034775	4306	0.0952
TCGA-HT-7689-01A-11D-2252-01	3	164046025	164111308	46	-0.2212
TCGA-HT-7689-01A-11D-2252-01	3	164111337	164197211	69	0.0825
TCGA-HT-7689-01A-11D-2252-01	3	164200421	164202256	2	-2.904
TCGA-HT-7689-01A-11D-2252-01	3	164208853	166759728	1421	0.1038
TCGA-HT-7689-01A-11D-2252-01	3	166759739	166763586	2	-1.097
TCGA-HT-7689-01A-11D-2252-01	3	166765057	169143451	1310	0.1036
TCGA-HT-7689-01A-11D-2252-01	3	169143830	169151309	10	-0.6508
TCGA-HT-7689-01A-11D-2252-01	3	169151339	194360656	16388	0.1089
TCGA-HT-7689-01A-11D-2252-01	3	194360739	194365597	18	1.4649
TCGA-HT-7689-01A-11D-2252-01	3	194369129	199380515	2707	0.1038
TCGA-HT-7689-01A-11D-2252-01	4	2281	59520	61	-0.2389
TCGA-HT-7689-01A-11D-2252-01	4	59713	9066075	5188	0.0696
TCGA-HT-7689-01A-11D-2252-01	4	9070328	9088443	8	2.0483
TCGA-HT-7689-01A-11D-2252-01	4	9095185	9819488	544	0.0677
TCGA-HT-7689-01A-11D-2252-01	4	9832514	9840596	28	-2.2805
TCGA-HT-7689-01A-11D-2252-01	4	9843312	9847534	9	-0.3899
TCGA-HT-7689-01A-11D-2252-01	4	9848059	10001452	170	0.0613
TCGA-HT-7689-01A-11D-2252-01	4	10002252	10009766	15	0.515
TCGA-HT-7689-01A-11D-2252-01	4	10011816	25897916	11553	0.0781
TCGA-HT-7689-01A-11D-2252-01	4	25901083	25904272	4	-0.8772
TCGA-HT-7689-01A-11D-2252-01	4	25908223	34462895	5249	0.0901
TCGA-HT-7689-01A-11D-2252-01	4	34463350	34506308	39	-0.3483
TCGA-HT-7689-01A-11D-2252-01	4	34506323	48962605	8991	0.0829
TCGA-HT-7689-01A-11D-2252-01	4	48985949	48986112	2	-1.9022
TCGA-HT-7689-01A-11D-2252-01	4	48991977	58560075	4242	0.0724
TCGA-HT-7689-01A-11D-2252-01	4	58563289	58563471	3	-0.9964
TCGA-HT-7689-01A-11D-2252-01	4	58565360	61009774	1458	0.0984
TCGA-HT-7689-01A-11D-2252-01	4	61009907	61014212	3	1.062
TCGA-HT-7689-01A-11D-2252-01	4	61018159	64380064	1904	0.0768
TCGA-HT-7689-01A-11D-2252-01	4	64380112	64404811	32	-0.3948
TCGA-HT-7689-01A-11D-2252-01	4	64405135	68902978	2849	0.0595
TCGA-HT-7689-01A-11D-2252-01	4	68909443	68970737	12	-0.9182
TCGA-HT-7689-01A-11D-2252-01	4	68977394	69054598	12	0.1367
TCGA-HT-7689-01A-11D-2252-01	4	69057536	69406991	75	0.6417
TCGA-HT-7689-01A-11D-2252-01	4	69408681	70158099	322	0.0169
TCGA-HT-7689-01A-11D-2252-01	4	70162233	70273685	58	-0.5738
TCGA-HT-7689-01A-11D-2252-01	4	70274570	116392667	28012	0.0285
TCGA-HT-7689-01A-11D-2252-01	4	116392684	116400004	19	-0.7093
TCGA-HT-7689-01A-11D-2252-01	4	116402028	138311689	12624	0.0263
TCGA-HT-7689-01A-11D-2252-01	4	138311870	138314422	16	-0.7125
TCGA-HT-7689-01A-11D-2252-01	4	138314571	140448457	1527	0.0146
TCGA-HT-7689-01A-11D-2252-01	4	140451996	140457810	6	-0.9802
TCGA-HT-7689-01A-11D-2252-01	4	140459145	157187630	10155	0.0251
TCGA-HT-7689-01A-11D-2252-01	4	157187733	157187748	2	-1.6046
TCGA-HT-7689-01A-11D-2252-01	4	157187923	172605921	9777	0.0365
TCGA-HT-7689-01A-11D-2252-01	4	172611459	172614019	8	-0.6887
TCGA-HT-7689-01A-11D-2252-01	4	172614033	181986151	6044	0.0286
TCGA-HT-7689-01A-11D-2252-01	4	181986415	181986417	2	-1.788
TCGA-HT-7689-01A-11D-2252-01	4	181987992	189742098	5600	0.0056
TCGA-HT-7689-01A-11D-2252-01	4	189742448	189742914	3	-1.1319
TCGA-HT-7689-01A-11D-2252-01	4	189743522	191261904	891	-0.005
TCGA-HT-7689-01A-11D-2252-01	5	68532	4006610	2874	-0.0364
TCGA-HT-7689-01A-11D-2252-01	5	4011474	4022857	10	-1.0187
TCGA-HT-7689-01A-11D-2252-01	5	4026807	15772222	9327	-0.0058
TCGA-HT-7689-01A-11D-2252-01	5	15772350	15773597	10	-0.9769
TCGA-HT-7689-01A-11D-2252-01	5	15776346	21412601	3508	0.0028
TCGA-HT-7689-01A-11D-2252-01	5	21413596	21413610	2	-2.0546
TCGA-HT-7689-01A-11D-2252-01	5	21421823	21485033	45	0.0128
TCGA-HT-7689-01A-11D-2252-01	5	21486957	21488195	5	-1.6379
TCGA-HT-7689-01A-11D-2252-01	5	21488253	27545077	3554	0.0169
TCGA-HT-7689-01A-11D-2252-01	5	27545138	27564371	16	-0.4225
TCGA-HT-7689-01A-11D-2252-01	5	27569416	46307687	11467	0.0051
TCGA-HT-7689-01A-11D-2252-01	5	46308278	46309259	5	-2.8034
TCGA-HT-7689-01A-11D-2252-01	5	46313969	52488520	1768	0.0829
TCGA-HT-7689-01A-11D-2252-01	5	52488640	52489623	3	-1.0659
TCGA-HT-7689-01A-11D-2252-01	5	52493921	57357403	3313	0.0805
TCGA-HT-7689-01A-11D-2252-01	5	57361784	57365604	9	-0.6901
TCGA-HT-7689-01A-11D-2252-01	5	57365656	57366076	4	-1.6249
TCGA-HT-7689-01A-11D-2252-01	5	57366091	57369290	19	-0.5532
TCGA-HT-7689-01A-11D-2252-01	5	57374114	69110747	7307	0.07
TCGA-HT-7689-01A-11D-2252-01	5	69153679	69349429	5	-0.9025
TCGA-HT-7689-01A-11D-2252-01	5	69349444	70290662	9	0.2856
TCGA-HT-7689-01A-11D-2252-01	5	70342415	70384949	6	-0.7763
TCGA-HT-7689-01A-11D-2252-01	5	70426941	118987845	29995	0.0715
TCGA-HT-7689-01A-11D-2252-01	5	118988022	118988047	2	-1.4321
TCGA-HT-7689-01A-11D-2252-01	5	118989273	139149061	12328	0.0681
TCGA-HT-7689-01A-11D-2252-01	5	139158346	139163080	4	-1.8359
TCGA-HT-7689-01A-11D-2252-01	5	139164128	140198906	483	0.1116
TCGA-HT-7689-01A-11D-2252-01	5	140204020	140212023	10	-0.6006
TCGA-HT-7689-01A-11D-2252-01	5	140221211	151495579	7551	0.0974
TCGA-HT-7689-01A-11D-2252-01	5	151495663	151498544	13	-0.7342
TCGA-HT-7689-01A-11D-2252-01	5	151500464	177160157	17512	0.0883
TCGA-HT-7689-01A-11D-2252-01	5	177161185	177165211	2	2.1444
TCGA-HT-7689-01A-11D-2252-01	5	177187571	178042581	449	0.0696
TCGA-HT-7689-01A-11D-2252-01	5	178044867	178045769	2	-2.7348
TCGA-HT-7689-01A-11D-2252-01	5	178051461	180307129	1363	0.0937
TCGA-HT-7689-01A-11D-2252-01	5	180311316	180350709	19	-0.5425
TCGA-HT-7689-01A-11D-2252-01	5	180365831	180722926	170	0.1457
TCGA-HT-7689-01A-11D-2252-01	6	94661	29958253	21772	0.1014
TCGA-HT-7689-01A-11D-2252-01	6	29958345	30009555	19	-0.7163
TCGA-HT-7689-01A-11D-2252-01	6	30016448	32798005	1283	0.1283
TCGA-HT-7689-01A-11D-2252-01	6	32798775	32798808	3	2.1896
TCGA-HT-7689-01A-11D-2252-01	6	32798923	54039110	13707	0.1127
TCGA-HT-7689-01A-11D-2252-01	6	54039189	54039814	6	-1.445
TCGA-HT-7689-01A-11D-2252-01	6	54043307	62171441	2663	0.1299
TCGA-HT-7689-01A-11D-2252-01	6	62176642	62305437	30	-0.201
TCGA-HT-7689-01A-11D-2252-01	6	62305821	67064983	2772	0.1115
TCGA-HT-7689-01A-11D-2252-01	6	67065007	67106127	56	-0.738
TCGA-HT-7689-01A-11D-2252-01	6	67106320	70424469	2260	0.156
TCGA-HT-7689-01A-11D-2252-01	6	70424683	77493251	4518	-0.428
TCGA-HT-7689-01A-11D-2252-01	6	77496587	77499355	9	-1.1641
TCGA-HT-7689-01A-11D-2252-01	6	77499938	79006540	977	-0.4895
TCGA-HT-7689-01A-11D-2252-01	6	79006946	79082863	111	-0.2563
TCGA-HT-7689-01A-11D-2252-01	6	79083220	167154586	57311	-0.4856
TCGA-HT-7689-01A-11D-2252-01	6	167154980	167157838	3	-2.9929
TCGA-HT-7689-01A-11D-2252-01	6	167157984	170892930	2398	-0.5251
TCGA-HT-7689-01A-11D-2252-01	7	52911	9599130	5771	0.0977
TCGA-HT-7689-01A-11D-2252-01	7	9603151	9603204	2	-1.2639
TCGA-HT-7689-01A-11D-2252-01	7	9603524	14121363	3715	0.1136
TCGA-HT-7689-01A-11D-2252-01	7	14129050	14439764	239	0.583
TCGA-HT-7689-01A-11D-2252-01	7	14443599	38261521	17727	0.1051
TCGA-HT-7689-01A-11D-2252-01	7	38264360	38344450	111	0.3643
TCGA-HT-7689-01A-11D-2252-01	7	38344670	54347867	11028	0.1157
TCGA-HT-7689-01A-11D-2252-01	7	54353999	54354011	6	-1.399
TCGA-HT-7689-01A-11D-2252-01	7	54360982	64206287	3137	0.109
TCGA-HT-7689-01A-11D-2252-01	7	64231500	64233133	6	1.3184
TCGA-HT-7689-01A-11D-2252-01	7	64274563	109221034	25670	0.1225
TCGA-HT-7689-01A-11D-2252-01	7	109224328	109228153	17	-0.9011
TCGA-HT-7689-01A-11D-2252-01	7	109228154	109228448	7	-0.1853
TCGA-HT-7689-01A-11D-2252-01	7	109228480	109241146	11	-2.172
TCGA-HT-7689-01A-11D-2252-01	7	109241218	115712826	3883	0.1401
TCGA-HT-7689-01A-11D-2252-01	7	115715162	115716841	10	-0.4216
TCGA-HT-7689-01A-11D-2252-01	7	115716889	125832210	6148	0.1359
TCGA-HT-7689-01A-11D-2252-01	7	125832718	125834112	13	-1.6082
TCGA-HT-7689-01A-11D-2252-01	7	125834113	133435717	4705	0.1231
TCGA-HT-7689-01A-11D-2252-01	7	133435735	133446174	26	0.6154
TCGA-HT-7689-01A-11D-2252-01	7	133446205	140649514	4723	0.1395
TCGA-HT-7689-01A-11D-2252-01	7	140650495	140650779	2	-2.4647
TCGA-HT-7689-01A-11D-2252-01	7	140650935	141409593	487	0.1273
TCGA-HT-7689-01A-11D-2252-01	7	141416112	141445586	46	-0.5704
TCGA-HT-7689-01A-11D-2252-01	7	141445629	143075464	997	0.1582
TCGA-HT-7689-01A-11D-2252-01	7	143079312	143174784	40	0.4533
TCGA-HT-7689-01A-11D-2252-01	7	143174798	143540168	280	0.0644
TCGA-HT-7689-01A-11D-2252-01	7	143540182	143681866	39	-0.5198
TCGA-HT-7689-01A-11D-2252-01	7	143682164	158819765	9704	0.127
TCGA-HT-7689-01A-11D-2252-01	8	21254	583041	327	0.0929
TCGA-HT-7689-01A-11D-2252-01	8	584944	585908	10	1.2867
TCGA-HT-7689-01A-11D-2252-01	8	591043	4892845	4889	0.0912
TCGA-HT-7689-01A-11D-2252-01	8	4895093	4898830	11	-0.842
TCGA-HT-7689-01A-11D-2252-01	8	4902983	6801855	2454	0.0939
TCGA-HT-7689-01A-11D-2252-01	8	6802066	6802738	6	-0.7513
TCGA-HT-7689-01A-11D-2252-01	8	6802989	6813262	26	0.0316
TCGA-HT-7689-01A-11D-2252-01	8	6813673	6814609	12	-1.7449
TCGA-HT-7689-01A-11D-2252-01	8	6820778	8040455	330	0.0283
TCGA-HT-7689-01A-11D-2252-01	8	8040626	8055342	5	-0.7364
TCGA-HT-7689-01A-11D-2252-01	8	8055446	11932654	3231	0.1076
TCGA-HT-7689-01A-11D-2252-01	8	11972069	12260380	18	0.4583
TCGA-HT-7689-01A-11D-2252-01	8	12261219	12305344	41	-0.269
TCGA-HT-7689-01A-11D-2252-01	8	12308120	12884030	345	0.0808
TCGA-HT-7689-01A-11D-2252-01	8	12884099	12884163	2	-1.2269
TCGA-HT-7689-01A-11D-2252-01	8	12884223	16241562	3188	0.1172
TCGA-HT-7689-01A-11D-2252-01	8	16251325	16251494	8	-0.7113
TCGA-HT-7689-01A-11D-2252-01	8	16256455	16306606	48	0.0357
TCGA-HT-7689-01A-11D-2252-01	8	16306618	16318780	24	-0.6734
TCGA-HT-7689-01A-11D-2252-01	8	16318795	18308771	1777	0.1194
TCGA-HT-7689-01A-11D-2252-01	8	18309434	18315465	5	0.9468
TCGA-HT-7689-01A-11D-2252-01	8	18315667	32803567	10574	0.1057
TCGA-HT-7689-01A-11D-2252-01	8	32805310	32807955	5	-0.6977
TCGA-HT-7689-01A-11D-2252-01	8	32811648	36188396	1872	0.1117
TCGA-HT-7689-01A-11D-2252-01	8	36192105	36192444	2	1.2321
TCGA-HT-7689-01A-11D-2252-01	8	36196601	39349816	1708	0.1006
TCGA-HT-7689-01A-11D-2252-01	8	39354760	39503281	55	0.9772
TCGA-HT-7689-01A-11D-2252-01	8	39503857	47165297	2643	0.1082
TCGA-HT-7689-01A-11D-2252-01	8	47165375	47167018	3	-0.84
TCGA-HT-7689-01A-11D-2252-01	8	47169399	47644741	133	0.1152
TCGA-HT-7689-01A-11D-2252-01	8	47646713	47655711	9	0.6648
TCGA-HT-7689-01A-11D-2252-01	8	47665260	51194564	1814	0.0874
TCGA-HT-7689-01A-11D-2252-01	8	51194577	51194940	7	-2.3088
TCGA-HT-7689-01A-11D-2252-01	8	51195976	51513149	224	0.1398
TCGA-HT-7689-01A-11D-2252-01	8	51520917	51624716	61	-0.6537
TCGA-HT-7689-01A-11D-2252-01	8	51624769	51646718	13	-1.0549
TCGA-HT-7689-01A-11D-2252-01	8	51646867	51912803	147	-0.5363
TCGA-HT-7689-01A-11D-2252-01	8	51917965	61731990	6489	0.124
TCGA-HT-7689-01A-11D-2252-01	8	61737546	61739082	2	-1.1909
TCGA-HT-7689-01A-11D-2252-01	8	61739352	72377865	6376	0.1226
TCGA-HT-7689-01A-11D-2252-01	8	72377918	72379153	8	-0.7942
TCGA-HT-7689-01A-11D-2252-01	8	72382417	112364257	24149	0.1334
TCGA-HT-7689-01A-11D-2252-01	8	112364378	112364436	3	-2.6282
TCGA-HT-7689-01A-11D-2252-01	8	112369457	144770300	22424	0.1626
TCGA-HT-7689-01A-11D-2252-01	8	144776300	144778951	9	-0.6306
TCGA-HT-7689-01A-11D-2252-01	8	144790132	146268959	506	0.2294
TCGA-HT-7689-01A-11D-2252-01	9	36587	207074	34	-0.232
TCGA-HT-7689-01A-11D-2252-01	9	207087	31468016	26391	-0.5248
TCGA-HT-7689-01A-11D-2252-01	9	31471298	43523459	4931	-0.2288
TCGA-HT-7689-01A-11D-2252-01	9	43542722	44106012	36	0.2168
TCGA-HT-7689-01A-11D-2252-01	9	44108188	44173590	18	-0.1486
TCGA-HT-7689-01A-11D-2252-01	9	44174447	44213237	15	-0.7582
TCGA-HT-7689-01A-11D-2252-01	9	44325975	44569219	8	0.0791
TCGA-HT-7689-01A-11D-2252-01	9	44667855	44795733	36	-1.411
TCGA-HT-7689-01A-11D-2252-01	9	44806024	66435917	113	-0.146
TCGA-HT-7689-01A-11D-2252-01	9	66438522	66439058	2	-1.9694
TCGA-HT-7689-01A-11D-2252-01	9	66446318	89712414	14516	-0.1403
TCGA-HT-7689-01A-11D-2252-01	9	89743971	89744039	2	-1.8925
TCGA-HT-7689-01A-11D-2252-01	9	89747777	140211215	33781	-0.142
TCGA-HT-7689-01A-11D-2252-01	X	108477	602249	75	0.3436
TCGA-HT-7689-01A-11D-2252-01	X	602858	52969242	31071	-0.3077
TCGA-HT-7689-01A-11D-2252-01	X	52969577	57176064	1969	0.1521
TCGA-HT-7689-01A-11D-2252-01	X	57178738	57193429	12	0.6335
TCGA-HT-7689-01A-11D-2252-01	X	57193454	76270041	6993	0.2007
TCGA-HT-7689-01A-11D-2252-01	X	76278683	76353855	10	-0.3321
TCGA-HT-7689-01A-11D-2252-01	X	76388319	76440325	7	-1.2289
TCGA-HT-7689-01A-11D-2252-01	X	76461534	88699278	6762	0.1964
TCGA-HT-7689-01A-11D-2252-01	X	88700630	88703924	2	-1.1805
TCGA-HT-7689-01A-11D-2252-01	X	88708939	89027659	106	0.1718
TCGA-HT-7689-01A-11D-2252-01	X	89030236	89042895	2	-1.324
TCGA-HT-7689-01A-11D-2252-01	X	89048097	103140431	7374	0.1894
TCGA-HT-7689-01A-11D-2252-01	X	103144645	103191929	57	0.7006
TCGA-HT-7689-01A-11D-2252-01	X	103191966	151256565	28561	0.1736
TCGA-HT-7689-01A-11D-2252-01	X	151261654	151267281	3	-2.1058
TCGA-HT-7689-01A-11D-2252-01	X	151267973	154835548	1592	0.2083
TCGA-HT-7689-01A-11D-2252-01	Y	2710438	3045595	151	-3.2868
TCGA-HT-7689-01A-11D-2252-01	Y	3065268	6009434	623	-2.6708
TCGA-HT-7689-01A-11D-2252-01	Y	6009944	6161425	64	-3.1384
TCGA-HT-7689-01A-11D-2252-01	Y	6167901	6484299	128	-4.2892
TCGA-HT-7689-01A-11D-2252-01	Y	6486233	7459842	419	-3.3086
TCGA-HT-7689-01A-11D-2252-01	Y	7460746	10369564	1202	-3.7251
TCGA-HT-7689-01A-11D-2252-01	Y	10384614	18080874	3032	-3.4453
TCGA-HT-7689-01A-11D-2252-01	Y	18084284	19547685	704	-4.0667
TCGA-HT-7689-01A-11D-2252-01	Y	19547873	22063159	977	-3.4948
TCGA-HT-7689-01A-11D-2252-01	Y	22093119	22141842	11	-5.8859
TCGA-HT-7689-01A-11D-2252-01	Y	22145807	22192050	34	-3.6822
TCGA-HT-7689-01A-11D-2252-01	Y	22194433	22268551	30	-2.6985
TCGA-HT-7689-01A-11D-2252-01	Y	22268856	22758551	109	-4.0489
TCGA-HT-7689-01A-11D-2252-01	Y	22760048	22919906	81	-3.3885
TCGA-HT-7689-01A-11D-2252-01	Y	22924247	24627620	323	-4.0904
TCGA-HT-7689-01A-11D-2252-01	Y	24632208	24926921	83	-3.298
TCGA-HT-7689-01A-11D-2252-01	Y	24935600	25649572	86	-4.4964
TCGA-HT-7689-01A-11D-2252-01	Y	25664067	26129939	98	-3.2047
TCGA-HT-7689-01A-11D-2252-01	Y	26130472	26833326	251	-4.1118
TCGA-HT-7689-01A-11D-2252-01	Y	26847504	57427647	183	-2.9555
