barcode	chromosome	start	stop	num.mark	seg.mean
TCGA-FG-8182-10A-01D-2252-01	1	61735	356542	29	0.4662
TCGA-FG-8182-10A-01D-2252-01	1	404171	1627918	198	0.0457
TCGA-FG-8182-10A-01D-2252-01	1	1628418	1687587	17	0.9295
TCGA-FG-8182-10A-01D-2252-01	1	1687650	16149915	8172	0.0031
TCGA-FG-8182-10A-01D-2252-01	1	16153497	16154201	7	-1.5999
TCGA-FG-8182-10A-01D-2252-01	1	16154239	17005776	348	-0.008
TCGA-FG-8182-10A-01D-2252-01	1	17005978	17016177	15	0.4747
TCGA-FG-8182-10A-01D-2252-01	1	17016259	17190004	45	-0.1219
TCGA-FG-8182-10A-01D-2252-01	1	17190862	17283075	66	0.3958
TCGA-FG-8182-10A-01D-2252-01	1	17284920	22319001	3346	-0.0022
TCGA-FG-8182-10A-01D-2252-01	1	22320515	22337243	7	-1.0257
TCGA-FG-8182-10A-01D-2252-01	1	22338125	25582843	1915	0.0028
TCGA-FG-8182-10A-01D-2252-01	1	25583291	25696602	50	0.3843
TCGA-FG-8182-10A-01D-2252-01	1	25698469	72768498	28846	-0.0023
TCGA-FG-8182-10A-01D-2252-01	1	72768916	72811148	46	-1.3087
TCGA-FG-8182-10A-01D-2252-01	1	72811904	76050174	1930	0.0054
TCGA-FG-8182-10A-01D-2252-01	1	76050815	76059879	6	0.8438
TCGA-FG-8182-10A-01D-2252-01	1	76059959	106013376	19109	0.0039
TCGA-FG-8182-10A-01D-2252-01	1	106019205	106022375	17	-2.0923
TCGA-FG-8182-10A-01D-2252-01	1	106024055	110226743	2666	-4e-04
TCGA-FG-8182-10A-01D-2252-01	1	110226970	110242953	23	0.5227
TCGA-FG-8182-10A-01D-2252-01	1	110244998	112696572	1968	0.0078
TCGA-FG-8182-10A-01D-2252-01	1	112696615	112705956	16	0.4695
TCGA-FG-8182-10A-01D-2252-01	1	112706060	193155792	35441	0.0093
TCGA-FG-8182-10A-01D-2252-01	1	193156279	193156332	3	1.6263
TCGA-FG-8182-10A-01D-2252-01	1	193156348	196714873	2403	0.0206
TCGA-FG-8182-10A-01D-2252-01	1	196727850	196801655	87	-0.4463
TCGA-FG-8182-10A-01D-2252-01	1	196801784	249224388	35973	0.0064
TCGA-FG-8182-10A-01D-2252-01	10	72759	18173963	14903	0.0082
TCGA-FG-8182-10A-01D-2252-01	10	18185123	18199813	3	-1.8617
TCGA-FG-8182-10A-01D-2252-01	10	18223647	18256874	22	-0.1007
TCGA-FG-8182-10A-01D-2252-01	10	18257170	18258293	3	-1.1061
TCGA-FG-8182-10A-01D-2252-01	10	18264625	46312487	16655	0.0071
TCGA-FG-8182-10A-01D-2252-01	10	46485761	46511281	4	1.11
TCGA-FG-8182-10A-01D-2252-01	10	46527677	48902376	672	0.0331
TCGA-FG-8182-10A-01D-2252-01	10	48928791	48934756	2	-1.3608
TCGA-FG-8182-10A-01D-2252-01	10	48947018	58893186	6674	0.0179
TCGA-FG-8182-10A-01D-2252-01	10	58902170	58936909	35	-0.9009
TCGA-FG-8182-10A-01D-2252-01	10	58938552	83884278	16662	0.0059
TCGA-FG-8182-10A-01D-2252-01	10	83884660	83888667	5	-1.1233
TCGA-FG-8182-10A-01D-2252-01	10	83889620	135506704	35489	0.0032
TCGA-FG-8182-10A-01D-2252-01	11	198510	4967251	2475	0.0045
TCGA-FG-8182-10A-01D-2252-01	11	4967376	4977082	48	0.6183
TCGA-FG-8182-10A-01D-2252-01	11	4978382	5783052	778	0.0087
TCGA-FG-8182-10A-01D-2252-01	11	5783112	5809461	39	0.4292
TCGA-FG-8182-10A-01D-2252-01	11	5812360	18940870	9426	-0.0029
TCGA-FG-8182-10A-01D-2252-01	11	18949072	18962016	58	0.3292
TCGA-FG-8182-10A-01D-2252-01	11	18962133	25084215	4839	0.0021
TCGA-FG-8182-10A-01D-2252-01	11	25084909	25085737	3	-1.1253
TCGA-FG-8182-10A-01D-2252-01	11	25086509	49758987	16254	0.0075
TCGA-FG-8182-10A-01D-2252-01	11	49759555	49760688	6	-0.87
TCGA-FG-8182-10A-01D-2252-01	11	49766161	134944770	53254	0.0046
TCGA-FG-8182-10A-01D-2252-01	12	150442	290706	72	-0.0069
TCGA-FG-8182-10A-01D-2252-01	12	295525	296245	3	-1.924
TCGA-FG-8182-10A-01D-2252-01	12	299473	8442285	5505	0.009
TCGA-FG-8182-10A-01D-2252-01	12	8449112	8449217	2	2.524
TCGA-FG-8182-10A-01D-2252-01	12	8453466	9630556	623	-0.0181
TCGA-FG-8182-10A-01D-2252-01	12	9633870	9728292	25	-1.4531
TCGA-FG-8182-10A-01D-2252-01	12	9734969	10580460	635	4e-04
TCGA-FG-8182-10A-01D-2252-01	12	10583367	10586795	2	-0.9724
TCGA-FG-8182-10A-01D-2252-01	12	10587320	11219423	406	0.0214
TCGA-FG-8182-10A-01D-2252-01	12	11220724	11241532	12	0.5751
TCGA-FG-8182-10A-01D-2252-01	12	11251874	27645992	11392	0.0073
TCGA-FG-8182-10A-01D-2252-01	12	27647741	27651362	28	-0.7411
TCGA-FG-8182-10A-01D-2252-01	12	27657161	33301520	4179	3e-04
TCGA-FG-8182-10A-01D-2252-01	12	33301534	33307078	22	-0.5118
TCGA-FG-8182-10A-01D-2252-01	12	33307374	33386757	47	0.1344
TCGA-FG-8182-10A-01D-2252-01	12	33388829	33395142	4	-1.0805
TCGA-FG-8182-10A-01D-2252-01	12	33395418	73242116	22317	0.0018
TCGA-FG-8182-10A-01D-2252-01	12	73245404	73245405	2	1.5908
TCGA-FG-8182-10A-01D-2252-01	12	73253192	90483350	10565	0.0075
TCGA-FG-8182-10A-01D-2252-01	12	90491669	90492074	7	-1.5906
TCGA-FG-8182-10A-01D-2252-01	12	90493557	112193487	14411	0.0023
TCGA-FG-8182-10A-01D-2252-01	12	112195338	112197622	2	1.3035
TCGA-FG-8182-10A-01D-2252-01	12	112200061	121446746	6542	-0.0015
TCGA-FG-8182-10A-01D-2252-01	12	121449618	121449931	4	-0.9024
TCGA-FG-8182-10A-01D-2252-01	12	121451150	124688274	1449	0.0136
TCGA-FG-8182-10A-01D-2252-01	12	124694503	124769970	69	-1.2379
TCGA-FG-8182-10A-01D-2252-01	12	124772470	133778189	6788	0.0198
TCGA-FG-8182-10A-01D-2252-01	13	19026949	25035607	4058	0.0157
TCGA-FG-8182-10A-01D-2252-01	13	25039590	25039678	4	-0.9543
TCGA-FG-8182-10A-01D-2252-01	13	25040031	32532121	5590	-3e-04
TCGA-FG-8182-10A-01D-2252-01	13	32532622	32540047	19	0.3682
TCGA-FG-8182-10A-01D-2252-01	13	32541521	38075965	3908	0.0017
TCGA-FG-8182-10A-01D-2252-01	13	38076267	38084757	12	-0.5158
TCGA-FG-8182-10A-01D-2252-01	13	38088330	53094799	9915	0.0043
TCGA-FG-8182-10A-01D-2252-01	13	53097984	53105785	3	-1.7008
TCGA-FG-8182-10A-01D-2252-01	13	53117879	57751096	2628	0.0145
TCGA-FG-8182-10A-01D-2252-01	13	57758270	57778380	34	-0.6962
TCGA-FG-8182-10A-01D-2252-01	13	57789714	72476988	9006	0.025
TCGA-FG-8182-10A-01D-2252-01	13	72477555	72480556	4	-2.9708
TCGA-FG-8182-10A-01D-2252-01	13	72480605	98527274	16976	0.0103
TCGA-FG-8182-10A-01D-2252-01	13	98530124	98531465	6	-0.996
TCGA-FG-8182-10A-01D-2252-01	13	98533830	113533876	11531	0.0121
TCGA-FG-8182-10A-01D-2252-01	13	113534061	113534208	3	1.2742
TCGA-FG-8182-10A-01D-2252-01	13	113534835	115108397	654	-0.0082
TCGA-FG-8182-10A-01D-2252-01	14	19002124	19417203	28	0.2496
TCGA-FG-8182-10A-01D-2252-01	14	19422533	20281464	89	-0.0887
TCGA-FG-8182-10A-01D-2252-01	14	20283033	20292191	3	0.7919
TCGA-FG-8182-10A-01D-2252-01	14	20292405	20422583	69	-0.3432
TCGA-FG-8182-10A-01D-2252-01	14	20423372	106530364	55001	0.0071
TCGA-FG-8182-10A-01D-2252-01	14	106530687	106567100	17	0.9402
TCGA-FG-8182-10A-01D-2252-01	14	106569463	106715489	66	0.1032
TCGA-FG-8182-10A-01D-2252-01	14	106717356	106740774	13	-0.6134
TCGA-FG-8182-10A-01D-2252-01	14	106746725	106751284	5	0.1119
TCGA-FG-8182-10A-01D-2252-01	14	106753859	106753867	3	2.188
TCGA-FG-8182-10A-01D-2252-01	14	106754003	106777343	14	0.1126
TCGA-FG-8182-10A-01D-2252-01	14	106783044	106802053	8	1.5546
TCGA-FG-8182-10A-01D-2252-01	14	106815943	106879831	34	0.0231
TCGA-FG-8182-10A-01D-2252-01	14	106881352	106952515	63	-0.4407
TCGA-FG-8182-10A-01D-2252-01	14	106952836	107133417	91	0.0372
TCGA-FG-8182-10A-01D-2252-01	14	107134759	107135614	2	-1.6133
TCGA-FG-8182-10A-01D-2252-01	14	107137831	107285437	118	0.0046
TCGA-FG-8182-10A-01D-2252-01	15	20016328	20573344	86	0.1332
TCGA-FG-8182-10A-01D-2252-01	15	20574158	20627492	58	0.529
TCGA-FG-8182-10A-01D-2252-01	15	20646575	20843562	15	-0.0873
TCGA-FG-8182-10A-01D-2252-01	15	20847933	22587474	263	0.5975
TCGA-FG-8182-10A-01D-2252-01	15	22673399	24288092	811	0.0117
TCGA-FG-8182-10A-01D-2252-01	15	24288234	24288324	2	-1.2308
TCGA-FG-8182-10A-01D-2252-01	15	24294845	29744661	3459	0.0199
TCGA-FG-8182-10A-01D-2252-01	15	29746034	29746475	4	-0.8853
TCGA-FG-8182-10A-01D-2252-01	15	29748472	30505109	423	0.0268
TCGA-FG-8182-10A-01D-2252-01	15	30505160	30743145	71	-0.3323
TCGA-FG-8182-10A-01D-2252-01	15	30747394	32512220	1087	0.0256
TCGA-FG-8182-10A-01D-2252-01	15	32531316	32770278	30	-0.4158
TCGA-FG-8182-10A-01D-2252-01	15	32770460	34714123	1509	0.0148
TCGA-FG-8182-10A-01D-2252-01	15	34719795	34862259	75	-0.6051
TCGA-FG-8182-10A-01D-2252-01	15	34862723	47519119	7637	0.0053
TCGA-FG-8182-10A-01D-2252-01	15	47519545	47519554	2	1.2431
TCGA-FG-8182-10A-01D-2252-01	15	47525661	76878362	18831	-4e-04
TCGA-FG-8182-10A-01D-2252-01	15	76891241	76895775	22	1.0343
TCGA-FG-8182-10A-01D-2252-01	15	76902179	84540717	4433	0
TCGA-FG-8182-10A-01D-2252-01	15	84540738	84547547	8	-1.0035
TCGA-FG-8182-10A-01D-2252-01	15	84547867	97262051	9428	0.0069
TCGA-FG-8182-10A-01D-2252-01	15	97263650	97264678	4	-1.3796
TCGA-FG-8182-10A-01D-2252-01	15	97269781	102469040	3818	0.0073
TCGA-FG-8182-10A-01D-2252-01	16	60777	16567884	11796	0.0128
TCGA-FG-8182-10A-01D-2252-01	16	16568200	16862006	41	0.4094
TCGA-FG-8182-10A-01D-2252-01	16	16869148	21520538	2633	0.0112
TCGA-FG-8182-10A-01D-2252-01	16	21533222	21586724	17	-0.5486
TCGA-FG-8182-10A-01D-2252-01	16	21588788	22591245	379	0.0083
TCGA-FG-8182-10A-01D-2252-01	16	22602868	22718304	65	-0.3688
TCGA-FG-8182-10A-01D-2252-01	16	22718386	29345440	4255	0.0047
TCGA-FG-8182-10A-01D-2252-01	16	29347129	29358351	4	1.2343
TCGA-FG-8182-10A-01D-2252-01	16	29358364	55796594	8147	0.0133
TCGA-FG-8182-10A-01D-2252-01	16	55798222	55798779	3	3.6923
TCGA-FG-8182-10A-01D-2252-01	16	55804348	55810021	8	1.17
TCGA-FG-8182-10A-01D-2252-01	16	55810207	78371608	14443	0.0054
TCGA-FG-8182-10A-01D-2252-01	16	78372440	78384765	17	0.7734
TCGA-FG-8182-10A-01D-2252-01	16	78385001	90287535	10651	-0.0024
TCGA-FG-8182-10A-01D-2252-01	17	526	665044	337	0.0327
TCGA-FG-8182-10A-01D-2252-01	17	667243	667377	2	1.3352
TCGA-FG-8182-10A-01D-2252-01	17	678491	6100784	3038	0.005
TCGA-FG-8182-10A-01D-2252-01	17	6100796	6100811	2	-1.8237
TCGA-FG-8182-10A-01D-2252-01	17	6101043	16722801	7148	0.0165
TCGA-FG-8182-10A-01D-2252-01	17	16735532	16741515	4	-1.0179
TCGA-FG-8182-10A-01D-2252-01	17	16741528	21838258	2325	0.0092
TCGA-FG-8182-10A-01D-2252-01	17	21842921	21848623	7	-1.0221
TCGA-FG-8182-10A-01D-2252-01	17	21850014	31306768	3037	0.0068
TCGA-FG-8182-10A-01D-2252-01	17	31310034	31312415	3	-1.0531
TCGA-FG-8182-10A-01D-2252-01	17	31312527	34436708	2500	-0.0037
TCGA-FG-8182-10A-01D-2252-01	17	34437128	34535651	39	0.4509
TCGA-FG-8182-10A-01D-2252-01	17	34543343	35138283	278	0.0164
TCGA-FG-8182-10A-01D-2252-01	17	35139076	35146671	16	-1.1016
TCGA-FG-8182-10A-01D-2252-01	17	35147345	39423026	2248	0.0038
TCGA-FG-8182-10A-01D-2252-01	17	39423057	39430531	22	-0.4811
TCGA-FG-8182-10A-01D-2252-01	17	39432724	44166455	2516	0.0087
TCGA-FG-8182-10A-01D-2252-01	17	44166500	44394414	123	0.4449
TCGA-FG-8182-10A-01D-2252-01	17	44394420	78628863	20707	0.001
TCGA-FG-8182-10A-01D-2252-01	17	78629793	78634179	2	1.8907
TCGA-FG-8182-10A-01D-2252-01	17	78634300	81049726	962	-8e-04
TCGA-FG-8182-10A-01D-2252-01	18	11543	1221984	862	0.0169
TCGA-FG-8182-10A-01D-2252-01	18	1224564	1224703	2	-1.4247
TCGA-FG-8182-10A-01D-2252-01	18	1227832	38260448	21988	0.0071
TCGA-FG-8182-10A-01D-2252-01	18	38260470	38269498	18	-0.418
TCGA-FG-8182-10A-01D-2252-01	18	38269812	40056601	1215	0.016
TCGA-FG-8182-10A-01D-2252-01	18	40056637	40057434	20	0.4458
TCGA-FG-8182-10A-01D-2252-01	18	40057455	49880242	6770	2e-04
TCGA-FG-8182-10A-01D-2252-01	18	49880892	49881326	3	-1.3606
TCGA-FG-8182-10A-01D-2252-01	18	49882186	51204135	910	-0.0066
TCGA-FG-8182-10A-01D-2252-01	18	51207209	51210640	5	-1.1268
TCGA-FG-8182-10A-01D-2252-01	18	51212148	51266861	59	-0.0302
TCGA-FG-8182-10A-01D-2252-01	18	51267097	51267210	4	0.9996
TCGA-FG-8182-10A-01D-2252-01	18	51267350	64959323	9367	0.0065
TCGA-FG-8182-10A-01D-2252-01	18	64959372	64967265	18	-0.6622
TCGA-FG-8182-10A-01D-2252-01	18	64967718	67286777	1848	0.0362
TCGA-FG-8182-10A-01D-2252-01	18	67286903	67287029	3	-1.0331
TCGA-FG-8182-10A-01D-2252-01	18	67288646	78015057	7748	0.0274
TCGA-FG-8182-10A-01D-2252-01	19	90910	5506659	1598	0.0221
TCGA-FG-8182-10A-01D-2252-01	19	5510239	5510653	3	1.0221
TCGA-FG-8182-10A-01D-2252-01	19	5510700	8411656	1362	0.0184
TCGA-FG-8182-10A-01D-2252-01	19	8412172	8414301	2	-2.4981
TCGA-FG-8182-10A-01D-2252-01	19	8421007	24374419	8251	0.0181
TCGA-FG-8182-10A-01D-2252-01	19	24375449	24402242	11	-0.6935
TCGA-FG-8182-10A-01D-2252-01	19	24419375	24460818	16	-0.0261
TCGA-FG-8182-10A-01D-2252-01	19	24461420	24464957	9	-0.7525
TCGA-FG-8182-10A-01D-2252-01	19	24487682	33647379	4091	0.0083
TCGA-FG-8182-10A-01D-2252-01	19	33648915	33651455	2	1.3782
TCGA-FG-8182-10A-01D-2252-01	19	33652247	35849187	1482	0.0046
TCGA-FG-8182-10A-01D-2252-01	19	35849221	35866744	26	-0.4475
TCGA-FG-8182-10A-01D-2252-01	19	35866786	48917032	6614	0.0131
TCGA-FG-8182-10A-01D-2252-01	19	48919939	48924963	2	-2.0336
TCGA-FG-8182-10A-01D-2252-01	19	48926565	52131813	1498	0.0129
TCGA-FG-8182-10A-01D-2252-01	19	52142352	52148197	11	-2.6611
TCGA-FG-8182-10A-01D-2252-01	19	52154905	59097854	4387	0.0209
TCGA-FG-8182-10A-01D-2252-01	2	12784	14703694	11055	0.0086
TCGA-FG-8182-10A-01D-2252-01	2	14704949	14710092	12	-0.8945
TCGA-FG-8182-10A-01D-2252-01	2	14710364	34701394	13059	0.0082
TCGA-FG-8182-10A-01D-2252-01	2	34701583	34701735	4	-2.8923
TCGA-FG-8182-10A-01D-2252-01	2	34708632	34717908	23	-1.2433
TCGA-FG-8182-10A-01D-2252-01	2	34717974	34737057	17	-2.6448
TCGA-FG-8182-10A-01D-2252-01	2	34737163	35968036	877	0.0296
TCGA-FG-8182-10A-01D-2252-01	2	35975973	35987916	7	0.9939
TCGA-FG-8182-10A-01D-2252-01	2	35987947	52754881	12171	0.0076
TCGA-FG-8182-10A-01D-2252-01	2	52758753	52781542	33	-0.5266
TCGA-FG-8182-10A-01D-2252-01	2	52787949	81946861	19074	0.0074
TCGA-FG-8182-10A-01D-2252-01	2	81949963	81950495	2	-1.8683
TCGA-FG-8182-10A-01D-2252-01	2	81953532	89966824	3828	0.012
TCGA-FG-8182-10A-01D-2252-01	2	89972681	90116820	60	-0.862
TCGA-FG-8182-10A-01D-2252-01	2	90118737	90227870	58	-0.5051
TCGA-FG-8182-10A-01D-2252-01	2	90230027	90267103	33	-1.0411
TCGA-FG-8182-10A-01D-2252-01	2	90267121	98154265	1048	0.0323
TCGA-FG-8182-10A-01D-2252-01	2	98157272	98161710	3	-1.2066
TCGA-FG-8182-10A-01D-2252-01	2	98162189	106880095	5584	-1e-04
TCGA-FG-8182-10A-01D-2252-01	2	106880713	106885357	11	0.6558
TCGA-FG-8182-10A-01D-2252-01	2	106887255	117565888	5781	0.0118
TCGA-FG-8182-10A-01D-2252-01	2	117566438	117589853	13	0.5453
TCGA-FG-8182-10A-01D-2252-01	2	117591245	184793851	41507	0.0042
TCGA-FG-8182-10A-01D-2252-01	2	184794400	184802315	16	-0.8528
TCGA-FG-8182-10A-01D-2252-01	2	184802441	203290013	10507	0.0195
TCGA-FG-8182-10A-01D-2252-01	2	203290033	203302735	21	0.4031
TCGA-FG-8182-10A-01D-2252-01	2	203302753	227342038	15510	0.0037
TCGA-FG-8182-10A-01D-2252-01	2	227342788	227346068	5	-1.3142
TCGA-FG-8182-10A-01D-2252-01	2	227347799	238190533	7017	-2e-04
TCGA-FG-8182-10A-01D-2252-01	2	238192552	238192670	2	-1.3518
TCGA-FG-8182-10A-01D-2252-01	2	238194122	242783396	2647	0.0028
TCGA-FG-8182-10A-01D-2252-01	2	242915466	243034519	110	-0.8794
TCGA-FG-8182-10A-01D-2252-01	2	243034686	243089456	30	0.0079
TCGA-FG-8182-10A-01D-2252-01	20	61305	61307	3	-0.6696
TCGA-FG-8182-10A-01D-2252-01	20	61308	1557190	1183	0.0033
TCGA-FG-8182-10A-01D-2252-01	20	1557219	1560999	20	-0.7657
TCGA-FG-8182-10A-01D-2252-01	20	1561580	1593893	41	1.2798
TCGA-FG-8182-10A-01D-2252-01	20	1597946	4018460	1677	-0.0055
TCGA-FG-8182-10A-01D-2252-01	20	4020945	4040740	24	0.3659
TCGA-FG-8182-10A-01D-2252-01	20	4040763	15301374	8710	0.0118
TCGA-FG-8182-10A-01D-2252-01	20	15301902	15302049	2	-2.2324
TCGA-FG-8182-10A-01D-2252-01	20	15302374	31517640	9294	0.0018
TCGA-FG-8182-10A-01D-2252-01	20	31520720	31521185	3	-1.2144
TCGA-FG-8182-10A-01D-2252-01	20	31529834	41260512	5950	0.0047
TCGA-FG-8182-10A-01D-2252-01	20	41260538	41277097	36	0.314
TCGA-FG-8182-10A-01D-2252-01	20	41278809	62956153	15578	0.0017
TCGA-FG-8182-10A-01D-2252-01	21	10736871	38208010	17181	0.0182
TCGA-FG-8182-10A-01D-2252-01	21	38208434	38212013	3	-1.7591
TCGA-FG-8182-10A-01D-2252-01	21	38212209	48096957	7240	-0.0031
TCGA-FG-8182-10A-01D-2252-01	22	16052528	24337949	4624	0.007
TCGA-FG-8182-10A-01D-2252-01	22	24344422	24396814	20	-1.6768
TCGA-FG-8182-10A-01D-2252-01	22	24401529	25684408	833	-0.0029
TCGA-FG-8182-10A-01D-2252-01	22	25684831	25685837	2	1.4045
TCGA-FG-8182-10A-01D-2252-01	22	25689073	51234455	18093	2e-04
TCGA-FG-8182-10A-01D-2252-01	3	60345	10629780	9018	0.0218
TCGA-FG-8182-10A-01D-2252-01	3	10632306	10632312	2	-1.5097
TCGA-FG-8182-10A-01D-2252-01	3	10632679	26595809	11045	6e-04
TCGA-FG-8182-10A-01D-2252-01	3	26598888	26614982	25	0.4451
TCGA-FG-8182-10A-01D-2252-01	3	26614984	46793377	13180	0.0061
TCGA-FG-8182-10A-01D-2252-01	3	46801817	46849589	40	-0.9864
TCGA-FG-8182-10A-01D-2252-01	3	46859479	47478509	269	-0.0382
TCGA-FG-8182-10A-01D-2252-01	3	47491822	47492720	2	-2.7874
TCGA-FG-8182-10A-01D-2252-01	3	47497214	98937784	30275	0.0033
TCGA-FG-8182-10A-01D-2252-01	3	98944458	98949421	38	0.3567
TCGA-FG-8182-10A-01D-2252-01	3	98950964	129762859	18757	8e-04
TCGA-FG-8182-10A-01D-2252-01	3	129763698	129806236	52	0.539
TCGA-FG-8182-10A-01D-2252-01	3	129806924	162532950	20309	0.0072
TCGA-FG-8182-10A-01D-2252-01	3	162534730	162540490	6	-1.6024
TCGA-FG-8182-10A-01D-2252-01	3	162545716	167842835	2962	0.0268
TCGA-FG-8182-10A-01D-2252-01	3	167844522	167874542	8	-0.9561
TCGA-FG-8182-10A-01D-2252-01	3	167875204	183481246	9764	0.0135
TCGA-FG-8182-10A-01D-2252-01	3	183481434	183481496	2	-1.8184
TCGA-FG-8182-10A-01D-2252-01	3	183486117	189360754	4008	0.001
TCGA-FG-8182-10A-01D-2252-01	3	189363678	189370988	12	-0.8589
TCGA-FG-8182-10A-01D-2252-01	3	189371014	192877902	2498	0.005
TCGA-FG-8182-10A-01D-2252-01	3	192877962	192880842	11	-0.602
TCGA-FG-8182-10A-01D-2252-01	3	192882404	197895985	2712	0.0032
TCGA-FG-8182-10A-01D-2252-01	3	197896002	197896118	3	1.0231
TCGA-FG-8182-10A-01D-2252-01	4	12281	10210390	5804	0.0072
TCGA-FG-8182-10A-01D-2252-01	4	10223416	10231498	28	-1.6885
TCGA-FG-8182-10A-01D-2252-01	4	10234214	34779004	17005	0.0034
TCGA-FG-8182-10A-01D-2252-01	4	34779025	34830004	46	0.4963
TCGA-FG-8182-10A-01D-2252-01	4	34831818	49169946	8981	0.0103
TCGA-FG-8182-10A-01D-2252-01	4	49179856	49620885	23	0.3821
TCGA-FG-8182-10A-01D-2252-01	4	49643763	61936938	6088	-0.0038
TCGA-FG-8182-10A-01D-2252-01	4	61940935	61941952	2	-1.1306
TCGA-FG-8182-10A-01D-2252-01	4	61945686	64693940	1503	0.0186
TCGA-FG-8182-10A-01D-2252-01	4	64697469	64722216	33	0.5237
TCGA-FG-8182-10A-01D-2252-01	4	64722540	69374955	2880	0.0128
TCGA-FG-8182-10A-01D-2252-01	4	69375160	69485979	63	-1.6007
TCGA-FG-8182-10A-01D-2252-01	4	69489335	70389716	494	0.1147
TCGA-FG-8182-10A-01D-2252-01	4	70389861	70390779	2	-2.7933
TCGA-FG-8182-10A-01D-2252-01	4	70391888	99512168	17759	0.0011
TCGA-FG-8182-10A-01D-2252-01	4	99513448	99521345	3	-1.5333
TCGA-FG-8182-10A-01D-2252-01	4	99523707	104745571	3183	0.0042
TCGA-FG-8182-10A-01D-2252-01	4	104751630	104751637	5	1.3376
TCGA-FG-8182-10A-01D-2252-01	4	104751644	116161386	6944	0.0098
TCGA-FG-8182-10A-01D-2252-01	4	116164137	116180182	33	0.2999
TCGA-FG-8182-10A-01D-2252-01	4	116180236	130195588	8189	0.0106
TCGA-FG-8182-10A-01D-2252-01	4	130197796	130198465	2	-1.459
TCGA-FG-8182-10A-01D-2252-01	4	130199565	137942909	4342	0.0257
TCGA-FG-8182-10A-01D-2252-01	4	137943042	137943055	3	-2.0181
TCGA-FG-8182-10A-01D-2252-01	4	137946369	138092195	97	0.0075
TCGA-FG-8182-10A-01D-2252-01	4	138092239	138092926	11	-0.7533
TCGA-FG-8182-10A-01D-2252-01	4	138092938	170844144	20501	0.0107
TCGA-FG-8182-10A-01D-2252-01	4	170844480	170847041	4	-0.9662
TCGA-FG-8182-10A-01D-2252-01	4	170847532	172369346	970	0.0173
TCGA-FG-8182-10A-01D-2252-01	4	172374884	172377458	9	0.9506
TCGA-FG-8182-10A-01D-2252-01	4	172377710	172987928	398	0.0192
TCGA-FG-8182-10A-01D-2252-01	4	172989148	172989533	12	-1.6228
TCGA-FG-8182-10A-01D-2252-01	4	172995979	183568672	7137	0.0268
TCGA-FG-8182-10A-01D-2252-01	4	183571340	183572352	3	-1.0186
TCGA-FG-8182-10A-01D-2252-01	4	183572390	184977546	864	0.0213
TCGA-FG-8182-10A-01D-2252-01	4	184984802	184986511	3	-1.3877
TCGA-FG-8182-10A-01D-2252-01	4	184987671	191027923	4127	0.031
TCGA-FG-8182-10A-01D-2252-01	5	15532	685748	307	-0.0026
TCGA-FG-8182-10A-01D-2252-01	5	698371	773547	28	0.6039
TCGA-FG-8182-10A-01D-2252-01	5	773568	12815780	9892	0.0107
TCGA-FG-8182-10A-01D-2252-01	5	12815865	12838533	13	-1.339
TCGA-FG-8182-10A-01D-2252-01	5	12849201	17608256	3195	0.0114
TCGA-FG-8182-10A-01D-2252-01	5	17625374	17642551	10	-0.9937
TCGA-FG-8182-10A-01D-2252-01	5	17655138	21431706	2325	0.0264
TCGA-FG-8182-10A-01D-2252-01	5	21433596	21452496	18	0.4566
TCGA-FG-8182-10A-01D-2252-01	5	21454939	24778106	1916	0.0193
TCGA-FG-8182-10A-01D-2252-01	5	24778376	24781828	15	-0.7107
TCGA-FG-8182-10A-01D-2252-01	5	24786926	46251306	13102	0.0079
TCGA-FG-8182-10A-01D-2252-01	5	46271008	46273502	8	1.0005
TCGA-FG-8182-10A-01D-2252-01	5	46278212	57321646	5083	0.0068
TCGA-FG-8182-10A-01D-2252-01	5	57326027	57333515	31	1.578
TCGA-FG-8182-10A-01D-2252-01	5	57333533	62042182	3093	-0.0072
TCGA-FG-8182-10A-01D-2252-01	5	62046517	62047679	4	-0.8202
TCGA-FG-8182-10A-01D-2252-01	5	62048009	62793021	487	0.0226
TCGA-FG-8182-10A-01D-2252-01	5	62801660	62828641	11	-0.9412
TCGA-FG-8182-10A-01D-2252-01	5	62845826	68846303	3712	0.0043
TCGA-FG-8182-10A-01D-2252-01	5	68867294	69118135	5	1.4999
TCGA-FG-8182-10A-01D-2252-01	5	69233427	72936664	1416	-0.0016
TCGA-FG-8182-10A-01D-2252-01	5	72943674	72944181	3	-0.9451
TCGA-FG-8182-10A-01D-2252-01	5	72945999	75450020	1736	0.0018
TCGA-FG-8182-10A-01D-2252-01	5	75450067	75450144	3	1.3452
TCGA-FG-8182-10A-01D-2252-01	5	75450176	78107908	1810	-0.0079
TCGA-FG-8182-10A-01D-2252-01	5	78109991	78111171	3	-1.1075
TCGA-FG-8182-10A-01D-2252-01	5	78115511	180790320	64957	0.005
TCGA-FG-8182-10A-01D-2252-01	6	149661	500453	304	-0.057
TCGA-FG-8182-10A-01D-2252-01	6	502108	506231	2	-1.2577
TCGA-FG-8182-10A-01D-2252-01	6	506794	6026211	4556	0.0021
TCGA-FG-8182-10A-01D-2252-01	6	6033931	6034436	3	-1.0926
TCGA-FG-8182-10A-01D-2252-01	6	6037045	8925346	2355	-0.0035
TCGA-FG-8182-10A-01D-2252-01	6	8927511	8927512	2	-1.5083
TCGA-FG-8182-10A-01D-2252-01	6	8928968	29837188	14532	0.0053
TCGA-FG-8182-10A-01D-2252-01	6	29837314	29849267	14	-0.8242
TCGA-FG-8182-10A-01D-2252-01	6	29850196	31280823	674	0.0122
TCGA-FG-8182-10A-01D-2252-01	6	31286276	31296451	11	1.6313
TCGA-FG-8182-10A-01D-2252-01	6	31309924	32501299	525	0.0693
TCGA-FG-8182-10A-01D-2252-01	6	32508476	32518769	5	-1.5502
TCGA-FG-8182-10A-01D-2252-01	6	32527284	32595083	29	-0.0349
TCGA-FG-8182-10A-01D-2252-01	6	32595232	32602107	3	-1.9828
TCGA-FG-8182-10A-01D-2252-01	6	32602269	53931275	13770	0.0012
TCGA-FG-8182-10A-01D-2252-01	6	53931380	53931855	4	-1.5729
TCGA-FG-8182-10A-01D-2252-01	6	53935348	65336942	4358	0.0267
TCGA-FG-8182-10A-01D-2252-01	6	65347544	65348992	2	-1.9019
TCGA-FG-8182-10A-01D-2252-01	6	65350776	66393348	698	0.0193
TCGA-FG-8182-10A-01D-2252-01	6	66394090	66399549	5	0.7824
TCGA-FG-8182-10A-01D-2252-01	6	66399553	67038046	437	0.0419
TCGA-FG-8182-10A-01D-2252-01	6	67040913	67042897	6	-2.3322
TCGA-FG-8182-10A-01D-2252-01	6	67043192	77436532	6802	0.0137
TCGA-FG-8182-10A-01D-2252-01	6	77439868	77452382	15	-0.6471
TCGA-FG-8182-10A-01D-2252-01	6	77452392	78971834	993	0.0214
TCGA-FG-8182-10A-01D-2252-01	6	78972088	79045902	112	0.3185
TCGA-FG-8182-10A-01D-2252-01	6	79046661	103734829	15489	0.0126
TCGA-FG-8182-10A-01D-2252-01	6	103737976	103762061	46	-0.9073
TCGA-FG-8182-10A-01D-2252-01	6	103765470	134346272	19142	0.0052
TCGA-FG-8182-10A-01D-2252-01	6	134350243	134350503	2	-1.3337
TCGA-FG-8182-10A-01D-2252-01	6	134354424	157779495	15690	0.0064
TCGA-FG-8182-10A-01D-2252-01	6	157781264	157796076	3	1.4474
TCGA-FG-8182-10A-01D-2252-01	6	157796994	167601348	7313	0.0088
TCGA-FG-8182-10A-01D-2252-01	6	167607596	167608015	2	-1.2075
TCGA-FG-8182-10A-01D-2252-01	6	167609283	171051005	2124	-0.002
TCGA-FG-8182-10A-01D-2252-01	7	43355	155090	93	0.0175
TCGA-FG-8182-10A-01D-2252-01	7	155133	158626	8	-1.0166
TCGA-FG-8182-10A-01D-2252-01	7	161442	38294996	27356	0.0128
TCGA-FG-8182-10A-01D-2252-01	7	38297835	38349104	79	0.2431
TCGA-FG-8182-10A-01D-2252-01	7	38351830	38357308	21	-0.0914
TCGA-FG-8182-10A-01D-2252-01	7	38357323	38404387	27	0.4205
TCGA-FG-8182-10A-01D-2252-01	7	38404971	41910896	2336	0.0017
TCGA-FG-8182-10A-01D-2252-01	7	41913198	41913366	2	-1.4138
TCGA-FG-8182-10A-01D-2252-01	7	41914937	54380373	8675	0.016
TCGA-FG-8182-10A-01D-2252-01	7	54386505	54386517	6	-1.7812
TCGA-FG-8182-10A-01D-2252-01	7	54393488	54928975	403	0.0405
TCGA-FG-8182-10A-01D-2252-01	7	54931806	54935343	6	0.6386
TCGA-FG-8182-10A-01D-2252-01	7	54939080	124930633	37725	0.011
TCGA-FG-8182-10A-01D-2252-01	7	124930722	124933223	2	-1.9234
TCGA-FG-8182-10A-01D-2252-01	7	124933877	126045556	763	0.0394
TCGA-FG-8182-10A-01D-2252-01	7	126045651	126046615	10	-1.2649
TCGA-FG-8182-10A-01D-2252-01	7	126046876	133785195	4708	0.0067
TCGA-FG-8182-10A-01D-2252-01	7	133785211	133798846	34	0.6168
TCGA-FG-8182-10A-01D-2252-01	7	133799154	142253345	5570	0.0089
TCGA-FG-8182-10A-01D-2252-01	7	142253550	142253685	2	-1.3584
TCGA-FG-8182-10A-01D-2252-01	7	142253894	142474939	124	0.1294
TCGA-FG-8182-10A-01D-2252-01	7	142476719	142486345	29	0.7948
TCGA-FG-8182-10A-01D-2252-01	7	142486495	143909445	841	0.0591
TCGA-FG-8182-10A-01D-2252-01	7	143911624	144066947	39	0.7894
TCGA-FG-8182-10A-01D-2252-01	7	144074929	154389895	6450	0.0173
TCGA-FG-8182-10A-01D-2252-01	7	154393171	154399613	4	1.5719
TCGA-FG-8182-10A-01D-2252-01	7	154400830	156391790	1611	-0.0045
TCGA-FG-8182-10A-01D-2252-01	7	156393168	156394179	3	-1.3328
TCGA-FG-8182-10A-01D-2252-01	7	156394908	159117614	1619	0.0065
TCGA-FG-8182-10A-01D-2252-01	7	159117641	159127004	13	-1.0915
TCGA-FG-8182-10A-01D-2252-01	8	31254	5598764	6101	0.0264
TCGA-FG-8182-10A-01D-2252-01	8	5598770	5603986	20	-0.7361
TCGA-FG-8182-10A-01D-2252-01	8	5604007	18265154	10634	0.0067
TCGA-FG-8182-10A-01D-2252-01	8	18266157	18271185	4	-1.8174
TCGA-FG-8182-10A-01D-2252-01	8	18271387	18271948	2	-0.4971
TCGA-FG-8182-10A-01D-2252-01	8	18272133	24972187	5091	-0.0019
TCGA-FG-8182-10A-01D-2252-01	8	24974443	24974522	3	-0.8254
TCGA-FG-8182-10A-01D-2252-01	8	24974577	24984223	22	-2.5007
TCGA-FG-8182-10A-01D-2252-01	8	24984250	34269865	6356	0
TCGA-FG-8182-10A-01D-2252-01	8	34275401	34275425	2	-1.3465
TCGA-FG-8182-10A-01D-2252-01	8	34277594	39230659	2684	0.0164
TCGA-FG-8182-10A-01D-2252-01	8	39235603	39386965	58	-2.2043
TCGA-FG-8182-10A-01D-2252-01	8	39388299	47525576	2775	-0.0012
TCGA-FG-8182-10A-01D-2252-01	8	47527548	47535266	8	0.6445
TCGA-FG-8182-10A-01D-2252-01	8	47536546	72791743	15561	0.0065
TCGA-FG-8182-10A-01D-2252-01	8	72792651	72807163	6	-0.8482
TCGA-FG-8182-10A-01D-2252-01	8	72811579	103992564	18724	0.0052
TCGA-FG-8182-10A-01D-2252-01	8	103992590	103997435	4	-0.9131
TCGA-FG-8182-10A-01D-2252-01	8	103998546	112295038	5005	0.003
TCGA-FG-8182-10A-01D-2252-01	8	112295081	112295260	4	-2.2523
TCGA-FG-8182-10A-01D-2252-01	8	112300281	115634554	1830	0.0094
TCGA-FG-8182-10A-01D-2252-01	8	115634653	115641569	30	-0.5829
TCGA-FG-8182-10A-01D-2252-01	8	115641585	146298155	21081	-5e-04
TCGA-FG-8182-10A-01D-2252-01	9	46587	103433141	54524	0.0092
TCGA-FG-8182-10A-01D-2252-01	9	103433868	103434097	2	-1.3282
TCGA-FG-8182-10A-01D-2252-01	9	103437775	141091394	25454	0.0044
TCGA-FG-8182-10A-01D-2252-01	X	168477	3134614	421	0.0099
TCGA-FG-8182-10A-01D-2252-01	X	3135294	3140718	6	-1.1715
TCGA-FG-8182-10A-01D-2252-01	X	3140913	5158364	1484	0.0625
TCGA-FG-8182-10A-01D-2252-01	X	5160947	5162224	2	-2.5089
TCGA-FG-8182-10A-01D-2252-01	X	5165812	7014761	1508	0.0229
TCGA-FG-8182-10A-01D-2252-01	X	7014767	7019234	5	-2.3985
TCGA-FG-8182-10A-01D-2252-01	X	7019502	25811009	12329	0.0076
TCGA-FG-8182-10A-01D-2252-01	X	25811099	25814128	2	-4.5858
TCGA-FG-8182-10A-01D-2252-01	X	25814596	34657738	5998	0.0193
TCGA-FG-8182-10A-01D-2252-01	X	34659630	34662381	4	-1.9831
TCGA-FG-8182-10A-01D-2252-01	X	34662640	38114374	1954	0.0152
TCGA-FG-8182-10A-01D-2252-01	X	38115242	38115485	2	-4.11
TCGA-FG-8182-10A-01D-2252-01	X	38116722	43613187	3139	0.0208
TCGA-FG-8182-10A-01D-2252-01	X	43620636	43621299	2	-6.204
TCGA-FG-8182-10A-01D-2252-01	X	43621409	62410541	6929	0.0189
TCGA-FG-8182-10A-01D-2252-01	X	62433552	62470853	9	0.6885
TCGA-FG-8182-10A-01D-2252-01	X	62471018	62478259	7	1.5053
TCGA-FG-8182-10A-01D-2252-01	X	62480899	62505868	12	0.8929
TCGA-FG-8182-10A-01D-2252-01	X	62517002	69865214	3477	0.0081
TCGA-FG-8182-10A-01D-2252-01	X	69865813	69865845	2	-4.1594
TCGA-FG-8182-10A-01D-2252-01	X	69866034	112755277	22158	0.019
TCGA-FG-8182-10A-01D-2252-01	X	112755748	112756326	5	-2.3569
TCGA-FG-8182-10A-01D-2252-01	X	112756531	134753919	12543	0.0114
TCGA-FG-8182-10A-01D-2252-01	X	134757482	134769596	11	-1.2538
TCGA-FG-8182-10A-01D-2252-01	X	134772766	155182354	12488	0.011
TCGA-FG-8182-10A-01D-2252-01	Y	2650438	59018259	8635	-0.9088
