barcode	chromosome	start	stop	num.mark	seg.mean
TCGA-DU-8166-10A-01D-2252-01	1	61735	229158	21	0.1634
TCGA-DU-8166-10A-01D-2252-01	1	229173	356542	8	0.775
TCGA-DU-8166-10A-01D-2252-01	1	404171	16149915	8390	-0.0053
TCGA-DU-8166-10A-01D-2252-01	1	16153497	16154201	7	-2.0887
TCGA-DU-8166-10A-01D-2252-01	1	16154239	16167780	5	-0.6427
TCGA-DU-8166-10A-01D-2252-01	1	16167799	17005978	344	-0.0016
TCGA-DU-8166-10A-01D-2252-01	1	17011450	17082412	38	0.3274
TCGA-DU-8166-10A-01D-2252-01	1	17082591	17112177	14	-0.2354
TCGA-DU-8166-10A-01D-2252-01	1	17114427	17262247	69	0.3711
TCGA-DU-8166-10A-01D-2252-01	1	17276241	72768498	34170	0.0017
TCGA-DU-8166-10A-01D-2252-01	1	72768916	72811148	46	-1.5376
TCGA-DU-8166-10A-01D-2252-01	1	72811904	75177284	1442	-0.0133
TCGA-DU-8166-10A-01D-2252-01	1	75184418	75199290	8	-0.6942
TCGA-DU-8166-10A-01D-2252-01	1	75199784	104157336	18642	-0.0022
TCGA-DU-8166-10A-01D-2252-01	1	104158309	104303403	31	-0.9974
TCGA-DU-8166-10A-01D-2252-01	1	104303501	106019205	920	-0.0219
TCGA-DU-8166-10A-01D-2252-01	1	106019236	106022375	16	0.8377
TCGA-DU-8166-10A-01D-2252-01	1	106024055	108729284	1943	-0.012
TCGA-DU-8166-10A-01D-2252-01	1	108729759	108734877	3	-1.319
TCGA-DU-8166-10A-01D-2252-01	1	108737496	110227515	726	0.0201
TCGA-DU-8166-10A-01D-2252-01	1	110232974	110240178	17	-1.4257
TCGA-DU-8166-10A-01D-2252-01	1	110242953	112690326	1958	0.0027
TCGA-DU-8166-10A-01D-2252-01	1	112695965	112697198	21	-0.7032
TCGA-DU-8166-10A-01D-2252-01	1	112697213	145257182	5452	0.0112
TCGA-DU-8166-10A-01D-2252-01	1	145257434	145276271	4	1.0303
TCGA-DU-8166-10A-01D-2252-01	1	145276470	148858445	913	0.0425
TCGA-DU-8166-10A-01D-2252-01	1	148870400	149256691	150	-0.5622
TCGA-DU-8166-10A-01D-2252-01	1	149259416	152762438	1743	0.0094
TCGA-DU-8166-10A-01D-2252-01	1	152762454	152768700	28	0.6209
TCGA-DU-8166-10A-01D-2252-01	1	152773905	174796556	14881	0.0024
TCGA-DU-8166-10A-01D-2252-01	1	174796699	174801737	14	-0.8545
TCGA-DU-8166-10A-01D-2252-01	1	174801840	240391740	44797	-0.0018
TCGA-DU-8166-10A-01D-2252-01	1	240394015	240394124	5	-1.8585
TCGA-DU-8166-10A-01D-2252-01	1	240394139	248622152	5723	0.0082
TCGA-DU-8166-10A-01D-2252-01	1	248624337	248635140	5	1.255
TCGA-DU-8166-10A-01D-2252-01	1	248637264	248737447	27	-0.0939
TCGA-DU-8166-10A-01D-2252-01	1	248749194	248797213	33	-2.7339
TCGA-DU-8166-10A-01D-2252-01	1	248805339	249224388	144	0.023
TCGA-DU-8166-10A-01D-2252-01	10	72759	18121033	14900	0.0023
TCGA-DU-8166-10A-01D-2252-01	10	18128247	18199813	8	-1.0299
TCGA-DU-8166-10A-01D-2252-01	10	18223647	24377674	4345	-0.0038
TCGA-DU-8166-10A-01D-2252-01	10	24377675	24378054	10	1.4257
TCGA-DU-8166-10A-01D-2252-01	10	24378908	27225904	1995	0.0068
TCGA-DU-8166-10A-01D-2252-01	10	27225991	27228473	12	0.5189
TCGA-DU-8166-10A-01D-2252-01	10	27229993	31246510	3040	0.008
TCGA-DU-8166-10A-01D-2252-01	10	31251334	31251726	9	-0.8126
TCGA-DU-8166-10A-01D-2252-01	10	31251738	46070052	7208	0.0044
TCGA-DU-8166-10A-01D-2252-01	10	46072872	46081361	8	-0.6093
TCGA-DU-8166-10A-01D-2252-01	10	46083171	46543857	57	0.0755
TCGA-DU-8166-10A-01D-2252-01	10	46585050	47541189	181	0.3666
TCGA-DU-8166-10A-01D-2252-01	10	47542094	47743501	189	0.5634
TCGA-DU-8166-10A-01D-2252-01	10	47743516	47913401	5	-1.1198
TCGA-DU-8166-10A-01D-2252-01	10	47948060	67306276	12799	-0.0103
TCGA-DU-8166-10A-01D-2252-01	10	67307923	67314446	28	-1.8867
TCGA-DU-8166-10A-01D-2252-01	10	67322795	78252851	6804	-6e-04
TCGA-DU-8166-10A-01D-2252-01	10	78257061	78257610	2	1.7153
TCGA-DU-8166-10A-01D-2252-01	10	78261267	135506704	39534	0.0064
TCGA-DU-8166-10A-01D-2252-01	11	198510	4968117	2478	0.0031
TCGA-DU-8166-10A-01D-2252-01	11	4968510	4974029	25	-1.895
TCGA-DU-8166-10A-01D-2252-01	11	4975164	134944770	84671	0
TCGA-DU-8166-10A-01D-2252-01	12	150442	9630556	6205	0.008
TCGA-DU-8166-10A-01D-2252-01	12	9633870	9713674	22	-1.6486
TCGA-DU-8166-10A-01D-2252-01	12	9714954	31265057	15260	0.0053
TCGA-DU-8166-10A-01D-2252-01	12	31269298	31407123	91	0.5884
TCGA-DU-8166-10A-01D-2252-01	12	31409879	33294660	1303	0.0108
TCGA-DU-8166-10A-01D-2252-01	12	33301406	33307078	25	-0.6004
TCGA-DU-8166-10A-01D-2252-01	12	33307374	38014018	849	0.0094
TCGA-DU-8166-10A-01D-2252-01	12	38034358	38340423	60	0.2603
TCGA-DU-8166-10A-01D-2252-01	12	38346928	45904438	4723	-0.0068
TCGA-DU-8166-10A-01D-2252-01	12	45905840	45909537	3	-2.4569
TCGA-DU-8166-10A-01D-2252-01	12	45913292	75193210	17882	-0.0018
TCGA-DU-8166-10A-01D-2252-01	12	75195677	75196621	3	-1.3161
TCGA-DU-8166-10A-01D-2252-01	12	75196881	80153693	3278	-0.0011
TCGA-DU-8166-10A-01D-2252-01	12	80159035	80159080	3	1.0195
TCGA-DU-8166-10A-01D-2252-01	12	80164115	99795293	12600	-0.0035
TCGA-DU-8166-10A-01D-2252-01	12	99795468	99798152	24	0.4122
TCGA-DU-8166-10A-01D-2252-01	12	99798190	132120715	22196	0.0068
TCGA-DU-8166-10A-01D-2252-01	12	132132584	132142331	14	0.4849
TCGA-DU-8166-10A-01D-2252-01	12	132142369	133778189	571	-0.0469
TCGA-DU-8166-10A-01D-2252-01	13	19026949	23629210	2899	0.0153
TCGA-DU-8166-10A-01D-2252-01	13	23632678	23633515	12	-0.6151
TCGA-DU-8166-10A-01D-2252-01	13	23638195	30029818	4861	0.0118
TCGA-DU-8166-10A-01D-2252-01	13	30031562	30033228	2	-1.34
TCGA-DU-8166-10A-01D-2252-01	13	30036193	38071135	5800	0.0097
TCGA-DU-8166-10A-01D-2252-01	13	38072036	38084757	16	0.4921
TCGA-DU-8166-10A-01D-2252-01	13	38088330	72476988	21587	-0.0114
TCGA-DU-8166-10A-01D-2252-01	13	72477555	72480556	4	-3.0657
TCGA-DU-8166-10A-01D-2252-01	13	72480605	115108397	29167	-0.0061
TCGA-DU-8166-10A-01D-2252-01	14	19002124	20157843	81	0.2775
TCGA-DU-8166-10A-01D-2252-01	14	20200183	20422583	108	-0.3794
TCGA-DU-8166-10A-01D-2252-01	14	20423372	21175274	572	-0.0097
TCGA-DU-8166-10A-01D-2252-01	14	21176089	21176092	2	-1.3888
TCGA-DU-8166-10A-01D-2252-01	14	21178398	24426724	2162	0.0079
TCGA-DU-8166-10A-01D-2252-01	14	24429298	24484459	27	-0.6826
TCGA-DU-8166-10A-01D-2252-01	14	24488143	73995774	31402	0.0017
TCGA-DU-8166-10A-01D-2252-01	14	74001123	74020979	9	0.8623
TCGA-DU-8166-10A-01D-2252-01	14	74029900	106534144	20827	-0.0015
TCGA-DU-8166-10A-01D-2252-01	14	106535295	106561441	14	0.9765
TCGA-DU-8166-10A-01D-2252-01	14	106567100	106715489	67	0.1588
TCGA-DU-8166-10A-01D-2252-01	14	106717356	106727469	8	-0.6375
TCGA-DU-8166-10A-01D-2252-01	14	106728162	106753859	11	0.094
TCGA-DU-8166-10A-01D-2252-01	14	106753862	106754003	3	1.0256
TCGA-DU-8166-10A-01D-2252-01	14	106756858	106872062	53	0.053
TCGA-DU-8166-10A-01D-2252-01	14	106874361	106918108	52	-0.6114
TCGA-DU-8166-10A-01D-2252-01	14	106918649	107285437	224	0.0353
TCGA-DU-8166-10A-01D-2252-01	15	20016328	20454259	70	0.1123
TCGA-DU-8166-10A-01D-2252-01	15	20468564	20578421	27	-0.3325
TCGA-DU-8166-10A-01D-2252-01	15	20581451	20581564	7	0.5151
TCGA-DU-8166-10A-01D-2252-01	15	20585988	20586957	12	-1.0145
TCGA-DU-8166-10A-01D-2252-01	15	20590027	22410032	233	-0.1972
TCGA-DU-8166-10A-01D-2252-01	15	22410343	22587474	72	-0.6289
TCGA-DU-8166-10A-01D-2252-01	15	22673399	23107109	269	0.0401
TCGA-DU-8166-10A-01D-2252-01	15	23108144	23124889	6	-0.9817
TCGA-DU-8166-10A-01D-2252-01	15	23136164	24357167	583	0.0141
TCGA-DU-8166-10A-01D-2252-01	15	24357212	24512035	84	0.6655
TCGA-DU-8166-10A-01D-2252-01	15	24514620	24674887	65	0.0327
TCGA-DU-8166-10A-01D-2252-01	15	24675133	24770513	59	-0.583
TCGA-DU-8166-10A-01D-2252-01	15	24771862	27028841	1665	0.0099
TCGA-DU-8166-10A-01D-2252-01	15	27032067	27032625	3	-1.4722
TCGA-DU-8166-10A-01D-2252-01	15	27033794	33617186	3777	0.0204
TCGA-DU-8166-10A-01D-2252-01	15	33617533	33618510	2	-1.3725
TCGA-DU-8166-10A-01D-2252-01	15	33618819	53784888	12609	0.0028
TCGA-DU-8166-10A-01D-2252-01	15	53784991	53785194	4	-0.89
TCGA-DU-8166-10A-01D-2252-01	15	53785263	69329815	10566	0.0033
TCGA-DU-8166-10A-01D-2252-01	15	69331285	69331360	2	1.4566
TCGA-DU-8166-10A-01D-2252-01	15	69337675	76891511	4252	-5e-04
TCGA-DU-8166-10A-01D-2252-01	15	76891627	76895775	20	-2.0558
TCGA-DU-8166-10A-01D-2252-01	15	76902179	102469040	17689	0.0048
TCGA-DU-8166-10A-01D-2252-01	16	60777	18429385	12817	0.0081
TCGA-DU-8166-10A-01D-2252-01	16	18551587	18557211	3	1.696
TCGA-DU-8166-10A-01D-2252-01	16	18594400	19944363	712	0.0111
TCGA-DU-8166-10A-01D-2252-01	16	19945650	19965832	27	-0.9802
TCGA-DU-8166-10A-01D-2252-01	16	19965875	32028306	6525	0.002
TCGA-DU-8166-10A-01D-2252-01	16	32033386	32588622	87	0.3604
TCGA-DU-8166-10A-01D-2252-01	16	32588901	32588909	5	1.3603
TCGA-DU-8166-10A-01D-2252-01	16	32609274	33241953	77	0.2546
TCGA-DU-8166-10A-01D-2252-01	16	33300894	33631830	89	0.5567
TCGA-DU-8166-10A-01D-2252-01	16	33643399	66035743	13773	-8e-04
TCGA-DU-8166-10A-01D-2252-01	16	66036144	66036763	4	-0.9419
TCGA-DU-8166-10A-01D-2252-01	16	66043381	70151527	2008	0.0034
TCGA-DU-8166-10A-01D-2252-01	16	70151560	70234536	18	0.4673
TCGA-DU-8166-10A-01D-2252-01	16	70245925	75225022	2900	0.0106
TCGA-DU-8166-10A-01D-2252-01	16	75227969	75227983	2	1.2012
TCGA-DU-8166-10A-01D-2252-01	16	75229629	78372846	2746	0.0081
TCGA-DU-8166-10A-01D-2252-01	16	78373337	78376377	4	-1.6921
TCGA-DU-8166-10A-01D-2252-01	16	78376711	90287535	10660	-0.0031
TCGA-DU-8166-10A-01D-2252-01	17	526	34436708	18400	1e-04
TCGA-DU-8166-10A-01D-2252-01	17	34437128	34485091	37	0.927
TCGA-DU-8166-10A-01D-2252-01	17	34528125	39421708	2542	-0.0023
TCGA-DU-8166-10A-01D-2252-01	17	39423014	39430450	23	-0.6132
TCGA-DU-8166-10A-01D-2252-01	17	39430531	44181579	2526	-0.0103
TCGA-DU-8166-10A-01D-2252-01	17	44187492	44362009	109	-0.4553
TCGA-DU-8166-10A-01D-2252-01	17	44362363	44505241	15	-0.0696
TCGA-DU-8166-10A-01D-2252-01	17	44523711	44523726	2	1.3777
TCGA-DU-8166-10A-01D-2252-01	17	44546329	45884405	582	-0.008
TCGA-DU-8166-10A-01D-2252-01	17	45885315	45885756	2	-1.465
TCGA-DU-8166-10A-01D-2252-01	17	45887951	62406694	9828	0.001
TCGA-DU-8166-10A-01D-2252-01	17	62407007	62407139	3	-1.115
TCGA-DU-8166-10A-01D-2252-01	17	62407244	71085352	5959	-0.0029
TCGA-DU-8166-10A-01D-2252-01	17	71085491	71090269	7	-0.7312
TCGA-DU-8166-10A-01D-2252-01	17	71090300	81049726	5276	-0.0171
TCGA-DU-8166-10A-01D-2252-01	18	11543	43553868	26390	0.004
TCGA-DU-8166-10A-01D-2252-01	18	43556286	43562102	6	1.1454
TCGA-DU-8166-10A-01D-2252-01	18	43566253	65883004	15542	8e-04
TCGA-DU-8166-10A-01D-2252-01	18	65883299	65883343	3	-1.044
TCGA-DU-8166-10A-01D-2252-01	18	65896026	73512093	5815	-0.0166
TCGA-DU-8166-10A-01D-2252-01	18	73514932	73515359	4	-0.9018
TCGA-DU-8166-10A-01D-2252-01	18	73517629	76660693	2371	0.0013
TCGA-DU-8166-10A-01D-2252-01	18	76662714	76664863	5	-1.0476
TCGA-DU-8166-10A-01D-2252-01	18	76666449	78015057	704	-0.0017
TCGA-DU-8166-10A-01D-2252-01	19	90910	35849309	16831	-0.004
TCGA-DU-8166-10A-01D-2252-01	19	35849322	35861848	23	-0.4704
TCGA-DU-8166-10A-01D-2252-01	19	35866744	41352737	2799	-0.0098
TCGA-DU-8166-10A-01D-2252-01	19	41357000	41392155	32	0.5147
TCGA-DU-8166-10A-01D-2252-01	19	41392654	53517082	6242	-0.0063
TCGA-DU-8166-10A-01D-2252-01	19	53518514	53552229	23	0.9792
TCGA-DU-8166-10A-01D-2252-01	19	53554240	56273057	1561	-5e-04
TCGA-DU-8166-10A-01D-2252-01	19	56278050	56283067	6	-0.9544
TCGA-DU-8166-10A-01D-2252-01	19	56286293	59097854	1850	-0.0065
TCGA-DU-8166-10A-01D-2252-01	2	12784	295255	181	0.036
TCGA-DU-8166-10A-01D-2252-01	2	296789	296852	3	-0.9667
TCGA-DU-8166-10A-01D-2252-01	2	300879	3732546	2389	-0.0023
TCGA-DU-8166-10A-01D-2252-01	2	3732587	3733273	3	-1.216
TCGA-DU-8166-10A-01D-2252-01	2	3736538	8129338	3730	-0.0023
TCGA-DU-8166-10A-01D-2252-01	2	8130885	8136618	8	-1.2614
TCGA-DU-8166-10A-01D-2252-01	2	8139924	52754468	30907	-0.0016
TCGA-DU-8166-10A-01D-2252-01	2	52754480	52781542	39	-2.7372
TCGA-DU-8166-10A-01D-2252-01	2	52787949	65824380	8334	-0.0053
TCGA-DU-8166-10A-01D-2252-01	2	65824440	65830131	5	-0.8826
TCGA-DU-8166-10A-01D-2252-01	2	65832209	87974463	13886	-0.0017
TCGA-DU-8166-10A-01D-2252-01	2	87994641	88181244	13	0.4494
TCGA-DU-8166-10A-01D-2252-01	2	88191907	88735517	271	0.0252
TCGA-DU-8166-10A-01D-2252-01	2	88738507	88742300	6	-0.9751
TCGA-DU-8166-10A-01D-2252-01	2	88743779	96582807	1061	0.0664
TCGA-DU-8166-10A-01D-2252-01	2	96586133	96611692	12	-0.3676
TCGA-DU-8166-10A-01D-2252-01	2	96612899	98118212	510	0.0367
TCGA-DU-8166-10A-01D-2252-01	2	98140747	98161710	8	-0.8898
TCGA-DU-8166-10A-01D-2252-01	2	98162189	106386865	5158	0.0078
TCGA-DU-8166-10A-01D-2252-01	2	106388912	106392799	9	-0.8366
TCGA-DU-8166-10A-01D-2252-01	2	106394809	138488100	19227	0.0044
TCGA-DU-8166-10A-01D-2252-01	2	138489527	138495247	2	-1.8165
TCGA-DU-8166-10A-01D-2252-01	2	138495892	184573947	28358	-6e-04
TCGA-DU-8166-10A-01D-2252-01	2	184577193	184577324	3	-3.8875
TCGA-DU-8166-10A-01D-2252-01	2	184580895	196191121	6577	-0.0258
TCGA-DU-8166-10A-01D-2252-01	2	196191385	196222066	9	0.3139
TCGA-DU-8166-10A-01D-2252-01	2	196223283	196673533	244	-0.0175
TCGA-DU-8166-10A-01D-2252-01	2	196676489	196676794	2	-1.1454
TCGA-DU-8166-10A-01D-2252-01	2	196680049	198755831	1174	0.0028
TCGA-DU-8166-10A-01D-2252-01	2	198758701	198761341	3	-1.1614
TCGA-DU-8166-10A-01D-2252-01	2	198762542	222471013	14958	0.0037
TCGA-DU-8166-10A-01D-2252-01	2	222471460	222471516	2	1.2519
TCGA-DU-8166-10A-01D-2252-01	2	222472562	228894671	4236	-0.0015
TCGA-DU-8166-10A-01D-2252-01	2	228894792	228911502	15	-0.4406
TCGA-DU-8166-10A-01D-2252-01	2	228911677	233311925	2601	-0.0014
TCGA-DU-8166-10A-01D-2252-01	2	233318078	233363431	16	0.5924
TCGA-DU-8166-10A-01D-2252-01	2	233369785	243089456	6172	0.003
TCGA-DU-8166-10A-01D-2252-01	20	61305	1560787	1202	1e-04
TCGA-DU-8166-10A-01D-2252-01	20	1560802	1582207	40	1.2882
TCGA-DU-8166-10A-01D-2252-01	20	1590257	62956153	41277	0.001
TCGA-DU-8166-10A-01D-2252-01	21	10736871	10922168	25	0.5203
TCGA-DU-8166-10A-01D-2252-01	21	10923018	19636243	3392	0.0136
TCGA-DU-8166-10A-01D-2252-01	21	19636306	19638464	3	-1.4606
TCGA-DU-8166-10A-01D-2252-01	21	19639195	44968053	19235	-0.0045
TCGA-DU-8166-10A-01D-2252-01	21	44970873	44972812	2	-2.9585
TCGA-DU-8166-10A-01D-2252-01	21	44973667	48096957	1765	-0.0213
TCGA-DU-8166-10A-01D-2252-01	22	16052528	16490663	68	0.2913
TCGA-DU-8166-10A-01D-2252-01	22	16490820	18672885	1147	0.0289
TCGA-DU-8166-10A-01D-2252-01	22	18673357	18810110	11	0.8041
TCGA-DU-8166-10A-01D-2252-01	22	18876428	24271745	3366	-0.0033
TCGA-DU-8166-10A-01D-2252-01	22	24283016	24344422	33	0.4032
TCGA-DU-8166-10A-01D-2252-01	22	24350529	24391081	16	-2.4491
TCGA-DU-8166-10A-01D-2252-01	22	24393745	24396814	3	-1.0859
TCGA-DU-8166-10A-01D-2252-01	22	24401529	25684408	833	0.017
TCGA-DU-8166-10A-01D-2252-01	22	25684831	25685837	2	1.3393
TCGA-DU-8166-10A-01D-2252-01	22	25689073	42892439	11956	-0.0041
TCGA-DU-8166-10A-01D-2252-01	22	42892582	42925033	19	0.4948
TCGA-DU-8166-10A-01D-2252-01	22	42925212	51234455	6118	-0.013
TCGA-DU-8166-10A-01D-2252-01	3	60345	6646543	5848	-0.0093
TCGA-DU-8166-10A-01D-2252-01	3	6651128	6653332	23	-0.7472
TCGA-DU-8166-10A-01D-2252-01	3	6655078	68746164	42016	0.0036
TCGA-DU-8166-10A-01D-2252-01	3	68746259	68747413	14	-1.5189
TCGA-DU-8166-10A-01D-2252-01	3	68748758	89670015	12832	-8e-04
TCGA-DU-8166-10A-01D-2252-01	3	89671333	89678599	9	-1.085
TCGA-DU-8166-10A-01D-2252-01	3	89685307	95456106	1258	-0.0101
TCGA-DU-8166-10A-01D-2252-01	3	95466880	95468110	2	-3.5283
TCGA-DU-8166-10A-01D-2252-01	3	95468680	98944598	1861	-0.0041
TCGA-DU-8166-10A-01D-2252-01	3	98944619	98950964	34	0.3172
TCGA-DU-8166-10A-01D-2252-01	3	98951383	104136531	2924	8e-04
TCGA-DU-8166-10A-01D-2252-01	3	104136546	104136709	3	-1.2685
TCGA-DU-8166-10A-01D-2252-01	3	104137338	125435432	13346	0.002
TCGA-DU-8166-10A-01D-2252-01	3	125436237	125469421	14	0.4807
TCGA-DU-8166-10A-01D-2252-01	3	125475334	129760622	2468	-0.0012
TCGA-DU-8166-10A-01D-2252-01	3	129761124	129806236	54	0.5835
TCGA-DU-8166-10A-01D-2252-01	3	129806924	136019099	4037	0.005
TCGA-DU-8166-10A-01D-2252-01	3	136022951	136025426	2	1.459
TCGA-DU-8166-10A-01D-2252-01	3	136038541	162508268	16257	0.0021
TCGA-DU-8166-10A-01D-2252-01	3	162512657	162615915	64	0.392
TCGA-DU-8166-10A-01D-2252-01	3	162623842	162714517	78	-0.1029
TCGA-DU-8166-10A-01D-2252-01	3	162717727	162719562	2	-3.3969
TCGA-DU-8166-10A-01D-2252-01	3	162726159	192877962	19134	-0.0052
TCGA-DU-8166-10A-01D-2252-01	3	192878045	192886760	26	-0.4266
TCGA-DU-8166-10A-01D-2252-01	3	192886861	195390680	1480	0.009
TCGA-DU-8166-10A-01D-2252-01	3	195399075	195474763	45	-0.4031
TCGA-DU-8166-10A-01D-2252-01	3	195478694	197896118	1174	0.0042
TCGA-DU-8166-10A-01D-2252-01	4	12281	62126	54	0.3202
TCGA-DU-8166-10A-01D-2252-01	4	65677	3972308	1608	-0.0278
TCGA-DU-8166-10A-01D-2252-01	4	3984544	4177809	62	0.2608
TCGA-DU-8166-10A-01D-2252-01	4	4182002	9456977	3527	0.0029
TCGA-DU-8166-10A-01D-2252-01	4	9461230	9464972	3	2.136
TCGA-DU-8166-10A-01D-2252-01	4	9470734	10223416	552	0.0305
TCGA-DU-8166-10A-01D-2252-01	4	10223628	10231498	27	-2.0691
TCGA-DU-8166-10A-01D-2252-01	4	10234214	10390122	177	0.018
TCGA-DU-8166-10A-01D-2252-01	4	10390715	10402746	19	0.37
TCGA-DU-8166-10A-01D-2252-01	4	10402764	34779004	16807	5e-04
TCGA-DU-8166-10A-01D-2252-01	4	34779025	34824725	41	0.3793
TCGA-DU-8166-10A-01D-2252-01	4	34829872	49065981	8970	-0.0037
TCGA-DU-8166-10A-01D-2252-01	4	49081013	49656513	44	0.3032
TCGA-DU-8166-10A-01D-2252-01	4	49656595	64693940	7585	-0.0022
TCGA-DU-8166-10A-01D-2252-01	4	64697469	64708223	28	0.3237
TCGA-DU-8166-10A-01D-2252-01	4	64708258	69244434	2855	-0.0065
TCGA-DU-8166-10A-01D-2252-01	4	69255070	69256759	3	1.0819
TCGA-DU-8166-10A-01D-2252-01	4	69256760	69372003	25	0.1206
TCGA-DU-8166-10A-01D-2252-01	4	69374941	69489335	66	0.6617
TCGA-DU-8166-10A-01D-2252-01	4	69505115	70120893	324	-0.0299
TCGA-DU-8166-10A-01D-2252-01	4	70121250	70271551	79	0.2611
TCGA-DU-8166-10A-01D-2252-01	4	70277930	70389716	90	-0.0508
TCGA-DU-8166-10A-01D-2252-01	4	70389861	70390779	2	-2.4238
TCGA-DU-8166-10A-01D-2252-01	4	70391888	138092103	40556	-7e-04
TCGA-DU-8166-10A-01D-2252-01	4	138092195	138094972	18	-0.5413
TCGA-DU-8166-10A-01D-2252-01	4	138095121	155802548	10846	0.0093
TCGA-DU-8166-10A-01D-2252-01	4	155803005	155803078	3	-3.7012
TCGA-DU-8166-10A-01D-2252-01	4	155803199	156856645	712	0.0115
TCGA-DU-8166-10A-01D-2252-01	4	156860549	156861105	2	-1.8509
TCGA-DU-8166-10A-01D-2252-01	4	156862361	172369346	9906	-0.0023
TCGA-DU-8166-10A-01D-2252-01	4	172374884	172377444	8	-0.9879
TCGA-DU-8166-10A-01D-2252-01	4	172377458	190958143	12538	-0.0022
TCGA-DU-8166-10A-01D-2252-01	4	190967249	191027923	6	0.7706
TCGA-DU-8166-10A-01D-2252-01	5	15532	685748	307	0.009
TCGA-DU-8166-10A-01D-2252-01	5	698371	773568	29	1.1409
TCGA-DU-8166-10A-01D-2252-01	5	779860	825307	27	0.6542
TCGA-DU-8166-10A-01D-2252-01	5	825653	21376844	15372	0.0011
TCGA-DU-8166-10A-01D-2252-01	5	21377839	21377853	2	1.2598
TCGA-DU-8166-10A-01D-2252-01	5	21386066	21451277	47	0.0371
TCGA-DU-8166-10A-01D-2252-01	5	21451964	21452496	4	0.8451
TCGA-DU-8166-10A-01D-2252-01	5	21454939	34799118	8353	-0.0082
TCGA-DU-8166-10A-01D-2252-01	5	34802356	34802384	2	-1.1891
TCGA-DU-8166-10A-01D-2252-01	5	34803952	36787878	1408	0.011
TCGA-DU-8166-10A-01D-2252-01	5	36788095	36792628	4	-1.666
TCGA-DU-8166-10A-01D-2252-01	5	36792815	46191884	5247	0.0029
TCGA-DU-8166-10A-01D-2252-01	5	46195883	46199435	4	-1.0664
TCGA-DU-8166-10A-01D-2252-01	5	46209299	46251306	13	0.0755
TCGA-DU-8166-10A-01D-2252-01	5	46271008	46273502	8	1.2376
TCGA-DU-8166-10A-01D-2252-01	5	46278212	57321646	5083	0.0063
TCGA-DU-8166-10A-01D-2252-01	5	57326027	57333515	31	1.7012
TCGA-DU-8166-10A-01D-2252-01	5	57333533	180374523	77056	1e-04
TCGA-DU-8166-10A-01D-2252-01	5	180378710	180418103	19	-0.8813
TCGA-DU-8166-10A-01D-2252-01	5	180433225	180790320	171	0.0107
TCGA-DU-8166-10A-01D-2252-01	6	149661	254283	101	0.0303
TCGA-DU-8166-10A-01D-2252-01	6	257353	381149	101	0.4067
TCGA-DU-8166-10A-01D-2252-01	6	382559	16087649	12394	0.0115
TCGA-DU-8166-10A-01D-2252-01	6	16088268	16088731	4	-1.4122
TCGA-DU-8166-10A-01D-2252-01	6	16089051	19040119	2207	0.0065
TCGA-DU-8166-10A-01D-2252-01	6	19042181	19042818	3	-1.0874
TCGA-DU-8166-10A-01D-2252-01	6	19044702	29837072	6946	0.0056
TCGA-DU-8166-10A-01D-2252-01	6	29837187	29850380	20	-0.6283
TCGA-DU-8166-10A-01D-2252-01	6	29871636	31280823	669	-0.0146
TCGA-DU-8166-10A-01D-2252-01	6	31286276	31296451	11	1.1118
TCGA-DU-8166-10A-01D-2252-01	6	31309924	78962889	27644	3e-04
TCGA-DU-8166-10A-01D-2252-01	6	78969065	79035174	112	-0.7896
TCGA-DU-8166-10A-01D-2252-01	6	79035185	103738333	15502	9e-04
TCGA-DU-8166-10A-01D-2252-01	6	103738406	103765470	39	0.8556
TCGA-DU-8166-10A-01D-2252-01	6	103765670	112027685	5185	8e-04
TCGA-DU-8166-10A-01D-2252-01	6	112029604	112030156	3	-1.066
TCGA-DU-8166-10A-01D-2252-01	6	112030568	134266268	13910	0.0018
TCGA-DU-8166-10A-01D-2252-01	6	134269071	134269632	2	-2.7402
TCGA-DU-8166-10A-01D-2252-01	6	134272072	171051005	25170	0.007
TCGA-DU-8166-10A-01D-2252-01	7	43355	3609712	1623	-0.0051
TCGA-DU-8166-10A-01D-2252-01	7	3609843	3614800	28	-1.1743
TCGA-DU-8166-10A-01D-2252-01	7	3618010	5166230	1089	0.015
TCGA-DU-8166-10A-01D-2252-01	7	5167162	5168515	2	1.2883
TCGA-DU-8166-10A-01D-2252-01	7	5170413	54386505	35854	1e-04
TCGA-DU-8166-10A-01D-2252-01	7	54386509	54386517	5	-1.872
TCGA-DU-8166-10A-01D-2252-01	7	54393488	64568852	3138	0.0161
TCGA-DU-8166-10A-01D-2252-01	7	64594065	64663238	13	0.7122
TCGA-DU-8166-10A-01D-2252-01	7	64669472	97395462	19017	0.0026
TCGA-DU-8166-10A-01D-2252-01	7	97395465	97402475	14	-0.6589
TCGA-DU-8166-10A-01D-2252-01	7	97404240	109433798	6638	0.0052
TCGA-DU-8166-10A-01D-2252-01	7	109437092	109437772	15	-0.8138
TCGA-DU-8166-10A-01D-2252-01	7	109437774	109441244	10	0.0988
TCGA-DU-8166-10A-01D-2252-01	7	109441629	109453910	10	-2.1802
TCGA-DU-8166-10A-01D-2252-01	7	109453982	126044974	10042	1e-04
TCGA-DU-8166-10A-01D-2252-01	7	126045482	126046881	18	0.6393
TCGA-DU-8166-10A-01D-2252-01	7	126052766	141763124	9938	0.0072
TCGA-DU-8166-10A-01D-2252-01	7	141769643	141797564	44	-0.6923
TCGA-DU-8166-10A-01D-2252-01	7	141798990	142474939	449	0.025
TCGA-DU-8166-10A-01D-2252-01	7	142476719	142486045	27	0.7304
TCGA-DU-8166-10A-01D-2252-01	7	142486115	143223918	473	0.0226
TCGA-DU-8166-10A-01D-2252-01	7	143226899	143227096	2	-1.071
TCGA-DU-8166-10A-01D-2252-01	7	143227117	143909445	368	-0.0039
TCGA-DU-8166-10A-01D-2252-01	7	143911624	144075903	43	-0.311
TCGA-DU-8166-10A-01D-2252-01	7	144088559	159127004	9698	2e-04
TCGA-DU-8166-10A-01D-2252-01	8	31254	2247827	1651	0.0098
TCGA-DU-8166-10A-01D-2252-01	8	2254638	2259358	12	-0.5755
TCGA-DU-8166-10A-01D-2252-01	8	2270328	7171097	6168	-0.0026
TCGA-DU-8166-10A-01D-2252-01	8	7186632	7186646	2	2.3934
TCGA-DU-8166-10A-01D-2252-01	8	7193821	15292962	6241	0.022
TCGA-DU-8166-10A-01D-2252-01	8	15293931	15295445	2	-3.5261
TCGA-DU-8166-10A-01D-2252-01	8	15296703	24972187	7774	0.002
TCGA-DU-8166-10A-01D-2252-01	8	24974443	24984333	27	0.8215
TCGA-DU-8166-10A-01D-2252-01	8	24991104	39230183	9039	0.0054
TCGA-DU-8166-10A-01D-2252-01	8	39230325	39386965	61	0.7607
TCGA-DU-8166-10A-01D-2252-01	8	39388299	112291494	42076	6e-04
TCGA-DU-8166-10A-01D-2252-01	8	112294279	112295245	9	1.3208
TCGA-DU-8166-10A-01D-2252-01	8	112295260	129756266	11678	4e-04
TCGA-DU-8166-10A-01D-2252-01	8	129763135	129764085	2	-1.3151
TCGA-DU-8166-10A-01D-2252-01	8	129777454	146298155	11263	-0.0029
TCGA-DU-8166-10A-01D-2252-01	9	46587	6695986	6396	0.0141
TCGA-DU-8166-10A-01D-2252-01	9	6701145	6708357	7	-0.8601
TCGA-DU-8166-10A-01D-2252-01	9	6712314	33005741	21213	-0.0079
TCGA-DU-8166-10A-01D-2252-01	9	33005757	33005763	2	-1.5877
TCGA-DU-8166-10A-01D-2252-01	9	33007206	33007568	4	0.7209
TCGA-DU-8166-10A-01D-2252-01	9	33008113	43187967	3789	0.0056
TCGA-DU-8166-10A-01D-2252-01	9	43315670	44727859	91	0.4448
TCGA-DU-8166-10A-01D-2252-01	9	44729751	68183981	190	0.0347
TCGA-DU-8166-10A-01D-2252-01	9	68186051	68186059	5	1.9561
TCGA-DU-8166-10A-01D-2252-01	9	68188340	141091394	48277	-0.0013
TCGA-DU-8166-10A-01D-2252-01	X	168477	124403690	66495	-9e-04
TCGA-DU-8166-10A-01D-2252-01	X	124403832	124407363	2	-1.5769
TCGA-DU-8166-10A-01D-2252-01	X	124417199	143626060	11184	0.005
TCGA-DU-8166-10A-01D-2252-01	X	143631490	143637684	4	-0.9717
TCGA-DU-8166-10A-01D-2252-01	X	143638124	154784326	6838	0.0108
TCGA-DU-8166-10A-01D-2252-01	X	154785778	154789651	7	-0.9658
TCGA-DU-8166-10A-01D-2252-01	X	154803883	154876583	38	-0.1603
TCGA-DU-8166-10A-01D-2252-01	X	154881104	155182354	53	0.0977
TCGA-DU-8166-10A-01D-2252-01	Y	2650438	2978678	151	-3.2031
TCGA-DU-8166-10A-01D-2252-01	Y	2985595	6101425	720	-2.5571
TCGA-DU-8166-10A-01D-2252-01	Y	6107901	6424299	128	-4.0955
TCGA-DU-8166-10A-01D-2252-01	Y	6426233	7399842	425	-3.0887
TCGA-DU-8166-10A-01D-2252-01	Y	7400746	9759564	1203	-3.5556
TCGA-DU-8166-10A-01D-2252-01	Y	9774614	19574890	3037	-3.3039
TCGA-DU-8166-10A-01D-2252-01	Y	19576544	21088297	703	-3.8865
TCGA-DU-8166-10A-01D-2252-01	Y	21088485	24510518	1243	-3.4138
TCGA-DU-8166-10A-01D-2252-01	Y	24514859	26190025	316	-4.0204
TCGA-DU-8166-10A-01D-2252-01	Y	26193050	26510575	87	-2.9959
TCGA-DU-8166-10A-01D-2252-01	Y	26510799	27436702	96	-4.2878
TCGA-DU-8166-10A-01D-2252-01	Y	27444915	27529084	33	-2.4745
TCGA-DU-8166-10A-01D-2252-01	Y	27535030	27609288	26	-3.8365
TCGA-DU-8166-10A-01D-2252-01	Y	27609970	27695095	27	-2.5023
TCGA-DU-8166-10A-01D-2252-01	Y	27717799	28272116	199	-3.9989
TCGA-DU-8166-10A-01D-2252-01	Y	28277692	28322019	14	-5.7131
TCGA-DU-8166-10A-01D-2252-01	Y	28322083	28452016	50	-3.6893
TCGA-DU-8166-10A-01D-2252-01	Y	28457337	59018259	176	-2.8076
