barcode	chromosome	start	stop	num.mark	seg.mean
TCGA-DU-6400-01A-12D-1704-01	1	61735	1297065	195	-0.5825
TCGA-DU-6400-01A-12D-1704-01	1	1297422	1365570	7	-1.3227
TCGA-DU-6400-01A-12D-1704-01	1	1405610	16115370	8080	-0.712
TCGA-DU-6400-01A-12D-1704-01	1	16116658	16149915	39	-0.3954
TCGA-DU-6400-01A-12D-1704-01	1	16153497	16154201	7	0.1616
TCGA-DU-6400-01A-12D-1704-01	1	16154239	17005978	344	-0.6132
TCGA-DU-6400-01A-12D-1704-01	1	17011450	17012741	12	0.0192
TCGA-DU-6400-01A-12D-1704-01	1	17012785	17048479	23	-0.7201
TCGA-DU-6400-01A-12D-1704-01	1	17056457	17177965	22	0.0401
TCGA-DU-6400-01A-12D-1704-01	1	17182437	17262247	64	-0.364
TCGA-DU-6400-01A-12D-1704-01	1	17276241	18460469	847	-0.7299
TCGA-DU-6400-01A-12D-1704-01	1	18460526	18467284	4	-5.3789
TCGA-DU-6400-01A-12D-1704-01	1	18468754	21624787	2061	-0.6903
TCGA-DU-6400-01A-12D-1704-01	1	21631480	21646531	21	-1.4352
TCGA-DU-6400-01A-12D-1704-01	1	21649263	25593128	2283	-0.6871
TCGA-DU-6400-01A-12D-1704-01	1	25595881	25661501	28	-0.1215
TCGA-DU-6400-01A-12D-1704-01	1	25662005	35091674	4921	-0.6652
TCGA-DU-6400-01A-12D-1704-01	1	35102654	35104491	20	-2.0572
TCGA-DU-6400-01A-12D-1704-01	1	35114268	98689443	40399	-0.667
TCGA-DU-6400-01A-12D-1704-01	1	98689515	98690214	2	-3.1797
TCGA-DU-6400-01A-12D-1704-01	1	98693218	104159384	3379	-0.6426
TCGA-DU-6400-01A-12D-1704-01	1	104163499	104163787	2	0.7762
TCGA-DU-6400-01A-12D-1704-01	1	104178038	106013376	943	-0.5894
TCGA-DU-6400-01A-12D-1704-01	1	106019205	106022360	16	-0.0697
TCGA-DU-6400-01A-12D-1704-01	1	106022375	112690326	4614	-0.659
TCGA-DU-6400-01A-12D-1704-01	1	112695965	112697012	18	-1.6081
TCGA-DU-6400-01A-12D-1704-01	1	112697174	121436219	5151	-0.6925
TCGA-DU-6400-01A-12D-1704-01	1	121447136	145392524	282	-0.115
TCGA-DU-6400-01A-12D-1704-01	1	145394955	147844790	854	0.1317
TCGA-DU-6400-01A-12D-1704-01	1	147929336	148585337	17	-0.406
TCGA-DU-6400-01A-12D-1704-01	1	148627569	149229843	150	0.1147
TCGA-DU-6400-01A-12D-1704-01	1	149242663	149254920	22	0.4861
TCGA-DU-6400-01A-12D-1704-01	1	149256691	149339585	15	0.0596
TCGA-DU-6400-01A-12D-1704-01	1	149340200	149713789	41	-0.2526
TCGA-DU-6400-01A-12D-1704-01	1	149713871	152555527	1470	0.171
TCGA-DU-6400-01A-12D-1704-01	1	152555706	152586540	33	-1.5423
TCGA-DU-6400-01A-12D-1704-01	1	152586576	152754630	166	0.1424
TCGA-DU-6400-01A-12D-1704-01	1	152756308	152768570	43	-0.1501
TCGA-DU-6400-01A-12D-1704-01	1	152768700	161479438	5271	0.1788
TCGA-DU-6400-01A-12D-1704-01	1	161496900	161650375	58	0.4731
TCGA-DU-6400-01A-12D-1704-01	1	161650494	187715854	18244	0.1536
TCGA-DU-6400-01A-12D-1704-01	1	187717560	187721369	2	-1.729
TCGA-DU-6400-01A-12D-1704-01	1	187724610	196732086	5985	0.1758
TCGA-DU-6400-01A-12D-1704-01	1	196738623	196789001	47	-0.2253
TCGA-DU-6400-01A-12D-1704-01	1	196789044	210071062	8860	0.1623
TCGA-DU-6400-01A-12D-1704-01	1	210081613	210083984	3	-1.9332
TCGA-DU-6400-01A-12D-1704-01	1	210086552	249224388	27128	0.1534
TCGA-DU-6400-01A-12D-1704-01	10	72759	24377675	19241	0.0836
TCGA-DU-6400-01A-12D-1704-01	10	24377676	24378054	9	-1.6837
TCGA-DU-6400-01A-12D-1704-01	10	24378908	25595373	812	0.0615
TCGA-DU-6400-01A-12D-1704-01	10	25597308	25600208	2	-2.3967
TCGA-DU-6400-01A-12D-1704-01	10	25601033	29879231	3147	0.0735
TCGA-DU-6400-01A-12D-1704-01	10	29881403	29881442	2	1.1528
TCGA-DU-6400-01A-12D-1704-01	10	29881502	31251348	1082	0.0852
TCGA-DU-6400-01A-12D-1704-01	10	31251523	31251738	8	-0.6671
TCGA-DU-6400-01A-12D-1704-01	10	31251779	42682133	4905	0.0748
TCGA-DU-6400-01A-12D-1704-01	10	42685261	42760053	13	-0.5545
TCGA-DU-6400-01A-12D-1704-01	10	42763230	46946708	2362	0.057
TCGA-DU-6400-01A-12D-1704-01	10	46946732	47055711	74	0.3479
TCGA-DU-6400-01A-12D-1704-01	10	47058792	47059806	21	-0.0365
TCGA-DU-6400-01A-12D-1704-01	10	47059821	47703223	255	0.4946
TCGA-DU-6400-01A-12D-1704-01	10	47703235	47897394	12	-0.0498
TCGA-DU-6400-01A-12D-1704-01	10	47912899	47948060	3	1.2752
TCGA-DU-6400-01A-12D-1704-01	10	47960476	51000594	1620	0.0563
TCGA-DU-6400-01A-12D-1704-01	10	51004136	51010898	5	-1.2776
TCGA-DU-6400-01A-12D-1704-01	10	51015042	52449736	517	0.0762
TCGA-DU-6400-01A-12D-1704-01	10	52449925	52479016	9	-0.673
TCGA-DU-6400-01A-12D-1704-01	10	52479772	61358267	6608	0.1012
TCGA-DU-6400-01A-12D-1704-01	10	61364115	61365074	6	-0.737
TCGA-DU-6400-01A-12D-1704-01	10	61365182	81355072	13291	0.0831
TCGA-DU-6400-01A-12D-1704-01	10	81383874	81596869	33	-0.2225
TCGA-DU-6400-01A-12D-1704-01	10	81597053	81981382	214	0.0304
TCGA-DU-6400-01A-12D-1704-01	10	81984121	81999491	9	-0.4416
TCGA-DU-6400-01A-12D-1704-01	10	82002276	92462715	7466	0.0808
TCGA-DU-6400-01A-12D-1704-01	10	92462824	92463291	3	-1.2904
TCGA-DU-6400-01A-12D-1704-01	10	92471580	124332296	21399	0.0721
TCGA-DU-6400-01A-12D-1704-01	10	124334013	124357726	11	-0.8226
TCGA-DU-6400-01A-12D-1704-01	10	124383013	135506704	7917	0.0599
TCGA-DU-6400-01A-12D-1704-01	11	198510	4967650	2477	0.1574
TCGA-DU-6400-01A-12D-1704-01	11	4968117	4976272	31	-1.2797
TCGA-DU-6400-01A-12D-1704-01	11	4976334	4976907	12	-0.2817
TCGA-DU-6400-01A-12D-1704-01	11	4977011	5208174	192	0.1654
TCGA-DU-6400-01A-12D-1704-01	11	5208208	5209370	4	0.9141
TCGA-DU-6400-01A-12D-1704-01	11	5209592	5783682	588	0.1675
TCGA-DU-6400-01A-12D-1704-01	11	5783923	5809139	34	-0.4136
TCGA-DU-6400-01A-12D-1704-01	11	5809338	18949668	9431	0.1585
TCGA-DU-6400-01A-12D-1704-01	11	18949722	18970748	56	-0.179
TCGA-DU-6400-01A-12D-1704-01	11	18971175	79967504	35182	0.1678
TCGA-DU-6400-01A-12D-1704-01	11	79967513	79978108	18	0.5348
TCGA-DU-6400-01A-12D-1704-01	11	79978262	101594384	15323	0.1685
TCGA-DU-6400-01A-12D-1704-01	11	101597860	101598212	5	1.0796
TCGA-DU-6400-01A-12D-1704-01	11	101599898	134944770	23759	0.1544
TCGA-DU-6400-01A-12D-1704-01	12	150442	8556693	5615	0.1612
TCGA-DU-6400-01A-12D-1704-01	12	8558488	8584672	22	-0.4225
TCGA-DU-6400-01A-12D-1704-01	12	8594894	11504091	1776	0.1719
TCGA-DU-6400-01A-12D-1704-01	12	11511577	11543406	32	0.5632
TCGA-DU-6400-01A-12D-1704-01	12	11552192	30235421	13134	0.157
TCGA-DU-6400-01A-12D-1704-01	12	30235581	30243575	20	-0.3908
TCGA-DU-6400-01A-12D-1704-01	12	30243590	37987726	3148	0.1485
TCGA-DU-6400-01A-12D-1704-01	12	38012567	38014018	2	-1.5237
TCGA-DU-6400-01A-12D-1704-01	12	38034358	53459002	9186	0.1651
TCGA-DU-6400-01A-12D-1704-01	12	53459101	53463050	4	-0.5424
TCGA-DU-6400-01A-12D-1704-01	12	53463351	63932963	6247	0.1702
TCGA-DU-6400-01A-12D-1704-01	12	63939724	64128225	64	0.6002
TCGA-DU-6400-01A-12D-1704-01	12	64134805	70387693	4190	0.1551
TCGA-DU-6400-01A-12D-1704-01	12	70388004	70392420	4	-0.5404
TCGA-DU-6400-01A-12D-1704-01	12	70392585	70871858	285	0.1634
TCGA-DU-6400-01A-12D-1704-01	12	70872675	70879385	10	-0.3881
TCGA-DU-6400-01A-12D-1704-01	12	70879433	99791814	18542	0.1627
TCGA-DU-6400-01A-12D-1704-01	12	99795293	99798734	31	-0.399
TCGA-DU-6400-01A-12D-1704-01	12	99803093	132120715	22180	0.157
TCGA-DU-6400-01A-12D-1704-01	12	132132584	132142706	18	-0.2762
TCGA-DU-6400-01A-12D-1704-01	12	132142963	133778189	567	0.1522
TCGA-DU-6400-01A-12D-1704-01	13	19026949	38075965	13468	-0.7049
TCGA-DU-6400-01A-12D-1704-01	13	38076267	38084757	12	-1.8887
TCGA-DU-6400-01A-12D-1704-01	13	38088330	48858687	7399	-0.6844
TCGA-DU-6400-01A-12D-1704-01	13	48860741	48888473	31	-0.4155
TCGA-DU-6400-01A-12D-1704-01	13	48888494	48898962	13	-0.1246
TCGA-DU-6400-01A-12D-1704-01	13	48899053	49531551	553	-0.5911
TCGA-DU-6400-01A-12D-1704-01	13	49533715	49536504	2	-2.6235
TCGA-DU-6400-01A-12D-1704-01	13	49537705	52824280	1789	-0.6598
TCGA-DU-6400-01A-12D-1704-01	13	52839504	52910689	13	0.0396
TCGA-DU-6400-01A-12D-1704-01	13	52912670	53059216	54	-0.6056
TCGA-DU-6400-01A-12D-1704-01	13	53071152	53094799	7	-2.5583
TCGA-DU-6400-01A-12D-1704-01	13	53097984	53177137	14	-1.2168
TCGA-DU-6400-01A-12D-1704-01	13	53178504	57750953	2609	-0.6118
TCGA-DU-6400-01A-12D-1704-01	13	57751096	57920936	124	-0.4006
TCGA-DU-6400-01A-12D-1704-01	13	57922865	60029605	1284	-0.6185
TCGA-DU-6400-01A-12D-1704-01	13	60030215	60030255	2	-2.5052
TCGA-DU-6400-01A-12D-1704-01	13	60030379	60190687	87	-0.6845
TCGA-DU-6400-01A-12D-1704-01	13	60190882	60226817	33	-0.9732
TCGA-DU-6400-01A-12D-1704-01	13	60227242	60945418	425	-0.6665
TCGA-DU-6400-01A-12D-1704-01	13	60952743	60952932	2	-2.081
TCGA-DU-6400-01A-12D-1704-01	13	60953627	71993879	6784	-0.601
TCGA-DU-6400-01A-12D-1704-01	13	71994545	71999962	4	-2.0806
TCGA-DU-6400-01A-12D-1704-01	13	72006588	99372632	17807	-0.6528
TCGA-DU-6400-01A-12D-1704-01	13	99374306	99376167	3	-2.1481
TCGA-DU-6400-01A-12D-1704-01	13	99377178	107056827	5925	-0.6851
TCGA-DU-6400-01A-12D-1704-01	13	107056906	107056921	2	-3.1169
TCGA-DU-6400-01A-12D-1704-01	13	107056981	112237456	4111	-0.7282
TCGA-DU-6400-01A-12D-1704-01	13	112239088	112239215	2	-3.3651
TCGA-DU-6400-01A-12D-1704-01	13	112239671	114263127	1134	-0.7433
TCGA-DU-6400-01A-12D-1704-01	13	114263697	114264517	3	-5.0818
TCGA-DU-6400-01A-12D-1704-01	13	114265190	115108397	251	-0.7837
TCGA-DU-6400-01A-12D-1704-01	14	19002124	19438611	33	0.0339
TCGA-DU-6400-01A-12D-1704-01	14	19451076	19562139	8	-0.8356
TCGA-DU-6400-01A-12D-1704-01	14	19600435	25609273	3688	0.1673
TCGA-DU-6400-01A-12D-1704-01	14	25611574	25612174	4	-0.6694
TCGA-DU-6400-01A-12D-1704-01	14	25614160	35503326	6312	0.144
TCGA-DU-6400-01A-12D-1704-01	14	35504590	35509774	5	-0.5573
TCGA-DU-6400-01A-12D-1704-01	14	35510797	41608358	3786	0.1432
TCGA-DU-6400-01A-12D-1704-01	14	41610496	41657349	15	-0.2414
TCGA-DU-6400-01A-12D-1704-01	14	41670102	74006707	20472	0.1482
TCGA-DU-6400-01A-12D-1704-01	14	74006851	74029900	8	1.0971
TCGA-DU-6400-01A-12D-1704-01	14	74029915	106783044	20920	0.1507
TCGA-DU-6400-01A-12D-1704-01	14	106796025	106952836	105	0.3836
TCGA-DU-6400-01A-12D-1704-01	14	106952855	107153173	120	0.1463
TCGA-DU-6400-01A-12D-1704-01	14	107160325	107285437	90	-0.0586
TCGA-DU-6400-01A-12D-1704-01	15	20016328	20247155	51	-0.1911
TCGA-DU-6400-01A-12D-1704-01	15	20262236	20585988	54	-0.4932
TCGA-DU-6400-01A-12D-1704-01	15	20586090	76891241	34205	-0.1822
TCGA-DU-6400-01A-12D-1704-01	15	76891511	76895198	13	-1.9191
TCGA-DU-6400-01A-12D-1704-01	15	76895344	86508959	5567	-0.1839
TCGA-DU-6400-01A-12D-1704-01	15	86511894	86521133	7	-1.8393
TCGA-DU-6400-01A-12D-1704-01	15	86521837	102469040	12100	-0.1888
TCGA-DU-6400-01A-12D-1704-01	16	60777	14777628	11105	0.1532
TCGA-DU-6400-01A-12D-1704-01	16	14780654	15059345	46	-0.4698
TCGA-DU-6400-01A-12D-1704-01	16	15059677	32011371	8906	0.1469
TCGA-DU-6400-01A-12D-1704-01	16	32011849	32588622	94	-0.1803
TCGA-DU-6400-01A-12D-1704-01	16	32588901	32588909	5	-2.7138
TCGA-DU-6400-01A-12D-1704-01	16	32609274	33828754	194	-0.2485
TCGA-DU-6400-01A-12D-1704-01	16	33835319	55019573	6244	0.1498
TCGA-DU-6400-01A-12D-1704-01	16	55028401	55031225	2	-1.1924
TCGA-DU-6400-01A-12D-1704-01	16	55033965	71437658	10074	0.1647
TCGA-DU-6400-01A-12D-1704-01	16	71440719	71442656	4	-0.6891
TCGA-DU-6400-01A-12D-1704-01	16	71444499	78371608	5083	0.152
TCGA-DU-6400-01A-12D-1704-01	16	78372440	78384765	17	1.0647
TCGA-DU-6400-01A-12D-1704-01	16	78385001	80975647	3042	0.1543
TCGA-DU-6400-01A-12D-1704-01	16	80975931	80986257	10	-0.6357
TCGA-DU-6400-01A-12D-1704-01	16	80986546	90287535	7588	0.1528
TCGA-DU-6400-01A-12D-1704-01	17	526	16662914	10502	-0.0357
TCGA-DU-6400-01A-12D-1704-01	17	16663051	16740270	11	-0.6338
TCGA-DU-6400-01A-12D-1704-01	17	16741515	16846208	54	-0.0158
TCGA-DU-6400-01A-12D-1704-01	17	16847113	16848750	2	-1.0478
TCGA-DU-6400-01A-12D-1704-01	17	16848920	17623512	481	-0.012
TCGA-DU-6400-01A-12D-1704-01	17	17624193	17633932	7	-0.67
TCGA-DU-6400-01A-12D-1704-01	17	17637950	18361686	380	-0.028
TCGA-DU-6400-01A-12D-1704-01	17	18364842	18411923	13	0.4765
TCGA-DU-6400-01A-12D-1704-01	17	18412558	18922733	183	-0.0094
TCGA-DU-6400-01A-12D-1704-01	17	18922745	19130231	16	-0.4923
TCGA-DU-6400-01A-12D-1704-01	17	19149286	21838258	1186	-0.0437
TCGA-DU-6400-01A-12D-1704-01	17	21842921	21848623	7	-1.6013
TCGA-DU-6400-01A-12D-1704-01	17	21850014	26779053	944	-0.0382
TCGA-DU-6400-01A-12D-1704-01	17	26781341	26782319	2	-1.5639
TCGA-DU-6400-01A-12D-1704-01	17	26789271	32674820	3372	-0.0282
TCGA-DU-6400-01A-12D-1704-01	17	32677709	32700349	34	-0.3814
TCGA-DU-6400-01A-12D-1704-01	17	32700797	39423090	3760	-0.0218
TCGA-DU-6400-01A-12D-1704-01	17	39423103	39430531	19	0.8867
TCGA-DU-6400-01A-12D-1704-01	17	39432724	39458476	31	8e-04
TCGA-DU-6400-01A-12D-1704-01	17	39458566	39458893	2	-0.9201
TCGA-DU-6400-01A-12D-1704-01	17	39459154	41432265	1077	-0.0117
TCGA-DU-6400-01A-12D-1704-01	17	41438590	41439921	3	-1.1117
TCGA-DU-6400-01A-12D-1704-01	17	41443704	44213712	1435	-0.0482
TCGA-DU-6400-01A-12D-1704-01	17	44214166	44295834	72	0.3508
TCGA-DU-6400-01A-12D-1704-01	17	44311470	81049726	21666	-0.0282
TCGA-DU-6400-01A-12D-1704-01	18	11543	38260448	22833	0.0399
TCGA-DU-6400-01A-12D-1704-01	18	38260470	38269498	18	0.4415
TCGA-DU-6400-01A-12D-1704-01	18	38269812	63727545	17501	0.0447
TCGA-DU-6400-01A-12D-1704-01	18	63727599	63728340	10	-1.6172
TCGA-DU-6400-01A-12D-1704-01	18	63732738	63762300	47	0.056
TCGA-DU-6400-01A-12D-1704-01	18	63767140	63767922	3	0.9242
TCGA-DU-6400-01A-12D-1704-01	18	63775595	63906866	98	0.0734
TCGA-DU-6400-01A-12D-1704-01	18	63907434	63911361	9	-0.5706
TCGA-DU-6400-01A-12D-1704-01	18	63911589	67207852	2462	0.0749
TCGA-DU-6400-01A-12D-1704-01	18	67208392	67210642	4	-1.2684
TCGA-DU-6400-01A-12D-1704-01	18	67213601	71507258	3178	0.0813
TCGA-DU-6400-01A-12D-1704-01	18	71507399	71507574	2	-0.9797
TCGA-DU-6400-01A-12D-1704-01	18	71507880	71603327	88	0.018
TCGA-DU-6400-01A-12D-1704-01	18	71607792	71615597	13	-0.3474
TCGA-DU-6400-01A-12D-1704-01	18	71616100	73092922	1093	0.0393
TCGA-DU-6400-01A-12D-1704-01	18	73093487	73093961	2	-1.0892
TCGA-DU-6400-01A-12D-1704-01	18	73094087	78015057	3432	0.0269
TCGA-DU-6400-01A-12D-1704-01	19	90910	24357593	11183	0.185
TCGA-DU-6400-01A-12D-1704-01	19	24367770	24368149	3	-1.0605
TCGA-DU-6400-01A-12D-1704-01	19	24368367	27751675	63	0.1808
TCGA-DU-6400-01A-12D-1704-01	19	27762138	35849322	5528	-0.6833
TCGA-DU-6400-01A-12D-1704-01	19	35849493	35861848	22	-1.6488
TCGA-DU-6400-01A-12D-1704-01	19	35866744	59097854	12396	-0.6363
TCGA-DU-6400-01A-12D-1704-01	2	12784	8129338	6298	0.1422
TCGA-DU-6400-01A-12D-1704-01	2	8130885	8136618	7	-0.707
TCGA-DU-6400-01A-12D-1704-01	2	8139924	34683290	17796	0.1516
TCGA-DU-6400-01A-12D-1704-01	2	34685280	34737057	48	-0.3411
TCGA-DU-6400-01A-12D-1704-01	2	34737163	98025647	37152	0.152
TCGA-DU-6400-01A-12D-1704-01	2	98063372	98162189	12	-0.4903
TCGA-DU-6400-01A-12D-1704-01	2	98166878	102664112	2664	0.1585
TCGA-DU-6400-01A-12D-1704-01	2	102664275	102670949	5	-0.495
TCGA-DU-6400-01A-12D-1704-01	2	102670994	106874722	2905	0.156
TCGA-DU-6400-01A-12D-1704-01	2	106880095	106887408	14	-0.5146
TCGA-DU-6400-01A-12D-1704-01	2	106887870	118223764	6187	0.1505
TCGA-DU-6400-01A-12D-1704-01	2	118224170	118230052	6	-0.629
TCGA-DU-6400-01A-12D-1704-01	2	118230461	129408561	7086	0.147
TCGA-DU-6400-01A-12D-1704-01	2	129415170	129419013	3	-0.8079
TCGA-DU-6400-01A-12D-1704-01	2	129419571	129638078	164	0.1181
TCGA-DU-6400-01A-12D-1704-01	2	129638478	129646448	17	-0.4956
TCGA-DU-6400-01A-12D-1704-01	2	129646503	213181322	50553	0.1474
TCGA-DU-6400-01A-12D-1704-01	2	213186549	213190035	9	-0.7317
TCGA-DU-6400-01A-12D-1704-01	2	213190120	213191825	16	-0.333
TCGA-DU-6400-01A-12D-1704-01	2	213192126	229759479	10823	0.1444
TCGA-DU-6400-01A-12D-1704-01	2	229759646	229759913	7	-0.6104
TCGA-DU-6400-01A-12D-1704-01	2	229760083	243089456	8239	0.1506
TCGA-DU-6400-01A-12D-1704-01	20	61305	1560999	1207	0.1478
TCGA-DU-6400-01A-12D-1704-01	20	1561580	1568083	8	-0.7772
TCGA-DU-6400-01A-12D-1704-01	20	1570737	1582207	28	-0.2891
TCGA-DU-6400-01A-12D-1704-01	20	1590257	1597946	6	-0.9842
TCGA-DU-6400-01A-12D-1704-01	20	1598106	26197931	18758	0.1637
TCGA-DU-6400-01A-12D-1704-01	20	26209754	26236286	19	-0.1915
TCGA-DU-6400-01A-12D-1704-01	20	26239367	41175615	6759	0.167
TCGA-DU-6400-01A-12D-1704-01	20	41178700	41243499	71	-0.9422
TCGA-DU-6400-01A-12D-1704-01	20	41250407	41978133	645	0.1249
TCGA-DU-6400-01A-12D-1704-01	20	41978970	41980858	2	-0.9258
TCGA-DU-6400-01A-12D-1704-01	20	41981117	59111045	12779	0.1812
TCGA-DU-6400-01A-12D-1704-01	20	59113709	59128381	8	-0.5994
TCGA-DU-6400-01A-12D-1704-01	20	59128497	62956153	2190	0.1651
TCGA-DU-6400-01A-12D-1704-01	21	10736871	10953424	36	0.4301
TCGA-DU-6400-01A-12D-1704-01	21	10954126	14603577	132	-0.1909
TCGA-DU-6400-01A-12D-1704-01	21	14612609	14974491	173	0.1404
TCGA-DU-6400-01A-12D-1704-01	21	14984424	15100785	74	-0.107
TCGA-DU-6400-01A-12D-1704-01	21	15101058	23049859	5573	0.1768
TCGA-DU-6400-01A-12D-1704-01	21	23049981	23050703	2	1.2645
TCGA-DU-6400-01A-12D-1704-01	21	23052306	42868131	15172	0.1699
TCGA-DU-6400-01A-12D-1704-01	21	42868195	42868213	2	-1.2922
TCGA-DU-6400-01A-12D-1704-01	21	42868337	48096957	3238	0.1666
TCGA-DU-6400-01A-12D-1704-01	22	16052528	21465493	2846	0.1082
TCGA-DU-6400-01A-12D-1704-01	22	21465630	21929661	59	-0.192
TCGA-DU-6400-01A-12D-1704-01	22	21934230	24157250	1583	0.1251
TCGA-DU-6400-01A-12D-1704-01	22	24163003	24165088	2	-1.2101
TCGA-DU-6400-01A-12D-1704-01	22	24165347	24271745	94	0.0973
TCGA-DU-6400-01A-12D-1704-01	22	24283016	24332933	30	0.6145
TCGA-DU-6400-01A-12D-1704-01	22	24337307	24402442	25	-0.17
TCGA-DU-6400-01A-12D-1704-01	22	24402461	25081338	349	0.1894
TCGA-DU-6400-01A-12D-1704-01	22	25082115	25082534	3	-0.7534
TCGA-DU-6400-01A-12D-1704-01	22	25087674	39287234	10468	0.1874
TCGA-DU-6400-01A-12D-1704-01	22	39287337	39290920	3	-0.3949
TCGA-DU-6400-01A-12D-1704-01	22	39295255	39296904	3	-2.3438
TCGA-DU-6400-01A-12D-1704-01	22	39299114	39389751	66	0.0801
TCGA-DU-6400-01A-12D-1704-01	22	39394394	39395507	8	-0.5535
TCGA-DU-6400-01A-12D-1704-01	22	39399312	45130401	3535	0.196
TCGA-DU-6400-01A-12D-1704-01	22	45130466	45136906	6	-0.7235
TCGA-DU-6400-01A-12D-1704-01	22	45146425	51234455	4468	0.1685
TCGA-DU-6400-01A-12D-1704-01	3	60345	12144982	10097	0.1685
TCGA-DU-6400-01A-12D-1704-01	3	12145349	12145362	2	-1.1564
TCGA-DU-6400-01A-12D-1704-01	3	12147150	13336330	914	0.1577
TCGA-DU-6400-01A-12D-1704-01	3	13336513	13337476	2	-0.8752
TCGA-DU-6400-01A-12D-1704-01	3	13337553	20313125	4287	0.1584
TCGA-DU-6400-01A-12D-1704-01	3	20315122	20316083	2	-1.0003
TCGA-DU-6400-01A-12D-1704-01	3	20328081	23979303	2615	0.1712
TCGA-DU-6400-01A-12D-1704-01	3	23981429	23982328	2	-1.1037
TCGA-DU-6400-01A-12D-1704-01	3	23982330	26426191	2015	0.1681
TCGA-DU-6400-01A-12D-1704-01	3	26434124	26439343	5	-0.6201
TCGA-DU-6400-01A-12D-1704-01	3	26445973	26612110	127	0.1697
TCGA-DU-6400-01A-12D-1704-01	3	26612164	26614985	12	-0.3918
TCGA-DU-6400-01A-12D-1704-01	3	26615949	68732028	27770	0.1647
TCGA-DU-6400-01A-12D-1704-01	3	68746164	68747413	15	-1.3176
TCGA-DU-6400-01A-12D-1704-01	3	68748758	75394435	4870	0.1588
TCGA-DU-6400-01A-12D-1704-01	3	75396818	75669430	84	-0.1364
TCGA-DU-6400-01A-12D-1704-01	3	75674368	89387101	7705	0.1791
TCGA-DU-6400-01A-12D-1704-01	3	89394592	89419381	51	-0.4398
TCGA-DU-6400-01A-12D-1704-01	3	89419921	129762859	22027	0.158
TCGA-DU-6400-01A-12D-1704-01	3	129763698	129806236	52	-1.0815
TCGA-DU-6400-01A-12D-1704-01	3	129806924	162540490	20315	0.1552
TCGA-DU-6400-01A-12D-1704-01	3	162545716	162613758	38	-0.1794
TCGA-DU-6400-01A-12D-1704-01	3	162613968	173240635	6381	0.1742
TCGA-DU-6400-01A-12D-1704-01	3	173247479	173289680	23	0.7594
TCGA-DU-6400-01A-12D-1704-01	3	173300193	175080611	1274	0.1792
TCGA-DU-6400-01A-12D-1704-01	3	175080747	175081226	4	-2.9356
TCGA-DU-6400-01A-12D-1704-01	3	175081325	186386603	6756	0.1609
TCGA-DU-6400-01A-12D-1704-01	3	186386619	186427374	50	-0.077
TCGA-DU-6400-01A-12D-1704-01	3	186427412	192877902	4718	0.1675
TCGA-DU-6400-01A-12D-1704-01	3	192877962	192882903	19	0.8682
TCGA-DU-6400-01A-12D-1704-01	3	192886435	195285664	1486	0.1671
TCGA-DU-6400-01A-12D-1704-01	3	195285898	195434114	21	-0.4151
TCGA-DU-6400-01A-12D-1704-01	3	195434263	197896118	1199	0.1453
TCGA-DU-6400-01A-12D-1704-01	4	12281	71420	63	-0.4921
TCGA-DU-6400-01A-12D-1704-01	4	71566	3989656	1601	-0.0986
TCGA-DU-6400-01A-12D-1704-01	4	3989982	4176629	57	-0.3665
TCGA-DU-6400-01A-12D-1704-01	4	4177173	5316735	889	-0.1098
TCGA-DU-6400-01A-12D-1704-01	4	5319786	5324579	6	-0.968
TCGA-DU-6400-01A-12D-1704-01	4	5324660	9392955	2584	-0.118
TCGA-DU-6400-01A-12D-1704-01	4	9395328	9671023	101	-0.3075
TCGA-DU-6400-01A-12D-1704-01	4	9672688	10223628	495	-0.1164
TCGA-DU-6400-01A-12D-1704-01	4	10223848	10230797	20	0.4607
TCGA-DU-6400-01A-12D-1704-01	4	10230812	10272788	56	-0.0886
TCGA-DU-6400-01A-12D-1704-01	4	10273043	10273549	3	-0.8497
TCGA-DU-6400-01A-12D-1704-01	4	10273579	10390715	125	-0.1048
TCGA-DU-6400-01A-12D-1704-01	4	10392354	10400668	16	-0.7379
TCGA-DU-6400-01A-12D-1704-01	4	10402718	34779054	16801	-0.0892
TCGA-DU-6400-01A-12D-1704-01	4	34786500	34830004	43	0.5177
TCGA-DU-6400-01A-12D-1704-01	4	34831818	49503785	8983	-0.067
TCGA-DU-6400-01A-12D-1704-01	4	49510399	49658612	17	-0.4743
TCGA-DU-6400-01A-12D-1704-01	4	52685699	63667834	7009	-0.0663
TCGA-DU-6400-01A-12D-1704-01	4	63669936	63671662	8	-0.9122
TCGA-DU-6400-01A-12D-1704-01	4	63679630	64684169	547	-0.0307
TCGA-DU-6400-01A-12D-1704-01	4	64687561	64725504	45	0.1984
TCGA-DU-6400-01A-12D-1704-01	4	64726856	69260551	2854	-0.0491
TCGA-DU-6400-01A-12D-1704-01	4	69261064	69282205	2	1.4928
TCGA-DU-6400-01A-12D-1704-01	4	69284591	69374955	22	0.0986
TCGA-DU-6400-01A-12D-1704-01	4	69375160	69485979	63	-0.4538
TCGA-DU-6400-01A-12D-1704-01	4	69489335	144820716	45491	-0.0928
TCGA-DU-6400-01A-12D-1704-01	4	144823572	144829801	4	-0.9138
TCGA-DU-6400-01A-12D-1704-01	4	144830792	146495355	861	-0.1218
TCGA-DU-6400-01A-12D-1704-01	4	146501756	146501892	2	-1.3155
TCGA-DU-6400-01A-12D-1704-01	4	146505728	155802548	5522	-0.1054
TCGA-DU-6400-01A-12D-1704-01	4	155803005	155803199	4	0.7131
TCGA-DU-6400-01A-12D-1704-01	4	155803342	161873940	3915	-0.0912
TCGA-DU-6400-01A-12D-1704-01	4	161874000	161884908	22	-0.3961
TCGA-DU-6400-01A-12D-1704-01	4	161884919	172987928	7079	-0.0893
TCGA-DU-6400-01A-12D-1704-01	4	172989148	172989533	12	-1.2714
TCGA-DU-6400-01A-12D-1704-01	4	172995979	189221258	10938	-0.099
TCGA-DU-6400-01A-12D-1704-01	4	189221360	189222813	5	-1.075
TCGA-DU-6400-01A-12D-1704-01	4	189223053	190189043	785	-0.0646
TCGA-DU-6400-01A-12D-1704-01	4	190195118	190225573	10	0.4579
TCGA-DU-6400-01A-12D-1704-01	4	190225765	191027923	380	-0.1304
TCGA-DU-6400-01A-12D-1704-01	5	15532	681302	304	-0.0263
TCGA-DU-6400-01A-12D-1704-01	5	685504	873350	67	-0.232
TCGA-DU-6400-01A-12D-1704-01	5	873798	12800889	9846	0.0344
TCGA-DU-6400-01A-12D-1704-01	5	12815780	12838533	14	-1.2414
TCGA-DU-6400-01A-12D-1704-01	5	12849201	15718492	1976	0.0486
TCGA-DU-6400-01A-12D-1704-01	5	15719222	15720597	11	-0.8335
TCGA-DU-6400-01A-12D-1704-01	5	15723346	28218887	7503	0.0742
TCGA-DU-6400-01A-12D-1704-01	5	28221005	28222685	3	1.0306
TCGA-DU-6400-01A-12D-1704-01	5	28225395	29020147	460	0.0862
TCGA-DU-6400-01A-12D-1704-01	5	29020576	29023304	3	-0.5842
TCGA-DU-6400-01A-12D-1704-01	5	29023463	29077647	54	0.0883
TCGA-DU-6400-01A-12D-1704-01	5	29077782	29078634	11	-0.6506
TCGA-DU-6400-01A-12D-1704-01	5	29082580	46271930	10548	0.0436
TCGA-DU-6400-01A-12D-1704-01	5	46272521	46273502	5	-2.0849
TCGA-DU-6400-01A-12D-1704-01	5	46278212	57321646	5080	0.0541
TCGA-DU-6400-01A-12D-1704-01	5	57326027	57333533	32	1.1254
TCGA-DU-6400-01A-12D-1704-01	5	57338357	117388610	36287	0.0544
TCGA-DU-6400-01A-12D-1704-01	5	117388644	117389085	9	-0.8756
TCGA-DU-6400-01A-12D-1704-01	5	117404340	151515484	21389	0.0493
TCGA-DU-6400-01A-12D-1704-01	5	151515498	151518300	10	-0.5048
TCGA-DU-6400-01A-12D-1704-01	5	151518351	175460087	16770	0.0446
TCGA-DU-6400-01A-12D-1704-01	5	175465689	175469507	2	-2.3085
TCGA-DU-6400-01A-12D-1704-01	5	175470324	180374523	2542	0.0551
TCGA-DU-6400-01A-12D-1704-01	5	180378710	180418103	19	-1.6908
TCGA-DU-6400-01A-12D-1704-01	5	180433225	180790320	171	-0.005
TCGA-DU-6400-01A-12D-1704-01	6	149661	252145	96	-0.1206
TCGA-DU-6400-01A-12D-1704-01	6	252772	384521	110	-0.4495
TCGA-DU-6400-01A-12D-1704-01	6	384546	31287222	22228	-0.0472
TCGA-DU-6400-01A-12D-1704-01	6	31287501	31296451	6	-1.296
TCGA-DU-6400-01A-12D-1704-01	6	31309924	32586908	552	-0.0965
TCGA-DU-6400-01A-12D-1704-01	6	32587457	32602107	8	-1.0957
TCGA-DU-6400-01A-12D-1704-01	6	32602269	32686196	51	-0.0889
TCGA-DU-6400-01A-12D-1704-01	6	32688615	32690830	11	0.7294
TCGA-DU-6400-01A-12D-1704-01	6	32692227	78956554	26985	-0.0372
TCGA-DU-6400-01A-12D-1704-01	6	78961209	79039234	125	0.4184
TCGA-DU-6400-01A-12D-1704-01	6	79041633	103734174	15481	-0.0364
TCGA-DU-6400-01A-12D-1704-01	6	103734645	103762061	51	0.517
TCGA-DU-6400-01A-12D-1704-01	6	103765470	124431774	12701	-0.0445
TCGA-DU-6400-01A-12D-1704-01	6	124435941	124470761	21	0.595
TCGA-DU-6400-01A-12D-1704-01	6	124471533	171051005	31514	-0.0541
TCGA-DU-6400-01A-12D-1704-01	7	43355	6885538	3452	0.154
TCGA-DU-6400-01A-12D-1704-01	7	6893308	6901720	4	-1.039
TCGA-DU-6400-01A-12D-1704-01	7	6914463	6942659	16	-0.0136
TCGA-DU-6400-01A-12D-1704-01	7	6954971	6960802	4	-0.6174
TCGA-DU-6400-01A-12D-1704-01	7	6963659	20873284	11380	0.181
TCGA-DU-6400-01A-12D-1704-01	7	20876013	20886958	8	-0.3996
TCGA-DU-6400-01A-12D-1704-01	7	20894790	38273330	12557	0.1592
TCGA-DU-6400-01A-12D-1704-01	7	38273733	38329610	57	0.4447
TCGA-DU-6400-01A-12D-1704-01	7	38329818	57065360	12731	0.1652
TCGA-DU-6400-01A-12D-1704-01	7	57067592	57155738	11	-0.5063
TCGA-DU-6400-01A-12D-1704-01	7	57179172	61728407	453	0.1014
TCGA-DU-6400-01A-12D-1704-01	7	61760703	61858001	39	-0.2015
TCGA-DU-6400-01A-12D-1704-01	7	61858202	88789110	14525	0.1572
TCGA-DU-6400-01A-12D-1704-01	7	88789262	88793693	2	-0.8764
TCGA-DU-6400-01A-12D-1704-01	7	88793930	97385970	5494	0.1589
TCGA-DU-6400-01A-12D-1704-01	7	97395460	97402227	14	-0.5334
TCGA-DU-6400-01A-12D-1704-01	7	97402288	102101306	2052	0.1681
TCGA-DU-6400-01A-12D-1704-01	7	102102164	102317109	9	-0.5234
TCGA-DU-6400-01A-12D-1704-01	7	102335787	102349185	16	0.1469
TCGA-DU-6400-01A-12D-1704-01	7	102351847	102358404	15	-0.3712
TCGA-DU-6400-01A-12D-1704-01	7	102373011	115930025	8480	0.1668
TCGA-DU-6400-01A-12D-1704-01	7	115934700	115941666	8	-0.2842
TCGA-DU-6400-01A-12D-1704-01	7	115943514	117143602	842	0.1272
TCGA-DU-6400-01A-12D-1704-01	7	117143628	117145096	2	-0.6992
TCGA-DU-6400-01A-12D-1704-01	7	117150721	126044974	5286	0.1772
TCGA-DU-6400-01A-12D-1704-01	7	126045482	126046876	13	1.0605
TCGA-DU-6400-01A-12D-1704-01	7	126046877	128123612	1387	0.1587
TCGA-DU-6400-01A-12D-1704-01	7	128128760	128307989	41	-0.0825
TCGA-DU-6400-01A-12D-1704-01	7	128308386	136454415	5159	0.1583
TCGA-DU-6400-01A-12D-1704-01	7	136455391	136459764	4	-0.7759
TCGA-DU-6400-01A-12D-1704-01	7	136466295	142474939	3838	0.1685
TCGA-DU-6400-01A-12D-1704-01	7	142476719	142486045	27	0.821
TCGA-DU-6400-01A-12D-1704-01	7	142486115	143873952	838	0.1513
TCGA-DU-6400-01A-12D-1704-01	7	143896252	144066947	44	-0.6545
TCGA-DU-6400-01A-12D-1704-01	7	144074929	156385674	8058	0.1659
TCGA-DU-6400-01A-12D-1704-01	7	156391790	156394179	4	-0.841
TCGA-DU-6400-01A-12D-1704-01	7	156394908	159083500	1581	0.1515
TCGA-DU-6400-01A-12D-1704-01	7	159083584	159127004	48	-0.0891
TCGA-DU-6400-01A-12D-1704-01	8	31254	161222	6	-0.6848
TCGA-DU-6400-01A-12D-1704-01	8	162672	594973	323	0.0155
TCGA-DU-6400-01A-12D-1704-01	8	595220	595875	6	0.6073
TCGA-DU-6400-01A-12D-1704-01	8	595892	595908	2	2.56
TCGA-DU-6400-01A-12D-1704-01	8	601043	2081212	1149	0.0566
TCGA-DU-6400-01A-12D-1704-01	8	2081251	2081372	3	-1.4155
TCGA-DU-6400-01A-12D-1704-01	8	2081407	2247094	154	0.0595
TCGA-DU-6400-01A-12D-1704-01	8	2247158	2259358	16	-0.5351
TCGA-DU-6400-01A-12D-1704-01	8	2270328	5594267	4432	0.1038
TCGA-DU-6400-01A-12D-1704-01	8	5598726	5607088	28	-0.6199
TCGA-DU-6400-01A-12D-1704-01	8	5607156	6826561	1600	0.0677
TCGA-DU-6400-01A-12D-1704-01	8	6826762	6880062	19	-0.4209
TCGA-DU-6400-01A-12D-1704-01	8	6882393	7171097	86	-0.0284
TCGA-DU-6400-01A-12D-1704-01	8	7186632	7186646	2	1.6676
TCGA-DU-6400-01A-12D-1704-01	8	7193821	18265154	8914	0.0742
TCGA-DU-6400-01A-12D-1704-01	8	18266157	18271185	4	-1.5244
TCGA-DU-6400-01A-12D-1704-01	8	18271387	24972187	5087	0.0743
TCGA-DU-6400-01A-12D-1704-01	8	24974443	24984333	27	-0.2149
TCGA-DU-6400-01A-12D-1704-01	8	24991104	39230659	9036	0.0681
TCGA-DU-6400-01A-12D-1704-01	8	39235603	39386965	58	-1.806
TCGA-DU-6400-01A-12D-1704-01	8	39388299	40237259	656	0.0822
TCGA-DU-6400-01A-12D-1704-01	8	40237469	40238137	4	-0.5997
TCGA-DU-6400-01A-12D-1704-01	8	40238575	40771996	412	0.0587
TCGA-DU-6400-01A-12D-1704-01	8	40777852	40778471	2	-1.6893
TCGA-DU-6400-01A-12D-1704-01	8	40783680	58115275	8120	0.0694
TCGA-DU-6400-01A-12D-1704-01	8	58116550	58130025	5	-0.6978
TCGA-DU-6400-01A-12D-1704-01	8	58132798	72212365	8719	0.0684
TCGA-DU-6400-01A-12D-1704-01	8	72215311	72216599	9	-1.9445
TCGA-DU-6400-01A-12D-1704-01	8	72219863	112295081	24132	0.0752
TCGA-DU-6400-01A-12D-1704-01	8	112295202	112295260	3	-2.0662
TCGA-DU-6400-01A-12D-1704-01	8	112300281	146298155	22914	0.0752
TCGA-DU-6400-01A-12D-1704-01	9	46587	37033159	29989	0.0832
TCGA-DU-6400-01A-12D-1704-01	9	37033361	37034669	3	-0.9816
TCGA-DU-6400-01A-12D-1704-01	9	37035181	38989378	1219	0.0701
TCGA-DU-6400-01A-12D-1704-01	9	38994130	38996748	4	-0.8268
TCGA-DU-6400-01A-12D-1704-01	9	39011602	41985187	153	-0.0061
TCGA-DU-6400-01A-12D-1704-01	9	42023107	43187967	24	-0.3713
TCGA-DU-6400-01A-12D-1704-01	9	43315670	43790346	40	0.4519
TCGA-DU-6400-01A-12D-1704-01	9	43800186	46063936	154	-0.0627
TCGA-DU-6400-01A-12D-1704-01	9	46113402	46390914	18	-0.5464
TCGA-DU-6400-01A-12D-1704-01	9	46395014	68183981	69	-0.1184
TCGA-DU-6400-01A-12D-1704-01	9	68186051	68188547	8	0.7612
TCGA-DU-6400-01A-12D-1704-01	9	68209916	141091394	48233	0.0847
TCGA-DU-6400-01A-12D-1704-01	X	168477	24279601	14844	0.015
TCGA-DU-6400-01A-12D-1704-01	X	24281833	24281900	2	-1.5454
TCGA-DU-6400-01A-12D-1704-01	X	24282005	150257081	67281	0.0155
TCGA-DU-6400-01A-12D-1704-01	X	150257935	150257944	2	-2.0737
TCGA-DU-6400-01A-12D-1704-01	X	150260144	150292898	19	-0.0158
TCGA-DU-6400-01A-12D-1704-01	X	150293934	150295459	2	-1.5888
TCGA-DU-6400-01A-12D-1704-01	X	150296555	155182354	2424	0.0044
TCGA-DU-6400-01A-12D-1704-01	Y	2650438	2894833	122	-2.7131
TCGA-DU-6400-01A-12D-1704-01	Y	2895266	5949944	686	-2.2057
TCGA-DU-6400-01A-12D-1704-01	Y	5950884	6117910	68	-2.7482
TCGA-DU-6400-01A-12D-1704-01	Y	6120432	6281935	73	-3.7238
TCGA-DU-6400-01A-12D-1704-01	Y	6282097	15590276	2629	-2.8062
TCGA-DU-6400-01A-12D-1704-01	Y	15590342	15594523	3	-7.6439
TCGA-DU-6400-01A-12D-1704-01	Y	15594889	19571480	2081	-2.8308
TCGA-DU-6400-01A-12D-1704-01	Y	19574890	21088297	704	-3.3495
TCGA-DU-6400-01A-12D-1704-01	Y	21088485	24484825	1232	-2.8456
TCGA-DU-6400-01A-12D-1704-01	Y	24484918	26631228	425	-3.2601
TCGA-DU-6400-01A-12D-1704-01	Y	26631371	27240184	78	-3.8239
TCGA-DU-6400-01A-12D-1704-01	Y	27254679	28272116	292	-3.0913
TCGA-DU-6400-01A-12D-1704-01	Y	28277692	28321752	13	-4.4927
TCGA-DU-6400-01A-12D-1704-01	Y	28322019	28423938	44	-3.2469
TCGA-DU-6400-01A-12D-1704-01	Y	28438116	59018259	183	-2.6001
