barcode	chromosome	start	stop	num.mark	seg.mean
TCGA-FG-8186-10A-01D-2252-01	1	51598	225801	27	-0.1329
TCGA-FG-8186-10A-01D-2252-01	1	346306	346405	2	2.2745
TCGA-FG-8186-10A-01D-2252-01	1	394034	16021930	8388	0.0055
TCGA-FG-8186-10A-01D-2252-01	1	16022502	16026084	2	-1.2583
TCGA-FG-8186-10A-01D-2252-01	1	16026123	16889467	372	0.0072
TCGA-FG-8186-10A-01D-2252-01	1	16889665	17130530	87	-0.4604
TCGA-FG-8186-10A-01D-2252-01	1	17130726	34864261	10290	0
TCGA-FG-8186-10A-01D-2252-01	1	34875241	34877078	20	-0.6226
TCGA-FG-8186-10A-01D-2252-01	1	34886855	58848392	14345	7e-04
TCGA-FG-8186-10A-01D-2252-01	1	58850625	58851947	4	-1.3414
TCGA-FG-8186-10A-01D-2252-01	1	58856797	72522941	9438	0.0014
TCGA-FG-8186-10A-01D-2252-01	1	72528701	72535958	9	-1.1496
TCGA-FG-8186-10A-01D-2252-01	1	72541006	103960907	20151	7e-04
TCGA-FG-8186-10A-01D-2252-01	1	103965022	104069745	27	0.6386
TCGA-FG-8186-10A-01D-2252-01	1	104104926	105820728	921	0.0016
TCGA-FG-8186-10A-01D-2252-01	1	105820759	105823898	16	0.9496
TCGA-FG-8186-10A-01D-2252-01	1	105825578	108531282	1942	2e-04
TCGA-FG-8186-10A-01D-2252-01	1	108535758	108536400	2	-1.2653
TCGA-FG-8186-10A-01D-2252-01	1	108539019	110029038	725	0.0127
TCGA-FG-8186-10A-01D-2252-01	1	110034497	110041701	17	-1.1928
TCGA-FG-8186-10A-01D-2252-01	1	110044476	145459999	7989	0.0099
TCGA-FG-8186-10A-01D-2252-01	1	145464393	145475424	7	-0.6356
TCGA-FG-8186-10A-01D-2252-01	1	145476964	151026302	2237	0.0289
TCGA-FG-8186-10A-01D-2252-01	1	151028547	151034983	35	-1.7686
TCGA-FG-8186-10A-01D-2252-01	1	151035194	238458363	59696	0.0023
TCGA-FG-8186-10A-01D-2252-01	1	238460638	238460762	6	-2.1455
TCGA-FG-8186-10A-01D-2252-01	1	238462728	247191011	5933	0.0027
TCGA-FG-8186-10A-01D-2252-01	10	62759	18123568	14899	-2e-04
TCGA-FG-8186-10A-01D-2252-01	10	18146449	18239819	10	-1.0367
TCGA-FG-8186-10A-01D-2252-01	10	18263653	24415269	4345	0.0023
TCGA-FG-8186-10A-01D-2252-01	10	24417680	24418060	11	-2.064
TCGA-FG-8186-10A-01D-2252-01	10	24418914	27263909	1994	0.0013
TCGA-FG-8186-10A-01D-2252-01	10	27265910	27270681	15	0.4217
TCGA-FG-8186-10A-01D-2252-01	10	27270743	31286516	3040	-0.0011
TCGA-FG-8186-10A-01D-2252-01	10	31291340	31291785	11	-0.813
TCGA-FG-8186-10A-01D-2252-01	10	31291828	46094186	7273	4e-04
TCGA-FG-8186-10A-01D-2252-01	10	46111165	46669593	169	-0.3613
TCGA-FG-8186-10A-01D-2252-01	10	46684870	47417400	201	0.0427
TCGA-FG-8186-10A-01D-2252-01	10	47432905	47468066	3	-1.7834
TCGA-FG-8186-10A-01D-2252-01	10	47480482	48350704	288	-0.01
TCGA-FG-8186-10A-01D-2252-01	10	48356772	49033015	33	-0.6983
TCGA-FG-8186-10A-01D-2252-01	10	49051617	61034121	8437	-0.0018
TCGA-FG-8186-10A-01D-2252-01	10	61034136	61035488	8	-0.7788
TCGA-FG-8186-10A-01D-2252-01	10	61035809	66605395	3759	0.0024
TCGA-FG-8186-10A-01D-2252-01	10	66605538	66605539	2	-1.1396
TCGA-FG-8186-10A-01D-2252-01	10	66605945	66976282	267	-0.0225
TCGA-FG-8186-10A-01D-2252-01	10	66977929	66984452	28	-0.3756
TCGA-FG-8186-10A-01D-2252-01	10	66992801	135356694	46338	0.0016
TCGA-FG-8186-10A-01D-2252-01	11	188510	5740499	3305	0.0052
TCGA-FG-8186-10A-01D-2252-01	11	5743981	5765715	33	-0.571
TCGA-FG-8186-10A-01D-2252-01	11	5765914	42918407	26824	2e-04
TCGA-FG-8186-10A-01D-2252-01	11	42926160	42927744	6	0.7842
TCGA-FG-8186-10A-01D-2252-01	11	42933207	48554998	3284	-0.0022
TCGA-FG-8186-10A-01D-2252-01	11	48558010	48559252	2	-2.405
TCGA-FG-8186-10A-01D-2252-01	11	48562894	55118007	1223	0.0076
TCGA-FG-8186-10A-01D-2252-01	11	55119916	55225100	66	-0.5451
TCGA-FG-8186-10A-01D-2252-01	11	55225129	101099594	28654	0.0028
TCGA-FG-8186-10A-01D-2252-01	11	101103070	101103174	4	0.9019
TCGA-FG-8186-10A-01D-2252-01	11	101103422	106735929	3812	-0.0023
TCGA-FG-8186-10A-01D-2252-01	11	106743866	106744338	7	-1.1241
TCGA-FG-8186-10A-01D-2252-01	11	106757572	134449982	19967	-0.0045
TCGA-FG-8186-10A-01D-2252-01	12	20703	8248774	5550	-8e-04
TCGA-FG-8186-10A-01D-2252-01	12	8253317	8264024	10	1.0662
TCGA-FG-8186-10A-01D-2252-01	12	8269518	9521823	643	0.0238
TCGA-FG-8186-10A-01D-2252-01	12	9525137	9619559	24	-1.6708
TCGA-FG-8186-10A-01D-2252-01	12	9626236	20750764	7581	0.0057
TCGA-FG-8186-10A-01D-2252-01	12	20754778	20754840	2	-2.2085
TCGA-FG-8186-10A-01D-2252-01	12	20758296	33193280	9077	-0.0039
TCGA-FG-8186-10A-01D-2252-01	12	33193468	33198345	17	0.4245
TCGA-FG-8186-10A-01D-2252-01	12	33198641	34121751	579	-0.02
TCGA-FG-8186-10A-01D-2252-01	12	34122207	34133275	6	-0.686
TCGA-FG-8186-10A-01D-2252-01	12	34133278	34141963	6	0.3201
TCGA-FG-8186-10A-01D-2252-01	12	34147976	44190705	5039	-8e-04
TCGA-FG-8186-10A-01D-2252-01	12	44192107	44195804	3	1.8047
TCGA-FG-8186-10A-01D-2252-01	12	44199559	110462527	41624	0.0021
TCGA-FG-8186-10A-01D-2252-01	12	110462679	110464380	2	-1.9513
TCGA-FG-8186-10A-01D-2252-01	12	110469090	130686668	14362	0.0024
TCGA-FG-8186-10A-01D-2252-01	12	130698537	130699288	13	-2.0452
TCGA-FG-8186-10A-01D-2252-01	12	130708284	132288262	572	-0.0096
TCGA-FG-8186-10A-01D-2252-01	13	17924949	31430622	9653	0.0014
TCGA-FG-8186-10A-01D-2252-01	13	31430727	31436423	17	-1.0559
TCGA-FG-8186-10A-01D-2252-01	13	31438047	36974300	3914	0.0051
TCGA-FG-8186-10A-01D-2252-01	13	36974671	36982732	8	0.6124
TCGA-FG-8186-10A-01D-2252-01	13	36982757	56875449	12711	-0.0051
TCGA-FG-8186-10A-01D-2252-01	13	56875975	56876315	2	-1.3276
TCGA-FG-8186-10A-01D-2252-01	13	56876635	68140256	6772	-0.0032
TCGA-FG-8186-10A-01D-2252-01	13	68146300	68166243	39	-0.7571
TCGA-FG-8186-10A-01D-2252-01	13	68167120	114126499	31237	5e-04
TCGA-FG-8186-10A-01D-2252-01	14	18072124	25198788	4087	0.0069
TCGA-FG-8186-10A-01D-2252-01	14	25199168	25199864	5	-1.0059
TCGA-FG-8186-10A-01D-2252-01	14	25202900	39678679	9025	-0.0015
TCGA-FG-8186-10A-01D-2252-01	14	39683673	39686670	2	1.2821
TCGA-FG-8186-10A-01D-2252-01	14	39687916	42048825	1582	0.0021
TCGA-FG-8186-10A-01D-2252-01	14	42055918	42067057	13	-0.556
TCGA-FG-8186-10A-01D-2252-01	14	42069904	65138806	14667	8e-04
TCGA-FG-8186-10A-01D-2252-01	14	65139359	65144967	4	-1.1772
TCGA-FG-8186-10A-01D-2252-01	14	65149784	69083732	2331	0.0068
TCGA-FG-8186-10A-01D-2252-01	14	69087800	69092220	9	-0.7568
TCGA-FG-8186-10A-01D-2252-01	14	69092466	105786534	23547	0.0028
TCGA-FG-8186-10A-01D-2252-01	14	105788401	105798514	8	0.7097
TCGA-FG-8186-10A-01D-2252-01	14	105799207	105854089	28	-0.0231
TCGA-FG-8186-10A-01D-2252-01	14	105867070	105873098	7	-0.8476
TCGA-FG-8186-10A-01D-2252-01	14	105886988	105934566	26	-0.0187
TCGA-FG-8186-10A-01D-2252-01	14	105934569	105989153	58	-0.6793
TCGA-FG-8186-10A-01D-2252-01	14	105989694	106224218	134	-0.0061
TCGA-FG-8186-10A-01D-2252-01	14	106231370	106242821	12	0.7564
TCGA-FG-8186-10A-01D-2252-01	14	106245617	106356482	78	0.0319
TCGA-FG-8186-10A-01D-2252-01	15	18276341	19813175	315	-0.1974
TCGA-FG-8186-10A-01D-2252-01	15	19818876	20302609	111	-0.6111
TCGA-FG-8186-10A-01D-2252-01	15	20302620	22239433	1018	0.0032
TCGA-FG-8186-10A-01D-2252-01	15	22244482	22265550	15	0.4566
TCGA-FG-8186-10A-01D-2252-01	15	22265883	24579934	1692	-0.0024
TCGA-FG-8186-10A-01D-2252-01	15	24583160	24583718	3	-1.2509
TCGA-FG-8186-10A-01D-2252-01	15	24584887	43010946	10986	0.0045
TCGA-FG-8186-10A-01D-2252-01	15	43012549	43021739	6	-0.9413
TCGA-FG-8186-10A-01D-2252-01	15	43022374	54578147	7437	-5e-04
TCGA-FG-8186-10A-01D-2252-01	15	54578172	54588269	21	-0.8203
TCGA-FG-8186-10A-01D-2252-01	15	54588915	69454781	10039	-0.0031
TCGA-FG-8186-10A-01D-2252-01	15	69455194	69455288	2	-1.1645
TCGA-FG-8186-10A-01D-2252-01	15	69455566	74121611	2404	-0.0035
TCGA-FG-8186-10A-01D-2252-01	15	74127925	74135529	4	-1.2335
TCGA-FG-8186-10A-01D-2252-01	15	74136215	98201593	16418	0.0016
TCGA-FG-8186-10A-01D-2252-01	15	98203369	98317280	66	-1.1118
TCGA-FG-8186-10A-01D-2252-01	15	98319816	100246648	1534	-7e-04
TCGA-FG-8186-10A-01D-2252-01	15	100252532	100286563	5	-1.0613
TCGA-FG-8186-10A-01D-2252-01	16	777	14805317	11127	0.0064
TCGA-FG-8186-10A-01D-2252-01	16	14814359	14987956	58	0.2994
TCGA-FG-8186-10A-01D-2252-01	16	14993185	18106218	1621	0.0115
TCGA-FG-8186-10A-01D-2252-01	16	18135619	18150227	3	1.1736
TCGA-FG-8186-10A-01D-2252-01	16	18150537	34317210	7748	0.0094
TCGA-FG-8186-10A-01D-2252-01	16	34324072	34614572	169	0.5271
TCGA-FG-8186-10A-01D-2252-01	16	34618468	54352715	6610	-0.0042
TCGA-FG-8186-10A-01D-2252-01	16	54353890	54374147	18	-0.8329
TCGA-FG-8186-10A-01D-2252-01	16	54374206	54399855	7	-0.119
TCGA-FG-8186-10A-01D-2252-01	16	54399883	54425940	14	0.5051
TCGA-FG-8186-10A-01D-2252-01	16	54427918	68709028	8754	-0.0013
TCGA-FG-8186-10A-01D-2252-01	16	68709061	68755857	14	-0.4582
TCGA-FG-8186-10A-01D-2252-01	16	68755897	72941759	2512	-8e-04
TCGA-FG-8186-10A-01D-2252-01	16	72954559	72964880	7	-0.8023
TCGA-FG-8186-10A-01D-2252-01	16	73009537	76929109	3213	0.002
TCGA-FG-8186-10A-01D-2252-01	16	76929941	76940641	15	1.1932
TCGA-FG-8186-10A-01D-2252-01	16	76942239	88815036	10650	0.0056
TCGA-FG-8186-10A-01D-2252-01	17	526	16595026	10514	0.0084
TCGA-FG-8186-10A-01D-2252-01	17	16598056	16663526	10	0.6146
TCGA-FG-8186-10A-01D-2252-01	17	16676257	18296117	925	0.0059
TCGA-FG-8186-10A-01D-2252-01	17	18299671	18394162	25	-1.425
TCGA-FG-8186-10A-01D-2252-01	17	18399997	31464911	6928	0.006
TCGA-FG-8186-10A-01D-2252-01	17	31464967	31509204	34	0.5329
TCGA-FG-8186-10A-01D-2252-01	17	31552238	36676540	2545	0.0114
TCGA-FG-8186-10A-01D-2252-01	17	36676552	36684057	23	1.2276
TCGA-FG-8186-10A-01D-2252-01	17	36686250	41010873	2169	-0.0062
TCGA-FG-8186-10A-01D-2252-01	17	41012163	41014254	5	-0.9635
TCGA-FG-8186-10A-01D-2252-01	17	41015209	41568205	374	0.0111
TCGA-FG-8186-10A-01D-2252-01	17	41568981	41717786	88	-0.4924
TCGA-FG-8186-10A-01D-2252-01	17	41718140	41750195	5	0.3128
TCGA-FG-8186-10A-01D-2252-01	17	41756832	42107479	45	1.1868
TCGA-FG-8186-10A-01D-2252-01	17	42120174	78643088	21624	0.0014
TCGA-FG-8186-10A-01D-2252-01	18	1543	49458133	31791	1e-04
TCGA-FG-8186-10A-01D-2252-01	18	49461207	49464638	5	-1.0789
TCGA-FG-8186-10A-01D-2252-01	18	49466146	53651439	2670	0.0035
TCGA-FG-8186-10A-01D-2252-01	18	53654295	53654449	2	-1.3006
TCGA-FG-8186-10A-01D-2252-01	18	53654464	61872559	5925	-0.0022
TCGA-FG-8186-10A-01D-2252-01	18	61878472	61879320	12	-0.6406
TCGA-FG-8186-10A-01D-2252-01	18	61883718	62057846	147	3e-04
TCGA-FG-8186-10A-01D-2252-01	18	62058414	62062856	11	-0.8024
TCGA-FG-8186-10A-01D-2252-01	18	62063122	64213510	1536	0.0082
TCGA-FG-8186-10A-01D-2252-01	18	64214099	64214191	3	0.8131
TCGA-FG-8186-10A-01D-2252-01	18	64214239	64324667	117	-0.0122
TCGA-FG-8186-10A-01D-2252-01	18	64327328	64339395	5	-0.6922
TCGA-FG-8186-10A-01D-2252-01	18	64340128	65359372	800	-0.0068
TCGA-FG-8186-10A-01D-2252-01	18	65359633	65368251	6	-1.2188
TCGA-FG-8186-10A-01D-2252-01	18	65368522	67576024	1521	0
TCGA-FG-8186-10A-01D-2252-01	18	67579919	67592324	15	-1.1216
TCGA-FG-8186-10A-01D-2252-01	18	67592593	76116029	6277	-0.0104
TCGA-FG-8186-10A-01D-2252-01	19	41910	12553001	5076	0.009
TCGA-FG-8186-10A-01D-2252-01	19	12558366	12559102	2	-2.0917
TCGA-FG-8186-10A-01D-2252-01	19	12561523	40541162	11753	-0.001
TCGA-FG-8186-10A-01D-2252-01	19	40541333	40558794	26	0.3992
TCGA-FG-8186-10A-01D-2252-01	19	40562188	46751690	3200	0.01
TCGA-FG-8186-10A-01D-2252-01	19	46752659	46753396	2	-1.1765
TCGA-FG-8186-10A-01D-2252-01	19	46753693	48338624	688	0.0236
TCGA-FG-8186-10A-01D-2252-01	19	48338688	48432805	46	-0.749
TCGA-FG-8186-10A-01D-2252-01	19	48445141	63789666	8572	0.0129
TCGA-FG-8186-10A-01D-2252-01	2	2784	4181062	2989	-0.0056
TCGA-FG-8186-10A-01D-2252-01	2	4181455	4201042	38	0.2751
TCGA-FG-8186-10A-01D-2252-01	2	4201387	34544573	21097	-0.0026
TCGA-FG-8186-10A-01D-2252-01	2	34552819	34590561	46	0.7542
TCGA-FG-8186-10A-01D-2252-01	2	34590667	35831294	879	-0.0019
TCGA-FG-8186-10A-01D-2252-01	2	35831445	35840220	3	1.002
TCGA-FG-8186-10A-01D-2252-01	2	35840412	41091739	3948	-3e-04
TCGA-FG-8186-10A-01D-2252-01	2	41091947	41099391	23	-0.7348
TCGA-FG-8186-10A-01D-2252-01	2	41104737	52607972	8197	-0.0034
TCGA-FG-8186-10A-01D-2252-01	2	52607984	52635046	39	-2.7707
TCGA-FG-8186-10A-01D-2252-01	2	52641453	87542730	22174	-0.0036
TCGA-FG-8186-10A-01D-2252-01	2	87544412	87546133	2	-1.6559
TCGA-FG-8186-10A-01D-2252-01	2	87547340	87602299	20	-0.0399
TCGA-FG-8186-10A-01D-2252-01	2	87603298	87609093	2	-1.5052
TCGA-FG-8186-10A-01D-2252-01	2	87620412	97221654	1864	0.014
TCGA-FG-8186-10A-01D-2252-01	2	97229064	97262308	17	-0.4587
TCGA-FG-8186-10A-01D-2252-01	2	97262378	97484644	22	0.0563
TCGA-FG-8186-10A-01D-2252-01	2	97507179	97528621	9	1.1918
TCGA-FG-8186-10A-01D-2252-01	2	97533310	106241081	5581	-8e-04
TCGA-FG-8186-10A-01D-2252-01	2	106241154	106251789	13	0.717
TCGA-FG-8186-10A-01D-2252-01	2	106253687	123196421	9557	-0.0028
TCGA-FG-8186-10A-01D-2252-01	2	123198183	123200138	9	-0.7066
TCGA-FG-8186-10A-01D-2252-01	2	123200391	146578555	14397	-0.0048
TCGA-FG-8186-10A-01D-2252-01	2	146580874	146583404	24	0.8567
TCGA-FG-8186-10A-01D-2252-01	2	146594276	242738129	59186	-1e-04
TCGA-FG-8186-10A-01D-2252-01	20	9305	1505219	1187	-0.0034
TCGA-FG-8186-10A-01D-2252-01	20	1505236	1508999	19	-0.6279
TCGA-FG-8186-10A-01D-2252-01	20	1509580	1541893	41	1.3595
TCGA-FG-8186-10A-01D-2252-01	20	1545946	58998207	39466	0.0026
TCGA-FG-8186-10A-01D-2252-01	20	58998640	59023596	51	0.5499
TCGA-FG-8186-10A-01D-2252-01	20	59023879	62426597	1746	0.0033
TCGA-FG-8186-10A-01D-2252-01	21	9758742	9965425	35	-0.5196
TCGA-FG-8186-10A-01D-2252-01	21	9975295	22573005	6436	-0.0034
TCGA-FG-8186-10A-01D-2252-01	21	22577771	22586529	9	-5.5742
TCGA-FG-8186-10A-01D-2252-01	21	22588870	26976173	3326	-0.0046
TCGA-FG-8186-10A-01D-2252-01	21	26979323	26980665	4	-0.983
TCGA-FG-8186-10A-01D-2252-01	21	26980763	46921385	14614	0.0037
TCGA-FG-8186-10A-01D-2252-01	22	14432528	21592981	3921	0.0221
TCGA-FG-8186-10A-01D-2252-01	22	21593242	21593257	2	-2.1756
TCGA-FG-8186-10A-01D-2252-01	22	21593274	41222383	13514	0.005
TCGA-FG-8186-10A-01D-2252-01	22	41222526	41285375	28	0.4108
TCGA-FG-8186-10A-01D-2252-01	22	41285732	47654704	4869	-0.009
TCGA-FG-8186-10A-01D-2252-01	22	47655927	47656546	2	-1.8602
TCGA-FG-8186-10A-01D-2252-01	22	47659295	49581321	1236	0.0122
TCGA-FG-8186-10A-01D-2252-01	3	35345	199602	157	0.0086
TCGA-FG-8186-10A-01D-2252-01	3	205022	207800	4	-1.158
TCGA-FG-8186-10A-01D-2252-01	3	209877	6621543	5686	0.0092
TCGA-FG-8186-10A-01D-2252-01	3	6626128	6628332	23	-0.7453
TCGA-FG-8186-10A-01D-2252-01	3	6630078	26586611	14202	0.0034
TCGA-FG-8186-10A-01D-2252-01	3	26586653	26586873	4	-1.9117
TCGA-FG-8186-10A-01D-2252-01	3	26586889	26589978	10	-0.0515
TCGA-FG-8186-10A-01D-2252-01	3	26589980	26589986	5	-0.8342
TCGA-FG-8186-10A-01D-2252-01	3	26589988	37952421	7611	-0.0041
TCGA-FG-8186-10A-01D-2252-01	3	37957112	37962778	21	-0.7434
TCGA-FG-8186-10A-01D-2252-01	3	37962803	52998251	8079	0.003
TCGA-FG-8186-10A-01D-2252-01	3	53003415	53014319	40	-0.5999
TCGA-FG-8186-10A-01D-2252-01	3	53014495	59981640	4911	-2e-04
TCGA-FG-8186-10A-01D-2252-01	3	59982671	59982697	2	-1.2315
TCGA-FG-8186-10A-01D-2252-01	3	59982737	60752972	875	0.0067
TCGA-FG-8186-10A-01D-2252-01	3	60755680	60756067	4	-0.9277
TCGA-FG-8186-10A-01D-2252-01	3	60759263	68828854	6248	-9e-04
TCGA-FG-8186-10A-01D-2252-01	3	68828949	68830103	14	1.058
TCGA-FG-8186-10A-01D-2252-01	3	68831448	89469791	12666	1e-04
TCGA-FG-8186-10A-01D-2252-01	3	89477282	89499977	48	-0.8148
TCGA-FG-8186-10A-01D-2252-01	3	89502054	127151738	19642	-5e-04
TCGA-FG-8186-10A-01D-2252-01	3	127156073	127158653	3	-2.4549
TCGA-FG-8186-10A-01D-2252-01	3	127163190	138515750	6956	-0.0011
TCGA-FG-8186-10A-01D-2252-01	3	138515950	138515953	3	1.1767
TCGA-FG-8186-10A-01D-2252-01	3	138516112	150446085	7410	0.0023
TCGA-FG-8186-10A-01D-2252-01	3	150446151	150450811	24	-0.9181
TCGA-FG-8186-10A-01D-2252-01	3	150453770	164023184	8370	0.0021
TCGA-FG-8186-10A-01D-2252-01	3	164028410	164108689	48	-0.4145
TCGA-FG-8186-10A-01D-2252-01	3	164109266	176563305	7667	8e-04
TCGA-FG-8186-10A-01D-2252-01	3	176563441	176563920	4	-1.534
TCGA-FG-8186-10A-01D-2252-01	3	176564019	180409236	2407	-0.001
TCGA-FG-8186-10A-01D-2252-01	3	180409251	180409355	3	1.0273
TCGA-FG-8186-10A-01D-2252-01	3	180409439	193134911	8233	0.0051
TCGA-FG-8186-10A-01D-2252-01	3	193138864	193147459	7	-1.2812
TCGA-FG-8186-10A-01D-2252-01	3	193149637	194360596	884	-0.0093
TCGA-FG-8186-10A-01D-2252-01	3	194360656	194365597	19	-0.6038
TCGA-FG-8186-10A-01D-2252-01	3	194369129	199380515	2707	0.0047
TCGA-FG-8186-10A-01D-2252-01	4	2281	9819488	5804	0.0061
TCGA-FG-8186-10A-01D-2252-01	4	9832514	9845240	36	0.5154
TCGA-FG-8186-10A-01D-2252-01	4	9847534	9999813	170	0.0283
TCGA-FG-8186-10A-01D-2252-01	4	10001452	10009766	16	-0.6768
TCGA-FG-8186-10A-01D-2252-01	4	10011816	28810639	13420	-3e-04
TCGA-FG-8186-10A-01D-2252-01	4	28811692	28822295	3	-1.3744
TCGA-FG-8186-10A-01D-2252-01	4	28823067	34455435	3388	0.0109
TCGA-FG-8186-10A-01D-2252-01	4	34455449	34506267	40	0.4414
TCGA-FG-8186-10A-01D-2252-01	4	34506308	64376535	16604	0.0025
TCGA-FG-8186-10A-01D-2252-01	4	64380064	64390853	29	-0.3625
TCGA-FG-8186-10A-01D-2252-01	4	64399026	69043083	2874	0.0137
TCGA-FG-8186-10A-01D-2252-01	4	69049737	69171930	68	0.532
TCGA-FG-8186-10A-01D-2252-01	4	69187710	83496785	8495	0.0048
TCGA-FG-8186-10A-01D-2252-01	4	83497817	83498427	2	-1.3655
TCGA-FG-8186-10A-01D-2252-01	4	83503184	108270949	14808	0.0011
TCGA-FG-8186-10A-01D-2252-01	4	108285200	108295982	38	-0.7678
TCGA-FG-8186-10A-01D-2252-01	4	108296883	108493014	148	-0.0121
TCGA-FG-8186-10A-01D-2252-01	4	108498670	108499192	2	0.8749
TCGA-FG-8186-10A-01D-2252-01	4	108499543	112534494	2436	9e-04
TCGA-FG-8186-10A-01D-2252-01	4	112537905	112545724	4	-0.918
TCGA-FG-8186-10A-01D-2252-01	4	112546268	115393149	1826	-0.004
TCGA-FG-8186-10A-01D-2252-01	4	115394772	115403715	26	-1.2357
TCGA-FG-8186-10A-01D-2252-01	4	115403759	143695631	16898	0.0021
TCGA-FG-8186-10A-01D-2252-01	4	143696056	143697251	2	-1.4386
TCGA-FG-8186-10A-01D-2252-01	4	143698485	161260754	10513	0.0032
TCGA-FG-8186-10A-01D-2252-01	4	161272224	161290239	40	-0.8833
TCGA-FG-8186-10A-01D-2252-01	4	161303320	162093450	592	0.0041
TCGA-FG-8186-10A-01D-2252-01	4	162099468	162104408	23	-0.7722
TCGA-FG-8186-10A-01D-2252-01	4	162104417	172605921	6675	0.001
TCGA-FG-8186-10A-01D-2252-01	4	172611459	172614299	11	-0.8433
TCGA-FG-8186-10A-01D-2252-01	4	172614351	189458252	11362	0.0039
TCGA-FG-8186-10A-01D-2252-01	4	189458354	189458369	2	-1.6388
TCGA-FG-8186-10A-01D-2252-01	4	189458418	191261904	1178	7e-04
TCGA-FG-8186-10A-01D-2252-01	5	68532	738748	308	0.004
TCGA-FG-8186-10A-01D-2252-01	5	751371	853686	35	0.7817
TCGA-FG-8186-10A-01D-2252-01	5	853839	21412601	15389	0.0019
TCGA-FG-8186-10A-01D-2252-01	5	21413596	21413610	2	1.6139
TCGA-FG-8186-10A-01D-2252-01	5	21421823	24814148	1969	0.0056
TCGA-FG-8186-10A-01D-2252-01	5	24814538	24817585	13	-1.1088
TCGA-FG-8186-10A-01D-2252-01	5	24822683	34192239	6014	-6e-04
TCGA-FG-8186-10A-01D-2252-01	5	34192465	34192722	2	2.0813
TCGA-FG-8186-10A-01D-2252-01	5	34192815	37290216	2004	-0.0041
TCGA-FG-8186-10A-01D-2252-01	5	37290520	37291340	2	-1.2705
TCGA-FG-8186-10A-01D-2252-01	5	37294917	39844389	1774	-0.0057
TCGA-FG-8186-10A-01D-2252-01	5	39844711	39844726	2	-1.9288
TCGA-FG-8186-10A-01D-2252-01	5	39844742	46306865	3307	0.0073
TCGA-FG-8186-10A-01D-2252-01	5	46307687	46309259	6	-2.9678
TCGA-FG-8186-10A-01D-2252-01	5	46313969	57357403	5083	0.0051
TCGA-FG-8186-10A-01D-2252-01	5	57361784	57369272	31	-0.6342
TCGA-FG-8186-10A-01D-2252-01	5	57369290	68882059	7307	0.0029
TCGA-FG-8186-10A-01D-2252-01	5	68903050	69110733	2	2.1263
TCGA-FG-8186-10A-01D-2252-01	5	69110747	103879120	19570	0.0032
TCGA-FG-8186-10A-01D-2252-01	5	103888272	103888503	4	-1.4128
TCGA-FG-8186-10A-01D-2252-01	5	103888948	169962161	43759	0.0044
TCGA-FG-8186-10A-01D-2252-01	5	169962811	169962849	2	-1.4433
TCGA-FG-8186-10A-01D-2252-01	5	169964878	180722926	6588	0.0059
TCGA-FG-8186-10A-01D-2252-01	6	94661	239286	120	0.0418
TCGA-FG-8186-10A-01D-2252-01	6	239443	327559	83	0.3327
TCGA-FG-8186-10A-01D-2252-01	6	327897	29942428	21541	0.0064
TCGA-FG-8186-10A-01D-2252-01	6	29942451	30045083	69	0.3363
TCGA-FG-8186-10A-01D-2252-01	6	30045241	32539270	1146	0.0305
TCGA-FG-8186-10A-01D-2252-01	6	32539530	32686060	44	1.06
TCGA-FG-8186-10A-01D-2252-01	6	32686948	32732569	23	0.0997
TCGA-FG-8186-10A-01D-2252-01	6	32733073	32734596	4	1.5161
TCGA-FG-8186-10A-01D-2252-01	6	32758590	32798005	45	0.0827
TCGA-FG-8186-10A-01D-2252-01	6	32798775	32798790	2	1.9289
TCGA-FG-8186-10A-01D-2252-01	6	32798808	34045977	764	0.0028
TCGA-FG-8186-10A-01D-2252-01	6	34046721	34050683	7	-0.9709
TCGA-FG-8186-10A-01D-2252-01	6	34052564	49038824	9610	-2e-04
TCGA-FG-8186-10A-01D-2252-01	6	49039688	49043159	5	-0.852
TCGA-FG-8186-10A-01D-2252-01	6	49054522	54039110	3321	-0.0022
TCGA-FG-8186-10A-01D-2252-01	6	54039189	54039814	6	-1.7847
TCGA-FG-8186-10A-01D-2252-01	6	54043307	74648586	10526	0.0049
TCGA-FG-8186-10A-01D-2252-01	6	74648953	74658138	10	0.8689
TCGA-FG-8186-10A-01D-2252-01	6	74660283	77071668	1471	0
TCGA-FG-8186-10A-01D-2252-01	6	77073620	77073646	3	-1.1444
TCGA-FG-8186-10A-01D-2252-01	6	77073713	77493251	296	0.0074
TCGA-FG-8186-10A-01D-2252-01	6	77496587	77509408	20	-0.6836
TCGA-FG-8186-10A-01D-2252-01	6	77509476	79019608	981	0.0069
TCGA-FG-8186-10A-01D-2252-01	6	79025784	79091904	113	-2.915
TCGA-FG-8186-10A-01D-2252-01	6	79095953	81341435	1436	0.0075
TCGA-FG-8186-10A-01D-2252-01	6	81341478	81346253	28	-1.0168
TCGA-FG-8186-10A-01D-2252-01	6	81351060	88117758	4156	0.0054
TCGA-FG-8186-10A-01D-2252-01	6	88118294	88118372	2	-2.3969
TCGA-FG-8186-10A-01D-2252-01	6	88118556	103841522	9876	9e-04
TCGA-FG-8186-10A-01D-2252-01	6	103844669	103868754	46	-1.2881
TCGA-FG-8186-10A-01D-2252-01	6	103872163	170892930	44263	0.0052
TCGA-FG-8186-10A-01D-2252-01	7	52911	64204392	41742	0.0028
TCGA-FG-8186-10A-01D-2252-01	7	64206287	64288784	11	-0.8815
TCGA-FG-8186-10A-01D-2252-01	7	64289075	70058374	3148	0.0097
TCGA-FG-8186-10A-01D-2252-01	7	70061186	70064077	2	-3.0923
TCGA-FG-8186-10A-01D-2252-01	7	70066179	95681004	14884	0.0018
TCGA-FG-8186-10A-01D-2252-01	7	95683916	95686306	4	-1.2027
TCGA-FG-8186-10A-01D-2252-01	7	95688388	97233396	973	-0.0053
TCGA-FG-8186-10A-01D-2252-01	7	97233398	97233407	5	1.0184
TCGA-FG-8186-10A-01D-2252-01	7	97233442	133435717	21439	0.0031
TCGA-FG-8186-10A-01D-2252-01	7	133435735	133446174	26	0.699
TCGA-FG-8186-10A-01D-2252-01	7	133446205	141409593	5211	-1e-04
TCGA-FG-8186-10A-01D-2252-01	7	141416112	141438576	42	-0.55
TCGA-FG-8186-10A-01D-2252-01	7	141441750	142154515	451	0.0245
TCGA-FG-8186-10A-01D-2252-01	7	142156294	142165914	29	0.7188
TCGA-FG-8186-10A-01D-2252-01	7	142176424	143535212	840	0.0143
TCGA-FG-8186-10A-01D-2252-01	7	143540168	143540378	3	1.1915
TCGA-FG-8186-10A-01D-2252-01	7	143542557	143577811	8	0.212
TCGA-FG-8186-10A-01D-2252-01	7	143583246	143592888	7	-0.4481
TCGA-FG-8186-10A-01D-2252-01	7	143601243	143664784	17	0.4622
TCGA-FG-8186-10A-01D-2252-01	7	143671850	147345714	2417	0.007
TCGA-FG-8186-10A-01D-2252-01	7	147346327	147348195	5	-0.7574
TCGA-FG-8186-10A-01D-2252-01	7	147352524	152778571	3168	0.0057
TCGA-FG-8186-10A-01D-2252-01	7	152778578	152778645	2	-2.557
TCGA-FG-8186-10A-01D-2252-01	7	152778648	154455896	1223	0.0117
TCGA-FG-8186-10A-01D-2252-01	7	154461030	154465013	5	-1.3686
TCGA-FG-8186-10A-01D-2252-01	7	154465757	158819765	2887	0.0113
TCGA-FG-8186-10A-01D-2252-01	8	21254	2067935	1488	7e-04
TCGA-FG-8186-10A-01D-2252-01	8	2068619	2068760	3	-1.4985
TCGA-FG-8186-10A-01D-2252-01	8	2068779	2689206	630	0.0154
TCGA-FG-8186-10A-01D-2252-01	8	2689341	2691306	8	-1.0779
TCGA-FG-8186-10A-01D-2252-01	8	2694578	5581540	3964	0.0096
TCGA-FG-8186-10A-01D-2252-01	8	5581675	5591903	28	-0.7879
TCGA-FG-8186-10A-01D-2252-01	8	5594496	6221325	896	7e-04
TCGA-FG-8186-10A-01D-2252-01	8	6222765	6234176	10	-0.4975
TCGA-FG-8186-10A-01D-2252-01	8	6234188	6812822	689	0.0135
TCGA-FG-8186-10A-01D-2252-01	8	6812946	6863552	24	0.2804
TCGA-FG-8186-10A-01D-2252-01	8	6865598	7202220	96	0.0389
TCGA-FG-8186-10A-01D-2252-01	8	7202255	7225429	21	-0.3933
TCGA-FG-8186-10A-01D-2252-01	8	7237790	7767472	108	0.2927
TCGA-FG-8186-10A-01D-2252-01	8	7767563	11986960	3337	0.0143
TCGA-FG-8186-10A-01D-2252-01	8	12025135	12242560	14	-0.2151
TCGA-FG-8186-10A-01D-2252-01	8	12242625	12398101	71	0.606
TCGA-FG-8186-10A-01D-2252-01	8	12398132	14317725	1753	0.0077
TCGA-FG-8186-10A-01D-2252-01	8	14317741	14330691	20	0.3787
TCGA-FG-8186-10A-01D-2252-01	8	14330923	19353690	4566	0.0044
TCGA-FG-8186-10A-01D-2252-01	8	19354488	19354799	2	-1.7096
TCGA-FG-8186-10A-01D-2252-01	8	19358073	25028104	4122	-0.0031
TCGA-FG-8186-10A-01D-2252-01	8	25030360	25040140	25	-2.4253
TCGA-FG-8186-10A-01D-2252-01	8	25040167	30693741	3940	-0.004
TCGA-FG-8186-10A-01D-2252-01	8	30694482	30697824	5	-0.9679
TCGA-FG-8186-10A-01D-2252-01	8	30699669	39349816	5099	-0.0059
TCGA-FG-8186-10A-01D-2252-01	8	39354760	39506122	58	-2.3846
TCGA-FG-8186-10A-01D-2252-01	8	39507456	104759769	37507	0.0012
TCGA-FG-8186-10A-01D-2252-01	8	104760102	104760116	2	-2.1226
TCGA-FG-8186-10A-01D-2252-01	8	104762861	104914596	76	-0.0272
TCGA-FG-8186-10A-01D-2252-01	8	104915385	104918369	2	-1.4464
TCGA-FG-8186-10A-01D-2252-01	8	104919654	112363642	4488	-8e-04
TCGA-FG-8186-10A-01D-2252-01	8	112363822	112364436	7	1.2018
TCGA-FG-8186-10A-01D-2252-01	8	112369457	131920881	13105	0.0039
TCGA-FG-8186-10A-01D-2252-01	8	131921797	131924374	2	-1.5798
TCGA-FG-8186-10A-01D-2252-01	8	131924906	140672684	7165	-8e-04
TCGA-FG-8186-10A-01D-2252-01	8	140673518	140674897	6	0.9053
TCGA-FG-8186-10A-01D-2252-01	8	140676213	146268959	2660	0.0096
TCGA-FG-8186-10A-01D-2252-01	9	36587	2054563	2208	0.0232
TCGA-FG-8186-10A-01D-2252-01	9	2054795	2054884	2	-1.4909
TCGA-FG-8186-10A-01D-2252-01	9	2056837	12544019	9516	-0.0024
TCGA-FG-8186-10A-01D-2252-01	9	12544856	12546594	2	-1.6052
TCGA-FG-8186-10A-01D-2252-01	9	12551676	44569219	19761	0.0044
TCGA-FG-8186-10A-01D-2252-01	9	44667855	44795733	36	-1.0487
TCGA-FG-8186-10A-01D-2252-01	9	44806024	45639014	52	-0.002
TCGA-FG-8186-10A-01D-2252-01	9	45639104	47006996	43	0.4299
TCGA-FG-8186-10A-01D-2252-01	9	65356791	140211215	48340	0.0023
TCGA-FG-8186-10A-01D-2252-01	X	108477	38718159	24287	-0.0024
TCGA-FG-8186-10A-01D-2252-01	X	38720352	38720395	2	-1.4142
TCGA-FG-8186-10A-01D-2252-01	X	38720929	42020614	1811	-0.0021
TCGA-FG-8186-10A-01D-2252-01	X	42022440	42031488	4	-0.7186
TCGA-FG-8186-10A-01D-2252-01	X	42033914	51436598	4692	-0.0066
TCGA-FG-8186-10A-01D-2252-01	X	51445209	51450822	2	1.2474
TCGA-FG-8186-10A-01D-2252-01	X	51453285	62117225	2959	0.0039
TCGA-FG-8186-10A-01D-2252-01	X	62117775	62199071	31	0.3555
TCGA-FG-8186-10A-01D-2252-01	X	62200564	154835548	50843	0.0034
TCGA-FG-8186-10A-01D-2252-01	Y	2710438	6161425	838	-2.7786
TCGA-FG-8186-10A-01D-2252-01	Y	6167901	6484299	128	-3.9994
TCGA-FG-8186-10A-01D-2252-01	Y	6486233	18080026	4651	-3.3637
TCGA-FG-8186-10A-01D-2252-01	Y	18080874	19547685	705	-3.911
TCGA-FG-8186-10A-01D-2252-01	Y	19547873	22268551	1052	-3.36
TCGA-FG-8186-10A-01D-2252-01	Y	22268856	22769319	112	-3.9237
TCGA-FG-8186-10A-01D-2252-01	Y	22770660	22919906	78	-3.228
TCGA-FG-8186-10A-01D-2252-01	Y	22924247	24599413	316	-3.9811
TCGA-FG-8186-10A-01D-2252-01	Y	24602438	24926921	90	-3.0435
TCGA-FG-8186-10A-01D-2252-01	Y	24935600	25846090	93	-4.3631
TCGA-FG-8186-10A-01D-2252-01	Y	25854303	25938472	33	-2.5914
TCGA-FG-8186-10A-01D-2252-01	Y	25944418	26011215	22	-4.1568
TCGA-FG-8186-10A-01D-2252-01	Y	26013790	26127678	35	-2.7348
TCGA-FG-8186-10A-01D-2252-01	Y	26129939	26861404	259	-4.0214
TCGA-FG-8186-10A-01D-2252-01	Y	26866725	57427647	176	-2.8883
