barcode	chromosome	start	stop	num.mark	seg.mean
TCGA-E1-5305-01A-01D-1892-01	1	51598	16878565	8764	0.0246
TCGA-E1-5305-01A-01D-1892-01	1	16884037	16920992	34	0.4728
TCGA-E1-5305-01A-01D-1892-01	1	16921066	17076084	28	-0.0111
TCGA-E1-5305-01A-01D-1892-01	1	17082190	17134834	59	0.3597
TCGA-E1-5305-01A-01D-1892-01	1	17148828	25455928	5267	0.0287
TCGA-E1-5305-01A-01D-1892-01	1	25465715	25535897	32	0.5667
TCGA-E1-5305-01A-01D-1892-01	1	25535931	34864261	4961	0.0319
TCGA-E1-5305-01A-01D-1892-01	1	34875241	34877078	20	-0.5367
TCGA-E1-5305-01A-01D-1892-01	1	34886855	41117206	3365	0.0278
TCGA-E1-5305-01A-01D-1892-01	1	41119015	41149087	19	0.7092
TCGA-E1-5305-01A-01D-1892-01	1	41156311	72522941	20360	0.0198
TCGA-E1-5305-01A-01D-1892-01	1	72528701	72535958	9	-0.6857
TCGA-E1-5305-01A-01D-1892-01	1	72541006	72591478	55	0.33
TCGA-E1-5305-01A-01D-1892-01	1	72592615	89247843	10960	0.0191
TCGA-E1-5305-01A-01D-1892-01	1	89250546	89250793	2	-2.2939
TCGA-E1-5305-01A-01D-1892-01	1	89254112	103965310	9090	0.0185
TCGA-E1-5305-01A-01D-1892-01	1	103979561	104041212	13	-0.8601
TCGA-E1-5305-01A-01D-1892-01	1	104041509	104060967	8	-0.3858
TCGA-E1-5305-01A-01D-1892-01	1	104061555	105814899	921	-8e-04
TCGA-E1-5305-01A-01D-1892-01	1	105820728	105823898	17	-0.4292
TCGA-E1-5305-01A-01D-1892-01	1	105825578	112491771	4632	0.0333
TCGA-E1-5305-01A-01D-1892-01	1	112491849	112498913	26	0.5107
TCGA-E1-5305-01A-01D-1892-01	1	112507479	120081931	4869	0.0163
TCGA-E1-5305-01A-01D-1892-01	1	120082077	120082257	2	-1.221
TCGA-E1-5305-01A-01D-1892-01	1	120087069	150822151	3159	0.0895
TCGA-E1-5305-01A-01D-1892-01	1	150822330	150852862	31	-1.7537
TCGA-E1-5305-01A-01D-1892-01	1	150852902	150853218	4	-0.511
TCGA-E1-5305-01A-01D-1892-01	1	150857118	151028881	177	0.0818
TCGA-E1-5305-01A-01D-1892-01	1	151028909	151035324	31	0.5548
TCGA-E1-5305-01A-01D-1892-01	1	151040529	167483561	11319	0.0674
TCGA-E1-5305-01A-01D-1892-01	1	167500598	167505182	4	-2.4156
TCGA-E1-5305-01A-01D-1892-01	1	167505355	173063028	3521	0.0527
TCGA-E1-5305-01A-01D-1892-01	1	173063179	173068495	18	-0.6868
TCGA-E1-5305-01A-01D-1892-01	1	173068543	219033907	31119	0.0675
TCGA-E1-5305-01A-01D-1892-01	1	219037007	219037216	5	-1.4725
TCGA-E1-5305-01A-01D-1892-01	1	219037671	225491924	4091	0.0705
TCGA-E1-5305-01A-01D-1892-01	1	225492695	225493029	3	-1.105
TCGA-E1-5305-01A-01D-1892-01	1	225495801	242316940	12300	0.0649
TCGA-E1-5305-01A-01D-1892-01	1	242317962	242320144	5	-1.0812
TCGA-E1-5305-01A-01D-1892-01	1	242320392	247191011	3104	0.0718
TCGA-E1-5305-01A-01D-1892-01	10	62759	17967560	14856	0.0587
TCGA-E1-5305-01A-01D-1892-01	10	17978214	18011822	3	1.5157
TCGA-E1-5305-01A-01D-1892-01	10	18069831	18213969	12	-0.0885
TCGA-E1-5305-01A-01D-1892-01	10	18225129	18239819	3	-1.7902
TCGA-E1-5305-01A-01D-1892-01	10	18263653	45576787	16655	0.0554
TCGA-E1-5305-01A-01D-1892-01	10	45613625	45632493	2	-1.4472
TCGA-E1-5305-01A-01D-1892-01	10	45905767	46374530	22	0.0897
TCGA-E1-5305-01A-01D-1892-01	10	46374540	46455633	62	0.3766
TCGA-E1-5305-01A-01D-1892-01	10	46457573	46504871	47	0.1069
TCGA-E1-5305-01A-01D-1892-01	10	46505309	46834287	54	0.4205
TCGA-E1-5305-01A-01D-1892-01	10	46839717	82868139	23132	0.0718
TCGA-E1-5305-01A-01D-1892-01	10	82871310	82879763	10	-0.8246
TCGA-E1-5305-01A-01D-1892-01	10	82884449	89028321	4320	0.0601
TCGA-E1-5305-01A-01D-1892-01	10	89036478	89059776	2	-1.6042
TCGA-E1-5305-01A-01D-1892-01	10	89060725	107046269	11231	0.0756
TCGA-E1-5305-01A-01D-1892-01	10	107047028	107049160	3	-3.1656
TCGA-E1-5305-01A-01D-1892-01	10	107052466	135356694	20562	0.0514
TCGA-E1-5305-01A-01D-1892-01	11	188510	4926819	2478	0.057
TCGA-E1-5305-01A-01D-1892-01	11	4926853	4932947	30	0.8244
TCGA-E1-5305-01A-01D-1892-01	11	4932965	5739501	782	0.0511
TCGA-E1-5305-01A-01D-1892-01	11	5739535	5765715	40	0.4218
TCGA-E1-5305-01A-01D-1892-01	11	5765914	55119916	31282	0.0588
TCGA-E1-5305-01A-01D-1892-01	11	55130608	55209585	59	-1.4811
TCGA-E1-5305-01A-01D-1892-01	11	55210152	81176453	14599	0.0671
TCGA-E1-5305-01A-01D-1892-01	11	81181116	81194806	11	-0.6833
TCGA-E1-5305-01A-01D-1892-01	11	81200280	133849939	37243	0.0697
TCGA-E1-5305-01A-01D-1892-01	11	133850053	134224778	342	0.6056
TCGA-E1-5305-01A-01D-1892-01	11	134231332	134449982	153	0.1106
TCGA-E1-5305-01A-01D-1892-01	12	20703	61315	7	0.4416
TCGA-E1-5305-01A-01D-1892-01	12	61880	2106150	1256	0.0492
TCGA-E1-5305-01A-01D-1892-01	12	2116123	2128181	41	-0.6088
TCGA-E1-5305-01A-01D-1892-01	12	2128284	3296950	842	0.0474
TCGA-E1-5305-01A-01D-1892-01	12	3297087	3297999	3	-0.977
TCGA-E1-5305-01A-01D-1892-01	12	3298689	4284273	806	0.0633
TCGA-E1-5305-01A-01D-1892-01	12	4284387	4288936	3	-1.0861
TCGA-E1-5305-01A-01D-1892-01	12	4289045	11112094	4305	0.0711
TCGA-E1-5305-01A-01D-1892-01	12	11113635	11132799	10	-1.326
TCGA-E1-5305-01A-01D-1892-01	12	11143141	13225926	1550	0.0806
TCGA-E1-5305-01A-01D-1892-01	12	13226129	13226407	2	-1.5269
TCGA-E1-5305-01A-01D-1892-01	12	13227634	31890972	13071	0.0636
TCGA-E1-5305-01A-01D-1892-01	12	31893563	31954269	60	0.6305
TCGA-E1-5305-01A-01D-1892-01	12	31959169	33192673	893	0.0445
TCGA-E1-5305-01A-01D-1892-01	12	33192693	33198641	26	0.4512
TCGA-E1-5305-01A-01D-1892-01	12	33199627	44186092	5613	-0.0159
TCGA-E1-5305-01A-01D-1892-01	12	44190705	44195804	4	-1.5246
TCGA-E1-5305-01A-01D-1892-01	12	44199559	57007498	7207	0.2019
TCGA-E1-5305-01A-01D-1892-01	12	57016418	57016429	2	-1.3018
TCGA-E1-5305-01A-01D-1892-01	12	57017115	73836456	10874	0.4103
TCGA-E1-5305-01A-01D-1892-01	12	73839979	86440621	7656	-0.6099
TCGA-E1-5305-01A-01D-1892-01	12	86444353	86804312	180	0.5046
TCGA-E1-5305-01A-01D-1892-01	12	86808927	112239878	16574	-0.6183
TCGA-E1-5305-01A-01D-1892-01	12	112241953	125691333	8892	0.5254
TCGA-E1-5305-01A-01D-1892-01	12	125691697	125696445	2	-1.1691
TCGA-E1-5305-01A-01D-1892-01	12	125696993	126198127	474	0.4745
TCGA-E1-5305-01A-01D-1892-01	12	126198242	126200319	7	-0.1114
TCGA-E1-5305-01A-01D-1892-01	12	126200356	132288262	4487	0.4307
TCGA-E1-5305-01A-01D-1892-01	13	17924949	30408065	8858	0.0563
TCGA-E1-5305-01A-01D-1892-01	13	30409655	30410404	2	-2.4265
TCGA-E1-5305-01A-01D-1892-01	13	30410486	36974300	4685	0.0518
TCGA-E1-5305-01A-01D-1892-01	13	36974671	36982757	9	0.8637
TCGA-E1-5305-01A-01D-1892-01	13	36986330	44247447	5156	0.0728
TCGA-E1-5305-01A-01D-1892-01	13	44250806	44252739	2	-1.7891
TCGA-E1-5305-01A-01D-1892-01	13	44253138	66946493	13629	0.0686
TCGA-E1-5305-01A-01D-1892-01	13	66951177	66962483	6	-0.6907
TCGA-E1-5305-01A-01D-1892-01	13	66962920	67875847	455	0.0694
TCGA-E1-5305-01A-01D-1892-01	13	67877384	67892066	17	0.3824
TCGA-E1-5305-01A-01D-1892-01	13	67893136	68140256	184	0.0626
TCGA-E1-5305-01A-01D-1892-01	13	68146300	68166243	39	-0.5896
TCGA-E1-5305-01A-01D-1892-01	13	68167120	114126499	31158	0.0623
TCGA-E1-5305-01A-01D-1892-01	14	18072124	19495349	192	0.2001
TCGA-E1-5305-01A-01D-1892-01	14	19495700	40680246	13626	0.5068
TCGA-E1-5305-01A-01D-1892-01	14	40680440	40726999	13	1.1703
TCGA-E1-5305-01A-01D-1892-01	14	40727099	48474114	4566	0.5034
TCGA-E1-5305-01A-01D-1892-01	14	48480556	106356482	36901	-0.6364
TCGA-E1-5305-01A-01D-1892-01	15	18276341	80840216	37983	0.0637
TCGA-E1-5305-01A-01D-1892-01	15	80843133	80880206	4	-1.294
TCGA-E1-5305-01A-01D-1892-01	15	80880487	100286563	13994	0.0561
TCGA-E1-5305-01A-01D-1892-01	16	777	16607564	11794	0.0625
TCGA-E1-5305-01A-01D-1892-01	16	16616095	16745127	12	-0.5355
TCGA-E1-5305-01A-01D-1892-01	16	16762862	19851864	1700	0.0863
TCGA-E1-5305-01A-01D-1892-01	16	19853151	19874863	29	-0.7239
TCGA-E1-5305-01A-01D-1892-01	16	19877755	29562103	5657	0.0611
TCGA-E1-5305-01A-01D-1892-01	16	29563594	29563610	2	-2.0878
TCGA-E1-5305-01A-01D-1892-01	16	29563711	32496123	941	0.0536
TCGA-E1-5305-01A-01D-1892-01	16	32496402	32496410	5	-3.4078
TCGA-E1-5305-01A-01D-1892-01	16	32516775	76579857	21338	0.0561
TCGA-E1-5305-01A-01D-1892-01	16	76580250	76580331	2	-1.8773
TCGA-E1-5305-01A-01D-1892-01	16	76580807	76930838	317	0.0695
TCGA-E1-5305-01A-01D-1892-01	16	76931265	76931318	2	1.3739
TCGA-E1-5305-01A-01D-1892-01	16	76933878	81753452	5316	0.0514
TCGA-E1-5305-01A-01D-1892-01	16	81753726	81766799	18	-1.1543
TCGA-E1-5305-01A-01D-1892-01	16	81768457	88630618	5241	0.0663
TCGA-E1-5305-01A-01D-1892-01	16	88630747	88631160	2	-1.8608
TCGA-E1-5305-01A-01D-1892-01	16	88631615	88815036	45	0.001
TCGA-E1-5305-01A-01D-1892-01	17	526	10051342	5899	0.0696
TCGA-E1-5305-01A-01D-1892-01	17	10053962	10054070	2	-1.7262
TCGA-E1-5305-01A-01D-1892-01	17	10054445	14481497	3368	0.0361
TCGA-E1-5305-01A-01D-1892-01	17	14482390	14482467	2	-1.6188
TCGA-E1-5305-01A-01D-1892-01	17	14482865	18296117	2162	0.0708
TCGA-E1-5305-01A-01D-1892-01	17	18299671	18353283	17	0.7259
TCGA-E1-5305-01A-01D-1892-01	17	18367186	31460821	6923	0.0788
TCGA-E1-5305-01A-01D-1892-01	17	31461241	31509204	37	0.5397
TCGA-E1-5305-01A-01D-1892-01	17	31552238	36675234	2543	0.0835
TCGA-E1-5305-01A-01D-1892-01	17	36676540	36684057	24	0.9125
TCGA-E1-5305-01A-01D-1892-01	17	36686250	41764435	2643	0.0772
TCGA-E1-5305-01A-01D-1892-01	17	41784437	42107462	41	0.555
TCGA-E1-5305-01A-01D-1892-01	17	42107479	72517853	18485	0.0684
TCGA-E1-5305-01A-01D-1892-01	17	72522088	72522900	3	-1.3049
TCGA-E1-5305-01A-01D-1892-01	17	72524671	78643088	3108	0.0807
TCGA-E1-5305-01A-01D-1892-01	18	1543	7745352	5571	0.0585
TCGA-E1-5305-01A-01D-1892-01	18	7745771	7746889	2	-1.5489
TCGA-E1-5305-01A-01D-1892-01	18	7747048	10899186	2463	0.0509
TCGA-E1-5305-01A-01D-1892-01	18	10901888	10911799	7	-0.7587
TCGA-E1-5305-01A-01D-1892-01	18	10914184	54247495	26804	0.053
TCGA-E1-5305-01A-01D-1892-01	18	54247758	54250387	2	-1.9309
TCGA-E1-5305-01A-01D-1892-01	18	54250472	76116029	15885	0.0401
TCGA-E1-5305-01A-01D-1892-01	19	41910	24248797	11230	0.0872
TCGA-E1-5305-01A-01D-1892-01	19	24252658	24256797	10	-0.8656
TCGA-E1-5305-01A-01D-1892-01	19	24279522	32555429	30	0.0477
TCGA-E1-5305-01A-01D-1892-01	19	32557744	56418685	13244	-0.678
TCGA-E1-5305-01A-01D-1892-01	19	56418723	56419134	2	-2.8468
TCGA-E1-5305-01A-01D-1892-01	19	56419819	56834164	301	-0.6994
TCGA-E1-5305-01A-01D-1892-01	19	56834427	56840009	10	-1.7594
TCGA-E1-5305-01A-01D-1892-01	19	56846717	56852117	19	-0.5161
TCGA-E1-5305-01A-01D-1892-01	19	56854528	56994938	109	0.0377
TCGA-E1-5305-01A-01D-1892-01	19	57001924	63789666	4226	-0.6639
TCGA-E1-5305-01A-01D-1892-01	2	2784	34544573	24081	0.0578
TCGA-E1-5305-01A-01D-1892-01	2	34552819	34590561	46	0.7172
TCGA-E1-5305-01A-01D-1892-01	2	34590667	35821540	875	0.0658
TCGA-E1-5305-01A-01D-1892-01	2	35829477	35841420	7	-1.1238
TCGA-E1-5305-01A-01D-1892-01	2	35841451	38807999	2317	0.0862
TCGA-E1-5305-01A-01D-1892-01	2	38809370	38825785	8	0.743
TCGA-E1-5305-01A-01D-1892-01	2	38826330	40844166	1434	0.0716
TCGA-E1-5305-01A-01D-1892-01	2	40844256	40844942	2	-1.3206
TCGA-E1-5305-01A-01D-1892-01	2	40845310	52595241	8383	0.0787
TCGA-E1-5305-01A-01D-1892-01	2	52597429	52608385	8	-0.554
TCGA-E1-5305-01A-01D-1892-01	2	52612257	52635046	33	0.7381
TCGA-E1-5305-01A-01D-1892-01	2	52641453	146578555	53577	0.0615
TCGA-E1-5305-01A-01D-1892-01	2	146580874	146583404	24	-1.679
TCGA-E1-5305-01A-01D-1892-01	2	146594276	242738129	59054	0.0693
TCGA-E1-5305-01A-01D-1892-01	20	9305	1508951	1204	0.0819
TCGA-E1-5305-01A-01D-1892-01	20	1508999	1530207	37	1.1333
TCGA-E1-5305-01A-01D-1892-01	20	1538257	52115017	33779	0.0523
TCGA-E1-5305-01A-01D-1892-01	20	52115237	52115335	5	-1.4984
TCGA-E1-5305-01A-01D-1892-01	20	52115665	61691693	7097	0.0333
TCGA-E1-5305-01A-01D-1892-01	20	61692902	61693101	2	-1.4885
TCGA-E1-5305-01A-01D-1892-01	20	61693668	62426597	309	0.0339
TCGA-E1-5305-01A-01D-1892-01	21	9758742	13518880	165	0.1052
TCGA-E1-5305-01A-01D-1892-01	21	13518903	13534480	4	-1.1205
TCGA-E1-5305-01A-01D-1892-01	21	13541152	34638677	15140	0.0682
TCGA-E1-5305-01A-01D-1892-01	21	34644865	34827864	110	0.6081
TCGA-E1-5305-01A-01D-1892-01	21	34828960	46921385	8959	0.0662
TCGA-E1-5305-01A-01D-1892-01	22	14432528	19305987	2330	0.0964
TCGA-E1-5305-01A-01D-1892-01	22	19307077	19310357	8	-0.7572
TCGA-E1-5305-01A-01D-1892-01	22	19311208	22613016	2248	0.097
TCGA-E1-5305-01A-01D-1892-01	22	22613098	22618434	5	-0.9973
TCGA-E1-5305-01A-01D-1892-01	22	22618457	22660218	20	-0.1647
TCGA-E1-5305-01A-01D-1892-01	22	22660269	22662933	4	-1.5882
TCGA-E1-5305-01A-01D-1892-01	22	22667307	22726814	22	0.6119
TCGA-E1-5305-01A-01D-1892-01	22	22731529	32503406	7269	0.0672
TCGA-E1-5305-01A-01D-1892-01	22	32504947	32504985	4	0.8599
TCGA-E1-5305-01A-01D-1892-01	22	32511422	49557134	11623	0.0645
TCGA-E1-5305-01A-01D-1892-01	22	49560550	49581321	6	0.4796
TCGA-E1-5305-01A-01D-1892-01	3	35345	6621543	5837	0.0916
TCGA-E1-5305-01A-01D-1892-01	3	6626128	6628332	23	-2.5067
TCGA-E1-5305-01A-01D-1892-01	3	6630078	66826961	40532	0.0762
TCGA-E1-5305-01A-01D-1892-01	3	66827027	66827580	3	-1.6672
TCGA-E1-5305-01A-01D-1892-01	3	66827628	68828854	1392	0.0797
TCGA-E1-5305-01A-01D-1892-01	3	68828949	68830103	14	-1.0701
TCGA-E1-5305-01A-01D-1892-01	3	68831448	89342964	12482	0.0669
TCGA-E1-5305-01A-01D-1892-01	3	89343016	89343351	3	-1.1376
TCGA-E1-5305-01A-01D-1892-01	3	89343683	89351351	21	-0.0406
TCGA-E1-5305-01A-01D-1892-01	3	89351380	89352115	7	0.4231
TCGA-E1-5305-01A-01D-1892-01	3	89352130	89424401	94	0.0693
TCGA-E1-5305-01A-01D-1892-01	3	89427005	89427364	2	-1.1264
TCGA-E1-5305-01A-01D-1892-01	3	89429338	89752705	205	0.0812
TCGA-E1-5305-01A-01D-1892-01	3	89754023	89756519	7	-0.8708
TCGA-E1-5305-01A-01D-1892-01	3	89756830	100420474	3116	0.0534
TCGA-E1-5305-01A-01D-1892-01	3	100427148	100432004	37	-0.5314
TCGA-E1-5305-01A-01D-1892-01	3	100432111	126926298	16246	0.0773
TCGA-E1-5305-01A-01D-1892-01	3	126929354	126935562	7	0.8592
TCGA-E1-5305-01A-01D-1892-01	3	126935927	163995433	22792	0.0722
TCGA-E1-5305-01A-01D-1892-01	3	163995786	164007552	10	0.7609
TCGA-E1-5305-01A-01D-1892-01	3	164011324	164015644	4	-0.2109
TCGA-E1-5305-01A-01D-1892-01	3	164017424	164023184	6	-1.7815
TCGA-E1-5305-01A-01D-1892-01	3	164028410	164098609	42	0.5499
TCGA-E1-5305-01A-01D-1892-01	3	164106536	183787238	11957	0.0847
TCGA-E1-5305-01A-01D-1892-01	3	183791605	183792369	2	-2.2236
TCGA-E1-5305-01A-01D-1892-01	3	183801997	194356356	7210	0.0778
TCGA-E1-5305-01A-01D-1892-01	3	194356398	194365597	22	-0.9677
TCGA-E1-5305-01A-01D-1892-01	3	194369129	196767187	1483	0.0704
TCGA-E1-5305-01A-01D-1892-01	3	196868323	196960434	47	-0.5194
TCGA-E1-5305-01A-01D-1892-01	3	196964365	197145947	80	0.1099
TCGA-E1-5305-01A-01D-1892-01	3	197175243	197203162	7	-0.9463
TCGA-E1-5305-01A-01D-1892-01	3	197209701	199380515	1084	0.0868
TCGA-E1-5305-01A-01D-1892-01	4	2281	11366	9	-0.4006
TCGA-E1-5305-01A-01D-1892-01	4	11426	9819488	5786	0.067
TCGA-E1-5305-01A-01D-1892-01	4	9823258	9840596	29	2.0171
TCGA-E1-5305-01A-01D-1892-01	4	9843312	9844366	7	0.5629
TCGA-E1-5305-01A-01D-1892-01	4	9845240	9999813	171	0.0462
TCGA-E1-5305-01A-01D-1892-01	4	10001452	10009766	16	-0.563
TCGA-E1-5305-01A-01D-1892-01	4	10011816	12205291	1778	0.0642
TCGA-E1-5305-01A-01D-1892-01	4	12211640	12214476	2	-1.4989
TCGA-E1-5305-01A-01D-1892-01	4	12216021	25441288	9427	0.0581
TCGA-E1-5305-01A-01D-1892-01	4	25441487	25446737	3	-1.3707
TCGA-E1-5305-01A-01D-1892-01	4	25456356	34455449	5571	0.0607
TCGA-E1-5305-01A-01D-1892-01	4	34462895	34500578	37	0.8353
TCGA-E1-5305-01A-01D-1892-01	4	34501120	66280828	17812	0.0689
TCGA-E1-5305-01A-01D-1892-01	4	66282751	66312580	40	0.6418
TCGA-E1-5305-01A-01D-1892-01	4	66315452	69054598	1621	0.0519
TCGA-E1-5305-01A-01D-1892-01	4	69057536	69219747	71	-0.2883
TCGA-E1-5305-01A-01D-1892-01	4	69222620	70155852	325	0.1233
TCGA-E1-5305-01A-01D-1892-01	4	70158099	70270740	58	-0.5775
TCGA-E1-5305-01A-01D-1892-01	4	70273685	70838335	381	0.0754
TCGA-E1-5305-01A-01D-1892-01	4	70838354	70838463	2	-1.6606
TCGA-E1-5305-01A-01D-1892-01	4	70843298	91882022	12908	0.0639
TCGA-E1-5305-01A-01D-1892-01	4	91882165	91882746	2	-1.5905
TCGA-E1-5305-01A-01D-1892-01	4	91883046	104965020	7720	0.0666
TCGA-E1-5305-01A-01D-1892-01	4	104971079	104971086	5	-0.891
TCGA-E1-5305-01A-01D-1892-01	4	104971093	131261383	15731	0.0349
TCGA-E1-5305-01A-01D-1892-01	4	131261607	131273681	2	-1.9174
TCGA-E1-5305-01A-01D-1892-01	4	131277646	162093450	18580	-0.2013
TCGA-E1-5305-01A-01D-1892-01	4	162099468	162104358	21	-0.9089
TCGA-E1-5305-01A-01D-1892-01	4	162104369	172605921	6651	-0.2056
TCGA-E1-5305-01A-01D-1892-01	4	172611459	172614019	8	1.0978
TCGA-E1-5305-01A-01D-1892-01	4	172614033	173224503	400	-0.1953
TCGA-E1-5305-01A-01D-1892-01	4	173225723	173226108	12	-1.5968
TCGA-E1-5305-01A-01D-1892-01	4	173232554	190432112	11689	-0.2156
TCGA-E1-5305-01A-01D-1892-01	4	190432616	190436258	3	-2.4168
TCGA-E1-5305-01A-01D-1892-01	4	190436765	191261904	386	-0.1755
TCGA-E1-5305-01A-01D-1892-01	5	68532	74963	4	-0.8998
TCGA-E1-5305-01A-01D-1892-01	5	77132	5734033	4428	0.028
TCGA-E1-5305-01A-01D-1892-01	5	5735532	5768132	31	0.5892
TCGA-E1-5305-01A-01D-1892-01	5	5770374	12844045	5739	0.0523
TCGA-E1-5305-01A-01D-1892-01	5	12844720	12999832	42	0.3674
TCGA-E1-5305-01A-01D-1892-01	5	13013228	15771492	1946	0.061
TCGA-E1-5305-01A-01D-1892-01	5	15772222	15773478	10	-0.4965
TCGA-E1-5305-01A-01D-1892-01	5	15773597	21487034	3554	0.0631
TCGA-E1-5305-01A-01D-1892-01	5	21487721	21488195	3	-2.203
TCGA-E1-5305-01A-01D-1892-01	5	21488253	46227641	14987	0.0578
TCGA-E1-5305-01A-01D-1892-01	5	46231640	46235192	4	-1.3971
TCGA-E1-5305-01A-01D-1892-01	5	46245056	46287063	13	0.1733
TCGA-E1-5305-01A-01D-1892-01	5	46306765	46309259	8	1.4612
TCGA-E1-5305-01A-01D-1892-01	5	46313969	52440276	1720	0.0641
TCGA-E1-5305-01A-01D-1892-01	5	52441039	52445196	2	-1.6321
TCGA-E1-5305-01A-01D-1892-01	5	52447542	57357403	3356	0.0739
TCGA-E1-5305-01A-01D-1892-01	5	57361784	57369290	32	1.3604
TCGA-E1-5305-01A-01D-1892-01	5	57374114	61609129	2835	0.0594
TCGA-E1-5305-01A-01D-1892-01	5	61610748	61612030	3	-0.9695
TCGA-E1-5305-01A-01D-1892-01	5	61617949	65903674	2481	0.0779
TCGA-E1-5305-01A-01D-1892-01	5	65905346	65905701	3	-0.8526
TCGA-E1-5305-01A-01D-1892-01	5	65906229	69269200	1983	0.0793
TCGA-E1-5305-01A-01D-1892-01	5	69349429	70290662	10	-0.5665
TCGA-E1-5305-01A-01D-1892-01	5	70342415	81454519	6889	0.0742
TCGA-E1-5305-01A-01D-1892-01	5	81455034	81463238	3	-2.4154
TCGA-E1-5305-01A-01D-1892-01	5	81463794	103879120	12631	0.0803
TCGA-E1-5305-01A-01D-1892-01	5	103888272	103888503	4	2.2196
TCGA-E1-5305-01A-01D-1892-01	5	103888948	140198906	23211	0.0741
TCGA-E1-5305-01A-01D-1892-01	5	140204020	140212023	10	-0.8689
TCGA-E1-5305-01A-01D-1892-01	5	140221211	141165687	473	0.0869
TCGA-E1-5305-01A-01D-1892-01	5	141178953	150379625	6169	-0.6326
TCGA-E1-5305-01A-01D-1892-01	5	150381581	150384576	12	-1.3563
TCGA-E1-5305-01A-01D-1892-01	5	150384694	180722926	20222	-0.6497
TCGA-E1-5305-01A-01D-1892-01	6	94661	198861	99	0.0792
TCGA-E1-5305-01A-01D-1892-01	6	199267	327897	105	-0.2563
TCGA-E1-5305-01A-01D-1892-01	6	329109	29945051	21513	0.0652
TCGA-E1-5305-01A-01D-1892-01	6	29945166	29982621	22	-0.7491
TCGA-E1-5305-01A-01D-1892-01	6	29982688	31388802	666	0.0939
TCGA-E1-5305-01A-01D-1892-01	6	31394255	31404430	11	-1.2633
TCGA-E1-5305-01A-01D-1892-01	6	31417903	32557028	505	0.1179
TCGA-E1-5305-01A-01D-1892-01	6	32557501	32734596	68	-0.3866
TCGA-E1-5305-01A-01D-1892-01	6	32758590	32796593	38	0.1632
TCGA-E1-5305-01A-01D-1892-01	6	32796610	32796831	2	-1.6941
TCGA-E1-5305-01A-01D-1892-01	6	32797302	34045977	772	0.1016
TCGA-E1-5305-01A-01D-1892-01	6	34046721	34050683	7	-0.988
TCGA-E1-5305-01A-01D-1892-01	6	34052564	49534352	9865	0.0919
TCGA-E1-5305-01A-01D-1892-01	6	49539528	49555254	14	0.7014
TCGA-E1-5305-01A-01D-1892-01	6	49565794	64025985	6687	0.0632
TCGA-E1-5305-01A-01D-1892-01	6	64030822	64894563	422	-0.6273
TCGA-E1-5305-01A-01D-1892-01	6	64898108	71892658	4646	0.0449
TCGA-E1-5305-01A-01D-1892-01	6	71894425	74648586	1781	-0.6224
TCGA-E1-5305-01A-01D-1892-01	6	74648953	74658138	10	0.3653
TCGA-E1-5305-01A-01D-1892-01	6	74660283	77283994	1607	-0.6045
TCGA-E1-5305-01A-01D-1892-01	6	77284649	77370386	54	0.0139
TCGA-E1-5305-01A-01D-1892-01	6	77372550	77384004	13	-0.9263
TCGA-E1-5305-01A-01D-1892-01	6	77385411	79019608	1078	0.0305
TCGA-E1-5305-01A-01D-1892-01	6	79025784	79084234	104	0.6884
TCGA-E1-5305-01A-01D-1892-01	6	79084489	82822555	2481	0.0505
TCGA-E1-5305-01A-01D-1892-01	6	82824129	95309939	7892	-0.6191
TCGA-E1-5305-01A-01D-1892-01	6	95310572	95310575	2	-3.8376
TCGA-E1-5305-01A-01D-1892-01	6	95313484	161766405	42326	-0.6295
TCGA-E1-5305-01A-01D-1892-01	6	161768504	163856179	1707	0.0808
TCGA-E1-5305-01A-01D-1892-01	6	163860038	163881559	14	-0.5928
TCGA-E1-5305-01A-01D-1892-01	6	163883706	163890183	8	0.1057
TCGA-E1-5305-01A-01D-1892-01	6	163897115	164607423	652	0.5273
TCGA-E1-5305-01A-01D-1892-01	6	164609068	170892930	4328	0.0621
TCGA-E1-5305-01A-01D-1892-01	7	52911	16562282	11344	0.0841
TCGA-E1-5305-01A-01D-1892-01	7	16563176	16563383	3	-1.2032
TCGA-E1-5305-01A-01D-1892-01	7	16563965	21326323	3866	0.0839
TCGA-E1-5305-01A-01D-1892-01	7	21327478	21328016	2	-1.5427
TCGA-E1-5305-01A-01D-1892-01	7	21328835	38284095	12202	0.0637
TCGA-E1-5305-01A-01D-1892-01	7	38285864	38367482	116	0.2793
TCGA-E1-5305-01A-01D-1892-01	7	38369021	54353999	10997	0.0493
TCGA-E1-5305-01A-01D-1892-01	7	54354003	54354011	5	2.48
TCGA-E1-5305-01A-01D-1892-01	7	54360982	109224916	28781	0.0705
TCGA-E1-5305-01A-01D-1892-01	7	109224993	109241218	23	0.5282
TCGA-E1-5305-01A-01D-1892-01	7	109241465	158819765	31046	0.0727
TCGA-E1-5305-01A-01D-1892-01	8	21254	3771595	3436	0.0622
TCGA-E1-5305-01A-01D-1892-01	8	3774491	3777514	23	-0.591
TCGA-E1-5305-01A-01D-1892-01	8	3778626	12207151	7832	0.08
TCGA-E1-5305-01A-01D-1892-01	8	12225652	12286184	26	0.5137
TCGA-E1-5305-01A-01D-1892-01	8	12286347	12690760	181	0.1363
TCGA-E1-5305-01A-01D-1892-01	8	12693099	12696897	4	-1.4938
TCGA-E1-5305-01A-01D-1892-01	8	12697904	16251325	3366	0.0729
TCGA-E1-5305-01A-01D-1892-01	8	16251385	16251494	7	-0.6496
TCGA-E1-5305-01A-01D-1892-01	8	16256455	16306606	48	0.1166
TCGA-E1-5305-01A-01D-1892-01	8	16306618	16319032	27	-0.6645
TCGA-E1-5305-01A-01D-1892-01	8	16323066	25030393	6866	0.0573
TCGA-E1-5305-01A-01D-1892-01	8	25030439	25047021	26	1.0016
TCGA-E1-5305-01A-01D-1892-01	8	25047044	40891153	10148	0.0593
TCGA-E1-5305-01A-01D-1892-01	8	40897009	40897628	2	-1.8411
TCGA-E1-5305-01A-01D-1892-01	8	40902837	88870269	26617	0.0428
TCGA-E1-5305-01A-01D-1892-01	8	88872232	112363642	14315	0.495
TCGA-E1-5305-01A-01D-1892-01	8	112363822	112364436	7	2.1624
TCGA-E1-5305-01A-01D-1892-01	8	112369457	146268959	22920	0.4919
TCGA-E1-5305-01A-01D-1892-01	9	36587	1488104	1527	-0.189
TCGA-E1-5305-01A-01D-1892-01	9	1490329	1504379	49	-1.396
TCGA-E1-5305-01A-01D-1892-01	9	1504391	4625232	3190	-0.2171
TCGA-E1-5305-01A-01D-1892-01	9	4625448	4626840	3	-1.9219
TCGA-E1-5305-01A-01D-1892-01	9	4626900	10993454	5702	-0.1898
TCGA-E1-5305-01A-01D-1892-01	9	10993940	11012291	19	-0.6641
TCGA-E1-5305-01A-01D-1892-01	9	11015062	11464349	349	-0.1951
TCGA-E1-5305-01A-01D-1892-01	9	11464608	11856736	295	0.1175
TCGA-E1-5305-01A-01D-1892-01	9	11857815	17375402	4517	-0.2167
TCGA-E1-5305-01A-01D-1892-01	9	17384536	44409324	15748	0.0325
TCGA-E1-5305-01A-01D-1892-01	9	44569219	44777523	35	0.5375
TCGA-E1-5305-01A-01D-1892-01	9	44780914	119445774	35977	0.007
TCGA-E1-5305-01A-01D-1892-01	9	119447770	119481767	27	-1.0023
TCGA-E1-5305-01A-01D-1892-01	9	119482235	140211215	12327	-0.0904
TCGA-E1-5305-01A-01D-1892-01	X	108477	336482	20	0.0805
TCGA-E1-5305-01A-01D-1892-01	X	370994	534745	40	-0.2578
TCGA-E1-5305-01A-01D-1892-01	X	534931	2713633	37	-0.0074
TCGA-E1-5305-01A-01D-1892-01	X	2713955	13459184	8065	-0.64
TCGA-E1-5305-01A-01D-1892-01	X	13460954	34419126	13358	0.0954
TCGA-E1-5305-01A-01D-1892-01	X	34419369	34422566	3	-3.0703
TCGA-E1-5305-01A-01D-1892-01	X	34422644	154835548	62562	0.0718
TCGA-E1-5305-01A-01D-1892-01	Y	2710438	57427647	8582	-1.0304
