barcode	chromosome	start	stop	num.mark	seg.mean
TCGA-HT-7693-01A-11D-2252-01	1	3218610	92144727	51210	0.0126
TCGA-HT-7693-01A-11D-2252-01	1	92210961	92385545	114	-0.7306
TCGA-HT-7693-01A-11D-2252-01	1	92389697	190858325	41728	7e-04
TCGA-HT-7693-01A-11D-2252-01	1	190861485	191015089	67	-0.6749
TCGA-HT-7693-01A-11D-2252-01	1	191015572	247813706	35992	-0.0183
TCGA-HT-7693-01A-11D-2252-01	10	415240	70327722	40152	0.001
TCGA-HT-7693-01A-11D-2252-01	10	70328301	70328748	2	-1.46
TCGA-HT-7693-01A-11D-2252-01	10	70329622	112622250	25885	-0.0626
TCGA-HT-7693-01A-11D-2252-01	10	112622309	112626073	5	-1.1634
TCGA-HT-7693-01A-11D-2252-01	10	112626236	135225087	14784	-0.0801
TCGA-HT-7693-01A-11D-2252-01	11	456120	50051296	30354	-0.8461
TCGA-HT-7693-01A-11D-2252-01	11	50055330	95800498	21352	0.4932
TCGA-HT-7693-01A-11D-2252-01	11	95800526	95802723	10	-0.0791
TCGA-HT-7693-01A-11D-2252-01	11	95802787	134142530	25367	0.4983
TCGA-HT-7693-01A-11D-2252-01	12	889902	1072508	82	0.0325
TCGA-HT-7693-01A-11D-2252-01	12	1072965	1080854	9	-0.6563
TCGA-HT-7693-01A-11D-2252-01	12	1080905	133161346	73832	-0.0049
TCGA-HT-7693-01A-11D-2252-01	13	19450806	114987458	56630	-0.0065
TCGA-HT-7693-01A-11D-2252-01	14	20501368	27005796	3109	0.029
TCGA-HT-7693-01A-11D-2252-01	14	27010148	27010494	2	-1.312
TCGA-HT-7693-01A-11D-2252-01	14	27014350	105988038	46330	0.0032
TCGA-HT-7693-01A-11D-2252-01	15	23687685	101884307	44499	-0.0706
TCGA-HT-7693-01A-11D-2252-01	16	653459	89379936	40779	0.0088
TCGA-HT-7693-01A-11D-2252-01	17	987221	1280195	68	0.3796
TCGA-HT-7693-01A-11D-2252-01	17	1280279	69433404	31736	-0.0012
TCGA-HT-7693-01A-11D-2252-01	17	69434490	69434566	2	-1.4059
TCGA-HT-7693-01A-11D-2252-01	17	69434839	80917016	5164	0.0124
TCGA-HT-7693-01A-11D-2252-01	18	329586	77109240	42648	-0.0551
TCGA-HT-7693-01A-11D-2252-01	19	284018	58878226	23948	-0.0286
TCGA-HT-7693-01A-11D-2252-01	2	484222	144855468	75287	-4e-04
TCGA-HT-7693-01A-11D-2252-01	2	144856478	144857278	2	-1.6821
TCGA-HT-7693-01A-11D-2252-01	2	144860071	160962651	9188	-0.0701
TCGA-HT-7693-01A-11D-2252-01	2	160965266	160965347	2	-1.4576
TCGA-HT-7693-01A-11D-2252-01	2	160966315	174459967	8109	-0.0734
TCGA-HT-7693-01A-11D-2252-01	2	174465145	174467301	2	-1.6267
TCGA-HT-7693-01A-11D-2252-01	2	174467772	230394601	31810	-0.0757
TCGA-HT-7693-01A-11D-2252-01	2	230395971	242476062	6809	-1.0739
TCGA-HT-7693-01A-11D-2252-01	20	455764	11308262	6835	-0.7354
TCGA-HT-7693-01A-11D-2252-01	20	11309713	11975031	455	0.5576
TCGA-HT-7693-01A-11D-2252-01	20	11975843	15396339	1806	-0.7521
TCGA-HT-7693-01A-11D-2252-01	20	15397612	15398403	4	0.4463
TCGA-HT-7693-01A-11D-2252-01	20	15399984	15960100	548	-0.7605
TCGA-HT-7693-01A-11D-2252-01	20	15960144	15961689	3	-2.3583
TCGA-HT-7693-01A-11D-2252-01	20	15965919	16096330	131	-0.8123
TCGA-HT-7693-01A-11D-2252-01	20	16097070	18872884	2271	0.5206
TCGA-HT-7693-01A-11D-2252-01	20	18878452	19740658	752	-0.7418
TCGA-HT-7693-01A-11D-2252-01	20	19750805	21078537	1039	0.5283
TCGA-HT-7693-01A-11D-2252-01	20	21091497	22322804	705	-0.7365
TCGA-HT-7693-01A-11D-2252-01	20	22322953	22326938	3	-1.9457
TCGA-HT-7693-01A-11D-2252-01	20	22328058	25266120	1902	-0.8478
TCGA-HT-7693-01A-11D-2252-01	20	25270339	56768912	17340	0.5025
TCGA-HT-7693-01A-11D-2252-01	20	56769084	56769365	2	-1.432
TCGA-HT-7693-01A-11D-2252-01	20	56771169	62219837	3433	0.5296
TCGA-HT-7693-01A-11D-2252-01	21	15347621	47678774	20577	0.0139
TCGA-HT-7693-01A-11D-2252-01	22	17423930	49331012	16920	0.0095
TCGA-HT-7693-01A-11D-2252-01	3	2212571	197538677	106353	0.0114
TCGA-HT-7693-01A-11D-2252-01	4	1053934	188763651	102717	0
TCGA-HT-7693-01A-11D-2252-01	5	914233	180360469	100484	-0.0145
TCGA-HT-7693-01A-11D-2252-01	6	1014281	12957708	8565	0.0111
TCGA-HT-7693-01A-11D-2252-01	6	12957825	13427346	404	0.4993
TCGA-HT-7693-01A-11D-2252-01	6	13432650	93072095	42145	-0.0045
TCGA-HT-7693-01A-11D-2252-01	6	93072156	93072417	3	-1.625
TCGA-HT-7693-01A-11D-2252-01	6	93072687	170903919	45359	0.0043
TCGA-HT-7693-01A-11D-2252-01	7	705284	90794413	45641	0.0295
TCGA-HT-7693-01A-11D-2252-01	7	90794795	158385118	35673	0.5563
TCGA-HT-7693-01A-11D-2252-01	8	617667	145232496	81504	0.0063
TCGA-HT-7693-01A-11D-2252-01	9	789932	98289493	41803	0.0081
TCGA-HT-7693-01A-11D-2252-01	9	98289812	98306414	12	0.4227
TCGA-HT-7693-01A-11D-2252-01	9	98310321	98330345	15	0.1467
TCGA-HT-7693-01A-11D-2252-01	9	98339972	98808840	347	0.518
TCGA-HT-7693-01A-11D-2252-01	9	98815145	140938752	25848	0.015
TCGA-HT-7693-01A-11D-2252-01	X	3157107	154905589	63779	0.0022
